5.303274393081665039e-01 6.913442133812043311e-01 5.493633747100830078e-01 6.858003622578370262e-01
5.654857754707336426e-01 6.809934447097061305e-01 5.395533442497253418e-01 6.886590151915195079e-01
5.727768540382385254e-01 6.762906103062489294e-01 5.698184370994567871e-01 6.745571718413007067e-01
5.782340168952941895e-01 6.733200047668392862e-01 5.671049952507019043e-01 6.760021929102932869e-01
5.794864892959594727e-01 6.712313025448611858e-01 5.924650430679321289e-01 6.682568063593636865e-01
5.830649733543395996e-01 6.683465977072566844e-01 5.709664225578308105e-01 6.770501849771267677e-01
5.878958702087402344e-01 6.665875745770926120e-01 5.624086856842041016e-01 6.751058566572770703e-01
5.874485373497009277e-01 6.660252258376201384e-01 5.856814980506896973e-01 6.663845739069026441e-01
5.868670344352722168e-01 6.656232144457642219e-01 5.762888789176940918e-01 6.667905541930361224e-01
5.919216275215148926e-01 6.627164325447069126e-01 5.943435430526733398e-01 6.612190921827637569e-01
5.919663906097412109e-01 6.638120880257488698e-01 5.950741171836853027e-01 6.632464552094856636e-01
5.912954211235046387e-01 6.610845635478622695e-01 5.914214253425598145e-01 6.636304649324363814e-01
5.890141129493713379e-01 6.613968073265947822e-01 5.876643657684326172e-01 6.657702902915506593e-01
5.967525243759155273e-01 6.594392056114495304e-01 6.055103540420532227e-01 6.583026189242741077e-01
5.907139182090759277e-01 6.591415562043571041e-01 5.854727625846862793e-01 6.634689834465739011e-01
5.919216275215148926e-01 6.590340122337907669e-01 5.971613526344299316e-01 6.572658889752991396e-01
5.936661362648010254e-01 6.578369430276485019e-01 6.020663976669311523e-01 6.597026502680515270e-01
5.898640155792236328e-01 6.583149588413070852e-01 5.878731012344360352e-01 6.716763777788584688e-01
5.942028760910034180e-01 6.565612294972955620e-01 5.798372030258178711e-01 6.781122125879605056e-01
5.975129604339599609e-01 6.557723753971455016e-01 5.974744558334350586e-01 6.567672117969184375e-01
5.965736508369445801e-01 6.562192669429256497e-01 5.945522785186767578e-01 6.544248997306704174e-01
5.964394211769104004e-01 6.540454805035949004e-01 5.907952189445495605e-01 6.611822569726081289e-01
5.994364023208618164e-01 6.542153430445758477e-01 6.089543104171752930e-01 6.506893891204351688e-01
5.967078208923339844e-01 6.533500978442888796e-01 6.033187508583068848e-01 6.520226426473915149e-01
5.980497598648071289e-01 6.514036848455918571e-01 6.097891926765441895e-01 6.556403209585358605e-01
5.999284386634826660e-01 6.528875786197230191e-01 6.127113103866577148e-01 6.529659575620789802e-01
6.012256145477294922e-01 6.511429574498551753e-01 6.073888540267944336e-01 6.510347842523236395e-01
6.057434082031250000e-01 6.492186961990495941e-01 5.883948802947998047e-01 6.563384865475357932e-01
6.031490564346313477e-01 6.498810665235043027e-01 6.049885153770446777e-01 6.498488515360423268e-01
6.061459779739379883e-01 6.484018592698818084e-01 5.916301608085632324e-01 6.500528115764387938e-01
6.040883660316467285e-01 6.484547626099831374e-01 6.122938990592956543e-01 6.491284031654991349e-01
6.036857962608337402e-01 6.486807794237332558e-01 6.125026345252990723e-01 6.483005219077148107e-01
6.037752628326416016e-01 6.477793072903385019e-01 6.106240749359130859e-01 6.480839577803056972e-01
6.083825230598449707e-01 6.467634490978571016e-01 6.056147217750549316e-01 6.469605231031300141e-01
6.061907410621643066e-01 6.457266440479416669e-01 6.041536331176757812e-01 6.464604126638222592e-01
6.048488020896911621e-01 6.460040281637556836e-01 6.131287813186645508e-01 6.463702973954191799e-01
6.081141233444213867e-01 6.451579825377758981e-01 6.090586781501770020e-01 6.462607506893542908e-01
6.095902919769287109e-01 6.445279938203317682e-01 6.085368394851684570e-01 6.487444802928981069e-01
6.069511771202087402e-01 6.439160424879356581e-01 6.020663976669311523e-01 6.461500108204711879e-01
6.115584373474121094e-01 6.430601940788082116e-01 5.994573235511779785e-01 6.504404777600705234e-01
6.070406436920166016e-01 6.437083112466184254e-01 6.180338263511657715e-01 6.428530681260168356e-01
6.074432134628295898e-01 6.423334351143058507e-01 6.078063249588012695e-01 6.428589235016957115e-01
6.085167527198791504e-01 6.425384911319441672e-01 6.138592958450317383e-01 6.398138916335706083e-01
6.118715405464172363e-01 6.410085635356729261e-01 6.000834703445434570e-01 6.558177159763631803e-01
6.107980012893676758e-01 6.416202009652035576e-01 6.105197072029113770e-01 6.424458184512963355e-01
6.099928617477416992e-01 6.407005674597145983e-01 6.093717217445373535e-01 6.422391979113621918e-01
6.141080856323242188e-01 6.391505440225496715e-01 6.188687086105346680e-01 6.399470065212826686e-01
6.126766800880432129e-01 6.406908272886386868e-01 6.139636635780334473e-01 6.427840994310588529e-01
6.160314679145812988e-01 6.379713056914643188e-01 6.120851635932922363e-01 6.400348593884632731e-01
6.158972978591918945e-01 6.386569376963582290e-01 6.043623685836791992e-01 6.402022177853083917e-01
6.174181699752807617e-01 6.375918978440950902e-01 6.141723990440368652e-01 6.355366615655899665e-01
6.114242076873779297e-01 6.388731307176298557e-01 6.117720603942871094e-01 6.390480537350853307e-01
6.118715405464172363e-01 6.370872434359966530e-01 6.090586781501770020e-01 6.423956352468572772e-01
6.154499650001525879e-01 6.367007395324905117e-01 6.135462522506713867e-01 6.439103348049632913e-01
6.165682673454284668e-01 6.370674500548150210e-01 5.973700881004333496e-01 6.475932234962358258e-01
6.160762310028076172e-01 6.357955697888572066e-01 6.159465909004211426e-01 6.457144326045004545e-01
6.179549098014831543e-01 6.350744263305500015e-01 6.165727376937866211e-01 6.367240668811172677e-01
6.164340376853942871e-01 6.347239598175945519e-01 6.211646795272827148e-01 6.319924868787909489e-01
6.146001219749450684e-01 6.344802088356973346e-01 6.149029135704040527e-01 6.367041328659487354e-01
6.174181699752807617e-01 6.362077117627454870e-01 6.202254295349121094e-01 6.340354025127543647e-01
6.190284490585327148e-01 6.345309874392468519e-01 6.176163554191589355e-01 6.358346201337918835e-01
6.137502193450927734e-01 6.366311975808620627e-01 6.152160167694091797e-01 6.344395826913399317e-01
6.183127760887145996e-01 6.348064351879563194e-01 5.993529558181762695e-01 6.405340813067680328e-01
6.184917092323303223e-01 6.352323841101625845e-01 6.198079586029052734e-01 6.377152087941744263e-01
6.185811161994934082e-01 6.328337217490646038e-01 6.102066636085510254e-01 6.438582570785222892e-01
6.170603036880493164e-01 6.311889684441307491e-01 6.106240749359130859e-01 6.408633945680465294e-01
6.199230551719665527e-01 6.323450529249009522e-01 5.914214253425598145e-01 6.601956008471419057e-01
6.181785464286804199e-01 6.319918612457809948e-01 6.040492653846740723e-01 6.357736460875429430e-01
6.196994185447692871e-01 6.316090938571016222e-01 6.171989440917968750e-01 6.336750553485820392e-01
6.208624243736267090e-01 6.299801361562954449e-01 6.026925444602966309e-01 6.717146280736968622e-01
6.182680130004882812e-01 6.313161644788009008e-01 6.170945763587951660e-01 6.332120295980234737e-01
6.227858066558837891e-01 6.294733435528758747e-01 5.711750984191894531e-01 6.680262179345831663e-01
6.196099519729614258e-01 6.306798428451679817e-01 6.194949150085449219e-01 6.279077916821117489e-01
6.225621700286865234e-01 6.297289625031510241e-01 6.156334877014160156e-01 6.355520436321362432e-01
6.208624243736267090e-01 6.311322603781975848e-01 6.062408685684204102e-01 6.371191880992100876e-01
6.196994185447692871e-01 6.297985539280209766e-01 6.234606504440307617e-01 6.327847466417056976e-01
6.213991641998291016e-01 6.288610466436487245e-01 6.232519149780273438e-01 6.316219016993576130e-01
6.202361583709716797e-01 6.288604883500087395e-01 6.102066636085510254e-01 6.317399211602677811e-01
6.223832368850708008e-01 6.283137400411795692e-01 6.190774440765380859e-01 6.290822345860639375e-01
6.250223517417907715e-01 6.259134032790701907e-01 6.205385327339172363e-01 6.319805996897225331e-01
6.198783516883850098e-01 6.269214155316075177e-01 5.778543353080749512e-01 7.263906833474109703e-01
6.196099519729614258e-01 6.291943988383701392e-01 6.240868568420410156e-01 6.333235698561409110e-01
6.206387281417846680e-01 6.267978335604255102e-01 6.240868568420410156e-01 6.278344562720018507e-01
6.202361583709716797e-01 6.267147185679176058e-01 6.174076199531555176e-01 6.315593928614978703e-01
6.229647397994995117e-01 6.269353719767783994e-01 6.153203845024108887e-01 6.313634291493402939e-01
6.259169578552246094e-01 6.244395665009901952e-01 6.113546490669250488e-01 6.349165489991605016e-01
6.198783516883850098e-01 6.268125986622066215e-01 6.232519149780273438e-01 6.315165534693272242e-01
6.238593459129333496e-01 6.246434827144381474e-01 6.257566213607788086e-01 6.263886700963406939e-01
6.276614665985107422e-01 6.243645016548564630e-01 6.225214004516601562e-01 6.288410322423818588e-01
6.250223517417907715e-01 6.225987115045378273e-01 6.251304745674133301e-01 6.275012972483777762e-01
6.274378299713134766e-01 6.230866277574064194e-01 6.142767667770385742e-01 6.396436740177157132e-01
6.283324360847473145e-01 6.226407230849512198e-01 6.245042681694030762e-01 6.277547502686897651e-01
6.244856119155883789e-01 6.237422196718762635e-01 6.274264454841613770e-01 6.282483219378827144e-01
6.270352602005004883e-01 6.223397432616666336e-01 6.138592958450317383e-01 6.302056597210226041e-01
6.222490668296813965e-01 6.246133892048576497e-01 6.217908859252929688e-01 6.291780769887186375e-01
6.332527995109558105e-01 6.207330982380934170e-01 6.281569600105285645e-01 6.251905548550146241e-01
6.226516366004943848e-01 6.234152544630429116e-01 6.137549281120300293e-01 6.264789767813717658e-01
6.261853575706481934e-01 6.222528508021336613e-01 6.325401663780212402e-01 6.226451295299486599e-01
6.263195276260375977e-01 6.212501115077168068e-01 6.259653568267822266e-01 6.231802659277576595e-01
6.271247267723083496e-01 6.214227598326473867e-01 6.282613277435302734e-01 6.239817426762533925e-01
