5.602970123291015625e-01 6.825910970464676986e-01 5.869338512420654297e-01 6.686044177489498530e-01
5.921900272369384766e-01 6.663655521490424727e-01 5.966395139694213867e-01 6.614766648158577622e-01
5.935766696929931641e-01 6.627505522099349511e-01 6.022750735282897949e-01 6.590633298902366377e-01
6.048040986061096191e-01 6.565277813841307042e-01 6.085368394851684570e-01 6.542316272347835637e-01
6.059671044349670410e-01 6.539414654607358379e-01 6.003965735435485840e-01 6.529712940625919115e-01
6.118715405464172363e-01 6.528467778912979691e-01 6.158422231674194336e-01 6.516114038282484477e-01
6.101270318031311035e-01 6.493443209597283827e-01 6.166771054267883301e-01 6.451662015725814214e-01
6.162551641464233398e-01 6.482348503505933612e-01 6.231475472450256348e-01 6.442601158981705600e-01
6.199678182601928711e-01 6.445706312121891601e-01 6.230431795120239258e-01 6.426708949580119956e-01
6.244856119155883789e-01 6.421634242389171465e-01 6.216865181922912598e-01 6.427152560290203542e-01
6.224727034568786621e-01 6.426974087393674262e-01 6.266958713531494141e-01 6.396182041853958333e-01
6.223832368850708008e-01 6.413034746057766355e-01 6.247130036354064941e-01 6.389626410380208066e-01
6.213544607162475586e-01 6.415616525138804205e-01 6.232519149780273438e-01 6.375806180974482595e-01
6.261406540870666504e-01 6.352377384714416042e-01 6.247130036354064941e-01 6.348984470648100231e-01
6.258722543716430664e-01 6.354284505337333133e-01 6.325401663780212402e-01 6.341193952109563936e-01
6.350867748260498047e-01 6.328871474856446744e-01 6.346274018287658691e-01 6.282678008129292113e-01
6.328502297401428223e-01 6.313935623098132499e-01 6.265915036201477051e-01 6.288071166521023159e-01
6.309715509414672852e-01 6.315137767518733680e-01 6.343143582344055176e-01 6.244533100548180782e-01
6.350867748260498047e-01 6.285805690798312861e-01 6.321227550506591797e-01 6.291133684271985604e-01
6.319556236267089844e-01 6.285250535227143720e-01 6.378626823425292969e-01 6.289790763010986163e-01
6.379495263099670410e-01 6.275112519410966927e-01 6.343143582344055176e-01 6.257624639595905647e-01
6.419752836227416992e-01 6.210987367193181452e-01 6.373408436775207520e-01 6.224685809329117969e-01
6.373680233955383301e-01 6.222402858891967758e-01 6.437069773674011230e-01 6.216922467945762421e-01
6.407228708267211914e-01 6.213198390453227304e-01 6.383844614028930664e-01 6.225994558131313639e-01
6.477903127670288086e-01 6.201196434801135027e-01 6.434982419013977051e-01 6.171084341090199432e-01
6.451064348220825195e-01 6.172017182406297486e-01 6.382800936698913574e-01 6.243345522726285735e-01
6.409912109375000000e-01 6.219527543305625183e-01 6.400542855262756348e-01 6.189768536805957400e-01
6.472535133361816406e-01 6.153470397016873594e-01 6.410979032516479492e-01 6.118994257664586156e-01
6.445696949958801270e-01 6.159065914486789861e-01 6.465247273445129395e-01 6.188888590611040241e-01
6.495795249938964844e-01 6.119880009089968542e-01 6.499686837196350098e-01 6.128539040675369254e-01
6.498031616210937500e-01 6.103881968328278562e-01 6.453767418861389160e-01 6.141827084828557215e-01
6.473429799079895020e-01 6.129271020017341698e-01 6.408891677856445312e-01 6.126950752434067171e-01
6.520397067070007324e-01 6.112330679199012851e-01 6.534126400947570801e-01 6.045589878847245080e-01
6.492664217948913574e-01 6.094522616649531432e-01 6.554998755455017090e-01 6.088054821103581205e-01
6.536052823066711426e-01 6.048628112501525100e-01 6.563348174095153809e-01 6.030256017541815172e-01
6.574074029922485352e-01 6.030737844919513702e-01 6.529952287673950195e-01 6.033415541198999810e-01
6.515029668807983398e-01 6.057540416866834532e-01 6.510123014450073242e-01 6.031254376804771056e-01
6.588388085365295410e-01 5.989141490255107669e-01 6.535170078277587891e-01 6.039387839269946268e-01
6.584809422492980957e-01 6.013521691579302164e-01 6.548737287521362305e-01 6.098768506187458582e-01
6.587940454483032227e-01 5.957063853068820247e-01 6.606136560440063477e-01 5.961330489235465713e-01
6.594203114509582520e-01 5.971190677834102845e-01 6.610311269760131836e-01 5.942394056640669664e-01
6.621935963630676270e-01 5.957880220316800202e-01 6.621791124343872070e-01 6.000775156277899924e-01
6.632223725318908691e-01 5.973026742340520334e-01 6.666666865348815918e-01 5.911526718435246019e-01
6.679190993309020996e-01 5.914469031981309799e-01 6.614485383033752441e-01 5.941184620547708128e-01
6.607621908187866211e-01 5.979622252556096029e-01 6.540388464927673340e-01 6.031138031051244131e-01
6.605833172798156738e-01 5.924614461105184304e-01 6.590481996536254883e-01 5.965872789021450240e-01
6.702004075050354004e-01 5.872375390294584108e-01 6.458985805511474609e-01 6.081701965726160619e-01
6.640722751617431641e-01 5.920999387462784203e-01 6.756418347358703613e-01 5.868067386080193515e-01
6.658167839050292969e-01 5.871563578018841323e-01 6.540388464927673340e-01 5.987989172460739251e-01
6.675612926483154297e-01 5.884933890693194725e-01 6.636401414871215820e-01 5.955720997583241472e-01
6.733762621879577637e-01 5.840876749257619682e-01 6.583176851272583008e-01 5.928597233908033948e-01
6.716765165328979492e-01 5.821400206915315900e-01 6.676059365272521973e-01 5.843582552675165021e-01
6.757917404174804688e-01 5.821655974295980585e-01 6.749113202095031738e-01 5.842899434801880343e-01
6.785203218460083008e-01 5.786404771782627243e-01 6.684408187866210938e-01 5.816915209296849021e-01
6.738235950469970703e-01 5.768399395356559323e-01 6.671884655952453613e-01 5.835569090620258415e-01
6.751654744148254395e-01 5.780935586192010867e-01 6.731371283531188965e-01 5.886301837194390929e-01
6.752102375030517578e-01 5.775260621990750964e-01 6.673972010612487793e-01 5.895332084322144617e-01
6.734210252761840820e-01 5.768417973150654632e-01 6.761636137962341309e-01 5.798217403791663394e-01
6.802648305892944336e-01 5.725243601992681119e-01 6.767898201942443848e-01 5.795146052460659059e-01
6.774467825889587402e-01 5.739027629237329897e-01 6.696931719779968262e-01 5.845463028458707244e-01
6.763284802436828613e-01 5.732908519143217196e-01 6.694844365119934082e-01 5.867869281564767059e-01
6.768205165863037109e-01 5.736408673345477771e-01 6.784595847129821777e-01 5.783814447479989074e-01
6.822329759597778320e-01 5.660231246848421716e-01 6.735545992851257324e-01 5.850005616377350615e-01
6.773125529289245605e-01 5.740081093716139504e-01 6.738676428794860840e-01 5.788644693560153209e-01
6.842011213302612305e-01 5.654029133580498190e-01 6.749113202095031738e-01 5.759707598590672051e-01
6.821882128715515137e-01 5.689026478216075988e-01 6.717804074287414551e-01 5.763622937135770563e-01
6.836196184158325195e-01 5.671004407690385385e-01 6.792945265769958496e-01 5.710745750427047573e-01
6.864376664161682129e-01 5.611477088877032671e-01 6.788770556449890137e-01 5.715850646275365543e-01
6.824566125869750977e-01 5.627654603927244592e-01 6.822166442871093750e-01 5.722633771049381313e-01
6.825907826423645020e-01 5.673829098574525442e-01 6.737633347511291504e-01 5.782798947931654387e-01
6.889873147010803223e-01 5.607680099917814465e-01 6.759549379348754883e-01 5.707819948761728712e-01
6.890320181846618652e-01 5.585065413873637752e-01 6.860780715942382812e-01 5.674217711458423574e-01
6.808910369873046875e-01 5.644946565225354984e-01 6.829472184181213379e-01 5.697279773532809566e-01
6.846036911010742188e-01 5.597768040414913271e-01 6.814861297607421875e-01 5.712108519250976846e-01
6.876900792121887207e-01 5.585724630900158472e-01 6.798163056373596191e-01 5.706486962976696775e-01
6.929683089256286621e-01 5.566987070548425898e-01 6.835733652114868164e-01 5.647085568422665069e-01
6.854982972145080566e-01 5.590993300024309498e-01 6.819035410881042480e-01 5.700032879230847449e-01
6.916264295578002930e-01 5.521471722861013287e-01 6.729283928871154785e-01 5.793598079527128020e-01
6.890320181846618652e-01 5.578787129836936254e-01 6.846169829368591309e-01 5.617346751667516846e-01
6.905081272125244141e-01 5.534742687848668297e-01 6.810686588287353516e-01 5.688771105862638899e-01
6.928788423538208008e-01 5.506378446160242746e-01 6.834689974784851074e-01 5.642162288959576832e-01
6.906423568725585938e-01 5.518206888308229141e-01 6.849300861358642578e-01 5.627532852415102482e-01
6.910896301269531250e-01 5.523422873282521905e-01 6.799206733703613281e-01 5.636210995212125319e-01
6.910001635551452637e-01 5.539910174329030212e-01 6.900438070297241211e-01 5.562106677595595183e-01
6.955179572105407715e-01 5.478080970952199369e-01 6.940096020698547363e-01 5.570466939528634365e-01
6.846036911010742188e-01 5.590928052507886381e-01 6.821122765541076660e-01 5.709219058752806886e-01
6.888083815574645996e-01 5.561552673956856596e-01 6.771029233932495117e-01 5.797647783562674961e-01
6.937735080718994141e-01 5.502215737647245808e-01 6.829472184181213379e-01 5.594937154679924252e-01
6.963231563568115234e-01 5.476968568688237449e-01 6.854518651962280273e-01 5.613237562669242120e-01
6.963231563568115234e-01 5.452335575949763813e-01 6.957837343215942383e-01 5.550272198764448772e-01
7.014224529266357422e-01 5.420303096560507017e-01 6.850344538688659668e-01 5.615376503028145505e-01
6.979781985282897949e-01 5.464308996024808129e-01 6.910874843597412109e-01 5.560904859974000747e-01
6.973966956138610840e-01 5.445684773654497768e-01 6.862868070602416992e-01 5.611933295972111324e-01
6.952496170997619629e-01 5.440888092372386797e-01 6.810686588287353516e-01 5.675682293749183538e-01
6.993200778961181641e-01 5.441680906560770747e-01 6.965143084526062012e-01 5.531182432941045279e-01
6.986044049263000488e-01 5.388837345257750933e-01 6.992276906967163086e-01 5.495511269275790145e-01
6.998568773269653320e-01 5.388179161527711925e-01 6.919223666191101074e-01 5.531879490289228762e-01
6.977992653846740723e-01 5.424358611948099096e-01 6.955750584602355957e-01 5.501473367500344658e-01
6.978439688682556152e-01 5.434294771393076706e-01 6.810686588287353516e-01 5.598949960193263520e-01
6.942655444145202637e-01 5.455753611183098428e-01 6.895220279693603516e-01 5.549009658553311075e-01
