5.030864477157592773e-01 6.951413201099859718e-01 5.218117237091064453e-01 6.933013092896754825e-01
5.062175989151000977e-01 6.949324659039368690e-01 5.280734896659851074e-01 6.930175712376839270e-01
5.021023154258728027e-01 6.953385110659896506e-01 5.317261815071105957e-01 6.927865848514387359e-01
5.007156729698181152e-01 6.949919657580091448e-01 5.289083719253540039e-01 6.925862312839414781e-01
5.094829201698303223e-01 6.941635509065404719e-01 5.249425768852233887e-01 6.923973884420289160e-01
5.040705204010009766e-01 6.951802374425483100e-01 5.248382091522216797e-01 6.922517780271310039e-01
5.123456716537475586e-01 6.941911606546334879e-01 5.295345187187194824e-01 6.920988984208493733e-01
5.133297443389892578e-01 6.936733061052814397e-01 5.291171073913574219e-01 6.919482929227347423e-01
5.078725814819335938e-01 6.935311845620558691e-01 5.285952687263488770e-01 6.918218328668638284e-01
5.108695626258850098e-01 6.938539495150760628e-01 5.345439314842224121e-01 6.916990096149552292e-01
5.081409811973571777e-01 6.937154054236467360e-01 5.349614024162292480e-01 6.915835666770950851e-01
5.093934535980224609e-01 6.936339043956639694e-01 5.374661087989807129e-01 6.914615691815405585e-01
5.070227384567260742e-01 6.937854501274963726e-01 5.396577119827270508e-01 6.913435946076181837e-01
5.106011629104614258e-01 6.933977577037473417e-01 5.386140942573547363e-01 6.912260247879251640e-01
5.148506164550781250e-01 6.928087578815474989e-01 5.402838587760925293e-01 6.911078605391093310e-01
5.145822167396545410e-01 6.934183548891302840e-01 5.411187410354614258e-01 6.909986531602592130e-01
5.118536353111267090e-01 6.930515398960417350e-01 5.418493151664733887e-01 6.908952340132208381e-01
5.161477923393249512e-01 6.927189416803472000e-01 5.509288311004638672e-01 6.907861227656774128e-01
5.148506164550781250e-01 6.926669791956711064e-01 5.521811842918395996e-01 6.906874643017071325e-01
5.161030888557434082e-01 6.925042812524360158e-01 5.527029633522033691e-01 6.905814917593653401e-01
5.135533809661865234e-01 6.925464906724925207e-01 5.524942874908447266e-01 6.904727558680602284e-01
5.178475379943847656e-01 6.931632124454097932e-01 5.539553165435791016e-01 6.903674995145278048e-01
5.224547982215881348e-01 6.926936923145800007e-01 5.539553165435791016e-01 6.902709188527986761e-01
5.207103490829467773e-01 6.918499789482835949e-01 5.551033020019531250e-01 6.901588557632898357e-01
5.146716833114624023e-01 6.923834347494558505e-01 5.569818615913391113e-01 6.900532660293220433e-01
5.231705307960510254e-01 6.916889413287418131e-01 5.582342147827148438e-01 6.899365403288417742e-01
5.203971862792968750e-01 6.919173052046887484e-01 5.570862293243408203e-01 6.898241744014570465e-01
5.237520337104797363e-01 6.920724688072839026e-01 5.625130534172058105e-01 6.897214622369167714e-01
5.272857546806335449e-01 6.911900410884223023e-01 5.626174211502075195e-01 6.896061605910522863e-01
5.246466398239135742e-01 6.912388200195941357e-01 5.643915534019470215e-01 6.894933774187131936e-01
5.243782401084899902e-01 6.911307200482843527e-01 5.634523034095764160e-01 6.893739574166036777e-01
5.273752212524414062e-01 6.911953622826866317e-01 5.648090243339538574e-01 6.892593125415181765e-01
5.298801064491271973e-01 6.909179062978977326e-01 5.650177597999572754e-01 6.891517955284978125e-01
5.335480570793151855e-01 6.905505564520366679e-01 5.640785098075866699e-01 6.890150598981041874e-01
5.332796573638916016e-01 6.905559271088779205e-01 5.640785098075866699e-01 6.888940513594318249e-01
5.342190265655517578e-01 6.903960525211013666e-01 5.637654066085815430e-01 6.887613233109650679e-01
5.294328331947326660e-01 6.904143242934965841e-01 5.636610388755798340e-01 6.886357480189267966e-01
5.308641791343688965e-01 6.901915657283539396e-01 5.632435679435729980e-01 6.885001097061866915e-01
5.238415002822875977e-01 6.913267155626972027e-01 5.637654066085815430e-01 6.883648352791187364e-01
5.392735600471496582e-01 6.892977015215802084e-01 5.638697743415832520e-01 6.882310739839482272e-01
5.306852459907531738e-01 6.904978055735567777e-01 5.640785098075866699e-01 6.880987781593531638e-01
5.336375236511230469e-01 6.898354241472169912e-01 5.646002888679504395e-01 6.879671030143088561e-01
5.374395847320556641e-01 6.894267719724903598e-01 5.640785098075866699e-01 6.878212272834738350e-01
5.361424088478088379e-01 6.894480870691047647e-01 5.642871856689453125e-01 6.876848086985335451e-01
5.369028449058532715e-01 6.889506201343942315e-01 5.628261566162109375e-01 6.875288062741576889e-01
5.374395847320556641e-01 6.892510630892905166e-01 5.612607002258300781e-01 6.873764360132657014e-01
5.401234626770019531e-01 6.888620557267159938e-01 5.611563324928283691e-01 6.872143396577813368e-01
5.386473536491394043e-01 6.895216703628209709e-01 5.610519647598266602e-01 6.870539480125548160e-01
5.412417054176330566e-01 6.885450465305053003e-01 5.604258179664611816e-01 6.868810476278417454e-01
5.372159481048583984e-01 6.892741019535115754e-01 5.593822002410888672e-01 6.867195485629011831e-01
5.399892926216125488e-01 6.886984705178463839e-01 5.596952438354492188e-01 6.865388100989748832e-01
5.424941778182983398e-01 6.883543284213655689e-01 5.585472583770751953e-01 6.863599880158192112e-01
5.431204438209533691e-01 6.884392063633489878e-01 5.580254793167114258e-01 6.861883227572862509e-01
5.432098507881164551e-01 6.881880147829532168e-01 5.586516261100769043e-01 6.860183418804806088e-01
5.474145412445068359e-01 6.874006345033603083e-01 5.600083470344543457e-01 6.858269991518385345e-01
5.496510863304138184e-01 6.869473270385374475e-01 5.601127147674560547e-01 6.856312575481600113e-01
5.434335470199584961e-01 6.872934999481299378e-01 5.603214502334594727e-01 6.854566397882906337e-01
5.486223101615905762e-01 6.874808829166442203e-01 5.608432292938232422e-01 6.852668344638611631e-01
5.493379831314086914e-01 6.864829186378768044e-01 5.604258179664611816e-01 6.850818734506405328e-01
5.467883348464965820e-01 6.874561466051355429e-01 5.605301856994628906e-01 6.848997517384509681e-01
5.504562258720397949e-01 6.869916103461664036e-01 5.599039793014526367e-01 6.847124556563537467e-01
5.510377287864685059e-01 6.869345625796158261e-01 5.600083470344543457e-01 6.845310848432551998e-01
5.440597534179687500e-01 6.870723717710501832e-01 5.611563324928283691e-01 6.843493030056827520e-01
5.541241765022277832e-01 6.859827918472263253e-01 5.610519647598266602e-01 6.841589352627234222e-01
5.511271953582763672e-01 6.863128069390292962e-01 5.612607002258300781e-01 6.839596755916155235e-01
5.437466502189636230e-01 6.864280181635810107e-01 5.612607002258300781e-01 6.837747675644483270e-01
5.588209033012390137e-01 6.845564956335714601e-01 5.604258179664611816e-01 6.835762491382454398e-01
5.542136430740356445e-01 6.854506723568081217e-01 5.613650679588317871e-01 6.833656905240341750e-01
5.531848073005676270e-01 6.850073372428288065e-01 5.625130534172058105e-01 6.831791084162553984e-01
5.536768436431884766e-01 6.848296346807761781e-01 5.612607002258300781e-01 6.829839709829721439e-01
5.521112680435180664e-01 6.855080555687865784e-01 5.625130534172058105e-01 6.827834462154088735e-01
5.530953407287597656e-01 6.856078862034798993e-01 5.626174211502075195e-01 6.825983040244711919e-01
5.531848073005676270e-01 6.849676770757830990e-01 5.624086856842041016e-01 6.824150605730213703e-01
5.557344555854797363e-01 6.848244959477512994e-01 5.631392002105712891e-01 6.822200778555307377e-01
5.595365762710571289e-01 6.840085128719167740e-01 5.625130534172058105e-01 6.820300636473639599e-01
5.577026009559631348e-01 6.837987702804465551e-01 5.628261566162109375e-01 6.818280052576402017e-01
5.587761402130126953e-01 6.832893525451384509e-01 5.637654066085815430e-01 6.816107410400253919e-01
5.590893030166625977e-01 6.831708717887954307e-01 5.640785098075866699e-01 6.814112901264629540e-01
5.609232187271118164e-01 6.836852768619705589e-01 5.642871856689453125e-01 6.812198823689170624e-01
5.584183335304260254e-01 6.831760671297026910e-01 5.639741420745849609e-01 6.809983395305960752e-01
5.615494847297668457e-01 6.826389395373732016e-01 5.635566711425781250e-01 6.807835864090168165e-01
5.609679818153381348e-01 6.829674761588382381e-01 5.635566711425781250e-01 6.805852418701276996e-01
5.604759454727172852e-01 6.820466635606438066e-01 5.636610388755798340e-01 6.804087336066868552e-01
5.660672783851623535e-01 6.821270470521940688e-01 5.632435679435729980e-01 6.802426937775482019e-01
5.583288669586181641e-01 6.822949325938113541e-01 5.634523034095764160e-01 6.800084964663219989e-01
5.628466606140136719e-01 6.816233882090980689e-01 5.640785098075866699e-01 6.798341974563176793e-01
5.619520545005798340e-01 6.822935635106340824e-01 5.654351711273193359e-01 6.796745934483403584e-01
5.634728670120239258e-01 6.822527555089279439e-01 5.646002888679504395e-01 6.794591060487942258e-01
5.621309876441955566e-01 6.815835525661487759e-01 5.639741420745849609e-01 6.792816733348546743e-01
5.605206489562988281e-01 6.816185810182447957e-01 5.674180984497070312e-01 6.791593080844890995e-01
5.614152550697326660e-01 6.808451133201791627e-01 5.664787888526916504e-01 6.789481945785295069e-01
5.644122362136840820e-01 6.810520920008661383e-01 5.652264952659606934e-01 6.787425028807533289e-01
5.631150603294372559e-01 6.803510623640270927e-01 5.647046566009521484e-01 6.785535585454798291e-01
5.684827566146850586e-01 6.801632489175227780e-01 5.656439065933227539e-01 6.783652558403358013e-01
5.663356781005859375e-01 6.807771331190231034e-01 5.658526420593261719e-01 6.782082268500522204e-01
5.613258481025695801e-01 6.806210834132385701e-01 5.658526420593261719e-01 6.780929970756200964e-01
5.655752420425415039e-01 6.801469237609463203e-01 5.678355097770690918e-01 6.778896109243196522e-01
5.658883452415466309e-01 6.798101718512347125e-01 5.677311420440673828e-01 6.777263589777197117e-01
5.691089630126953125e-01 6.794309444494890382e-01 5.698184370994567871e-01 6.775387607171177162e-01
5.681695938110351562e-01 6.801610038412302384e-01 5.687747597694396973e-01 6.773745145884318974e-01
