5.123009681701660156e-01 7.729269798507116818e-01 5.134627223014831543e-01 6.938847179727348768e-01
5.431651473045349121e-01 6.886836076000334428e-01 5.742016434669494629e-01 6.764893606569493123e-01
5.642333030700683594e-01 6.795023964052444576e-01 5.549989342689514160e-01 6.816524664560953406e-01
5.612363815307617188e-01 6.794141473934803832e-01 5.694009661674499512e-01 6.908790192358231774e-01
5.622204542160034180e-01 6.787143550249306045e-01 5.764976143836975098e-01 6.759097623541419075e-01
5.700483322143554688e-01 6.752737761290347196e-01 5.782717466354370117e-01 6.719510319013481947e-01
5.670066475868225098e-01 6.759603755016364568e-01 5.625130534172058105e-01 6.766428717788588454e-01
5.678117871284484863e-01 6.739769482531559053e-01 5.755583643913269043e-01 6.710993523787814885e-01
5.727321505546569824e-01 6.733059560939054222e-01 5.730536580085754395e-01 6.733873946087963747e-01
5.692431330680847168e-01 6.747866831966494727e-01 5.629305243492126465e-01 6.767950055246386709e-01
5.646358728408813477e-01 6.793530214065344186e-01 5.505113601684570312e-01 6.975142596485072177e-01
5.585078001022338867e-01 6.819914028563084374e-01 5.015654563903808594e-01 6.953984291960068065e-01
5.592681765556335449e-01 6.801212659503249602e-01 5.778543353080749512e-01 6.916122088425344927e-01
5.701377987861633301e-01 6.747359586308053769e-01 5.712794661521911621e-01 6.728134088963114712e-01
5.716139078140258789e-01 6.750650429132692976e-01 5.754539966583251953e-01 6.776507762323912276e-01
5.767132043838500977e-01 6.713223291607998133e-01 5.846378803253173828e-01 6.698055751536191593e-01
5.773394107818603516e-01 6.707102934924705773e-01 5.791066288948059082e-01 6.732851912298025709e-01
5.474145412445068359e-01 6.847352219365921977e-01 5.661657452583312988e-01 6.865536333051063256e-01
5.385131239891052246e-01 6.891178016821287722e-01 5.602170825004577637e-01 6.785963416547422522e-01
5.198156833648681641e-01 6.911573300295086320e-01 5.009392499923706055e-01 6.978107660828440917e-01
4.892199039459228516e-01 6.954028860659692279e-01 4.984345734119415283e-01 6.949855574385106483e-01
5.015655755996704102e-01 6.944287238127004880e-01 5.180546641349792480e-01 6.929838799081697864e-01
5.000894665718078613e-01 6.954452000101130071e-01 5.015654563903808594e-01 6.969345458438167551e-01
5.048308968544006348e-01 6.950157297000963963e-01 5.015654563903808594e-01 6.929056479223733023e-01
5.071122050285339355e-01 6.950423459201320320e-01 5.009392499923706055e-01 6.960436949598542977e-01
5.037126541137695312e-01 6.954976594667781065e-01 4.984345734119415283e-01 6.940605688931125172e-01
5.017445087432861328e-01 6.950114834903711181e-01 5.015654563903808594e-01 6.933054001762781748e-01
4.967793822288513184e-01 6.962877138502633345e-01 4.990607500076293945e-01 6.935151931737415509e-01
4.997316300868988037e-01 6.945611208405343406e-01 4.987476468086242676e-01 6.964092484174404518e-01
4.996421635150909424e-01 6.957271929012468492e-01 4.984345734119415283e-01 6.934585624909604951e-01
5.022812485694885254e-01 6.945861616593649313e-01 4.990607500076293945e-01 6.955415615705029531e-01
4.976739883422851562e-01 6.955603620600329107e-01 5.064704418182373047e-01 6.931554650220311808e-01
5.020129084587097168e-01 6.948577092550888290e-01 5.009392499923706055e-01 6.935831366215337024e-01
5.045625567436218262e-01 6.948633928336489518e-01 4.985389411449432373e-01 6.937682994520258939e-01
5.035784840583801270e-01 6.962381659455878502e-01 4.984345734119415283e-01 6.958847881806615732e-01
5.001341700553894043e-01 6.958772380869467922e-01 5.012523531913757324e-01 6.938614420790285564e-01
4.984791576862335205e-01 6.949194396708855415e-01 4.993738234043121338e-01 6.934215446350545653e-01
5.080962777137756348e-01 6.999672332951539788e-01 5.014610886573791504e-01 7.006200751539710669e-01
4.965557456016540527e-01 6.968918225167581859e-01 5.013567209243774414e-01 6.950668689105337084e-01
4.990159273147583008e-01 6.977123816808065149e-01 4.985389411449432373e-01 7.001853673947278089e-01
4.988369941711425781e-01 6.952480499529842817e-01 5.010436177253723145e-01 6.931462219104317368e-01
4.981213212013244629e-01 6.959702858751671828e-01 5.012523531913757324e-01 6.957767741636851078e-01
4.935587644577026367e-01 6.953050014925336031e-01 5.014610886573791504e-01 6.930515469800104800e-01
5.011182427406311035e-01 6.956451995083974271e-01 5.012523531913757324e-01 6.940135858522230583e-01
5.062623023986816406e-01 6.954050514027863006e-01 5.012523531913757324e-01 6.939635010309046503e-01
5.038915872573852539e-01 6.953044519865527739e-01 4.990607500076293945e-01 6.936042877732525591e-01
4.969135820865631104e-01 6.957925679667048557e-01 5.012523531913757324e-01 6.939056020170182304e-01
4.936482310295104980e-01 6.982755293294128363e-01 4.987476468086242676e-01 7.188879742524838523e-01
4.995974302291870117e-01 6.984354683529138130e-01 5.012523531913757324e-01 6.978335848085518434e-01
4.915906190872192383e-01 1.560148427771805402e+00 5.000000000000000000e-01 7.549010095952622956e-01
4.961084127426147461e-01 7.123803293946007198e-01 4.990607500076293945e-01 6.995344796725141423e-01
4.942297339439392090e-01 6.965280616724932594e-01 5.009392499923706055e-01 6.932298451991748545e-01
5.045177936553955078e-01 6.944285144659162468e-01 5.000000000000000000e-01 6.934339123562466289e-01
4.964662790298461914e-01 6.949576580432729189e-01 5.009392499923706055e-01 6.934694630993704090e-01
4.963320791721343994e-01 6.942919014306033754e-01 5.009392499923706055e-01 6.932596417613976492e-01
4.993737637996673584e-01 6.940216935049935421e-01 5.009392499923706055e-01 6.932269440043622444e-01
5.071122050285339355e-01 6.941647474679181196e-01 5.009392499923706055e-01 6.931490177427446220e-01
4.944086670875549316e-01 6.942732320486230124e-01 4.990607500076293945e-01 6.931935186128331816e-01
4.983896911144256592e-01 6.944161646480018213e-01 5.000000000000000000e-01 6.931735543288062296e-01
5.030864477157592773e-01 6.941754133079789391e-01 5.009392499923706055e-01 6.931495115120508421e-01
5.029075145721435547e-01 6.945962640547671541e-01 5.009392499923706055e-01 6.934827334744974037e-01
4.989711940288543701e-01 6.943481049419920614e-01 5.009392499923706055e-01 6.932027658797136338e-01
4.950796067714691162e-01 6.940610905435008471e-01 4.990607500076293945e-01 6.931550015713471291e-01
5.010288357734680176e-01 6.940355476763150344e-01 5.000000000000000000e-01 6.931412302360383526e-01
4.940060973167419434e-01 6.944530695212891569e-01 5.009392499923706055e-01 6.931482229395018457e-01
4.974503517150878906e-01 6.943410034362266225e-01 4.990607500076293945e-01 6.939107713483365636e-01
4.926641583442687988e-01 6.951038004098285539e-01 5.000000000000000000e-01 6.934232231570892635e-01
4.987922608852386475e-01 6.942005154058019656e-01 4.990607500076293945e-01 6.935955267986607664e-01
5.018339753150939941e-01 6.944053974512502947e-01 4.989563822746276855e-01 6.932212686493909315e-01
4.983896911144256592e-01 6.944407236919482029e-01 5.000000000000000000e-01 6.931818224049589583e-01
4.989264607429504395e-01 6.953709032309889349e-01 5.000000000000000000e-01 6.932781482633632031e-01
4.991053938865661621e-01 6.949529483805062524e-01 5.009392499923706055e-01 6.941275997093191430e-01
4.962426126003265381e-01 6.947192968932305313e-01 5.000000000000000000e-01 6.935704643456130913e-01
5.022365450859069824e-01 6.948887170971473903e-01 5.009392499923706055e-01 6.931540666331181821e-01
5.006262063980102539e-01 6.943333198440204690e-01 5.009392499923706055e-01 6.931487776570767201e-01
4.987922608852386475e-01 6.949283819459678435e-01 5.009392499923706055e-01 6.942885176942881209e-01
5.049203634262084961e-01 6.949399376644987969e-01 5.009392499923706055e-01 6.931460403843678897e-01
5.005815029144287109e-01 6.952452545068754652e-01 5.009392499923706055e-01 6.932100581739620848e-01
4.983002245426177979e-01 6.945747543392294387e-01 5.009392499923706055e-01 6.933920247349254495e-01
4.970477819442749023e-01 6.946751678282170328e-01 4.990607500076293945e-01 6.940065101799898217e-01
5.031311511993408203e-01 6.960600900679885239e-01 4.990607500076293945e-01 6.940509221220881875e-01
5.031758546829223633e-01 6.949388219090603114e-01 5.009392499923706055e-01 6.931805486371536151e-01
5.034890174865722656e-01 6.972951348127800486e-01 5.009392499923706055e-01 6.935320428507085744e-01
5.000000000000000000e-01 6.960511302175877990e-01 5.009392499923706055e-01 6.933677272890187426e-01
5.008946061134338379e-01 6.954644141949700709e-01 4.990607500076293945e-01 6.939395832582496704e-01
5.002683997154235840e-01 6.957436934590744970e-01 5.009392499923706055e-01 6.932640780961679683e-01
4.990606606006622314e-01 6.960329609536638484e-01 5.009392499923706055e-01 6.958401737619207550e-01
5.010288357734680176e-01 6.954153878869258065e-01 5.009392499923706055e-01 6.937955125118192568e-01
5.000447034835815430e-01 6.954272002712262868e-01 4.990607500076293945e-01 6.933740870212617979e-01
4.963320791721343994e-01 6.949131505756818150e-01 5.009392499923706055e-01 6.936090041789398919e-01
5.002683997154235840e-01 6.957878864479098979e-01 4.990607500076293945e-01 6.998478053656681519e-01
4.910091161727905273e-01 6.972792846483799600e-01 4.990607500076293945e-01 6.931481105354180272e-01
4.982554912567138672e-01 6.954365891598912608e-01 4.990607500076293945e-01 7.018239376217008108e-01
4.987922608852386475e-01 6.956317903296340699e-01 4.990607500076293945e-01 6.931491114729457781e-01
4.984344244003295898e-01 6.951399797253413615e-01 5.009392499923706055e-01 6.934633711214926999e-01
4.998658001422882080e-01 6.953991486233191965e-01 5.009392499923706055e-01 6.934137718335643408e-01
5.025944113731384277e-01 6.969217778553282727e-01 4.990607500076293945e-01 6.943472730941748772e-01
4.996421635150909424e-01 6.958535417693099134e-01 4.990607500076293945e-01 6.993149606675450602e-01
5.050098299980163574e-01 6.960770864780184697e-01 4.990607500076293945e-01 6.949446522923308223e-01
5.018786787986755371e-01 6.963649097570773217e-01 4.990607500076293945e-01 6.955765730477255770e-01
