5.094829201698303223e-01 7.252889785000453671e-01 5.255687832832336426e-01 6.890195997541121997e-01
5.172660350799560547e-01 7.179353591537919188e-01 5.579211115837097168e-01 6.847151582436630246e-01
5.207103490829467773e-01 7.101647729608321358e-01 5.688791275024414062e-01 6.816151414577410472e-01
5.275540947914123535e-01 7.063013726002543846e-01 5.764976143836975098e-01 6.789792514598784745e-01
5.328323245048522949e-01 7.043132158314570068e-01 5.800459384918212891e-01 6.774299987744398788e-01
5.419574379920959473e-01 6.975029534507808382e-01 5.815069675445556641e-01 6.757559236368438915e-01
5.441492199897766113e-01 6.972833320266510482e-01 5.822375416755676270e-01 6.746534467664100365e-01
5.471909046173095703e-01 6.933249793766776969e-01 5.827593207359313965e-01 6.735250099395516665e-01
5.492038130760192871e-01 6.907084668166821873e-01 5.781673789024353027e-01 6.727281337962770502e-01
5.573894977569580078e-01 6.883333967290425903e-01 5.791066288948059082e-01 6.718466244319166725e-01
5.495616197586059570e-01 6.897624170850568115e-01 5.818200707435607910e-01 6.710746706813492946e-01
5.550635457038879395e-01 6.885600213416681603e-01 5.801503062248229980e-01 6.705089659711758188e-01
5.627571940422058105e-01 6.845980889256727542e-01 5.820288062095642090e-01 6.700004906525967030e-01
5.588656067848205566e-01 6.867262198601240542e-01 5.835942625999450684e-01 6.695824474985826447e-01
5.584183335304260254e-01 6.865296131874756291e-01 5.818200707435607910e-01 6.693779711956222567e-01
5.619967579841613770e-01 6.828515720742827089e-01 5.815069675445556641e-01 6.690864493816537362e-01
5.611469149589538574e-01 6.832376244904679874e-01 5.830724239349365234e-01 6.686000284658943915e-01
5.622651576995849609e-01 6.821501926160877805e-01 5.832811594009399414e-01 6.681454139993923125e-01
5.666040182113647461e-01 6.807180534089095625e-01 5.819244384765625000e-01 6.682329341952722990e-01
5.667829513549804688e-01 6.818528078412472437e-01 5.838029384613037109e-01 6.677821305444558986e-01
5.642780661582946777e-01 6.798558221197785745e-01 5.845335125923156738e-01 6.674496690481994676e-01
5.693325996398925781e-01 6.794410261021762709e-01 5.816113352775573730e-01 6.674048347727935537e-01
5.661119818687438965e-01 6.801112319045682364e-01 5.827593207359313965e-01 6.670291486748870513e-01
5.714796781539916992e-01 6.784246077497437799e-01 5.818200707435607910e-01 6.667179916278724860e-01
5.669171810150146484e-01 6.791947389527752676e-01 5.835942625999450684e-01 6.663309206695851028e-01
5.687958598136901855e-01 6.779559053191347440e-01 5.842204093933105469e-01 6.660690298908514828e-01
5.704509019851684570e-01 6.763816078183987335e-01 5.849509239196777344e-01 6.658112856969035098e-01
5.611916184425354004e-01 6.792696683367157595e-01 5.819244384765625000e-01 6.658987051956440917e-01
5.675433874130249023e-01 6.788171359349031153e-01 5.844291448593139648e-01 6.656084175499016320e-01
5.754159688949584961e-01 6.761678293451338639e-01 5.849509239196777344e-01 6.653362144460460703e-01
5.705403685569763184e-01 6.751010426469939985e-01 5.823419094085693359e-01 6.654044301020678454e-01
5.761317014694213867e-01 6.755840442841414273e-01 5.830724239349365234e-01 6.650230340757591341e-01
5.760869383811950684e-01 6.750094851135333140e-01 5.831767916679382324e-01 6.649225461684544758e-01
5.784129500389099121e-01 6.746756936211687483e-01 5.848466157913208008e-01 6.647240865133521304e-01
5.726426839828491211e-01 6.743831499613852642e-01 5.834898948669433594e-01 6.645590020131776354e-01
5.755949020385742188e-01 6.735715206374548458e-01 5.843247771263122559e-01 6.643831779030712203e-01
5.717480778694152832e-01 6.743621281848907190e-01 5.862032771110534668e-01 6.643878822534673434e-01
5.799785256385803223e-01 6.735070012383180815e-01 5.846378803253173828e-01 6.642700893797821582e-01
5.798443555831909180e-01 6.721267895998009889e-01 5.848466157913208008e-01 6.638806382416931884e-01
5.736267566680908203e-01 6.745651960586217522e-01 5.825506448745727539e-01 6.643232673101797658e-01
5.760869383811950684e-01 6.721569541465149955e-01 5.859946012496948242e-01 6.637011831748761415e-01
5.786813497543334961e-01 6.731599060404298562e-01 5.846378803253173828e-01 6.636384926865429579e-01
5.776078104972839355e-01 6.725724588611040611e-01 5.848466157913208008e-01 6.634916153836911690e-01
5.812309980392456055e-01 6.714152986812642609e-01 5.870382189750671387e-01 6.632566946305752387e-01
5.806047320365905762e-01 6.711928722448480267e-01 5.865163803100585938e-01 6.631128320214246807e-01
5.804258584976196289e-01 6.710716072082689720e-01 5.873512625694274902e-01 6.630256084056170840e-01
5.813204646110534668e-01 6.699345463993170435e-01 5.844291448593139648e-01 6.633243694033709170e-01
5.837358832359313965e-01 6.703357973707065876e-01 5.873512625694274902e-01 6.627868175058717615e-01
5.824387073516845703e-01 6.690891002964559631e-01 5.867251157760620117e-01 6.625910205647981277e-01
5.852120518684387207e-01 6.694411740765457974e-01 5.866207480430603027e-01 6.624248382493315157e-01
5.840490460395812988e-01 6.684028340123978618e-01 5.872468948364257812e-01 6.625060676732159592e-01
5.805600285530090332e-01 6.688458919525146484e-01 5.848466157913208008e-01 6.623628807077823755e-01
5.839148163795471191e-01 6.688326742786012691e-01 5.868294835090637207e-01 6.621839143219184765e-01
5.831096768379211426e-01 6.682944585202439391e-01 5.870382189750671387e-01 6.619954940870146354e-01
5.875380039215087891e-01 6.672965056419714047e-01 5.871425867080688477e-01 6.617716241917961373e-01
5.845410823822021484e-01 6.686128297503081130e-01 5.879774689674377441e-01 6.617539725082698387e-01
5.882089734077453613e-01 6.660572485050120228e-01 5.848466157913208008e-01 6.618844135846158050e-01
5.869565010070800781e-01 6.683198827753598081e-01 5.880818367004394531e-01 6.612502518513336813e-01
5.858382582664489746e-01 6.672102666259516202e-01 5.883948802947998047e-01 6.613554318049237324e-01
5.831544399261474609e-01 6.684205187392973091e-01 5.880818367004394531e-01 6.612412300644326946e-01
5.874933004379272461e-01 6.659072036072571921e-01 5.907952189445495605e-01 6.606959803595570113e-01
5.885220766067504883e-01 6.669483550078200151e-01 5.887079834938049316e-01 6.608172282872033509e-01
5.911611914634704590e-01 6.641968552681046800e-01 5.869338512420654297e-01 6.608870406783814433e-01
5.930398702621459961e-01 6.658834680117697857e-01 5.891254544258117676e-01 6.604928941473884318e-01
5.871354341506958008e-01 6.653703832630608606e-01 5.915257930755615234e-01 6.601619968656159410e-01
5.876274704933166504e-01 6.658951355276689910e-01 5.910039544105529785e-01 6.601083933797019521e-01
5.890588760375976562e-01 6.649399412448301350e-01 5.951784849166870117e-01 6.597629860556715187e-01
5.899534821510314941e-01 6.652682159002020201e-01 5.938217639923095703e-01 6.596276947835422177e-01
5.880748033523559570e-01 6.645692382564397649e-01 5.906908512115478516e-01 6.597094552125295497e-01
5.931740999221801758e-01 6.642437221901983380e-01 5.953871607780456543e-01 6.592289236860369162e-01
5.907139182090759277e-01 6.637965289738890773e-01 5.900647044181823730e-01 6.592692797503971747e-01
5.888352394104003906e-01 6.651997871764936399e-01 5.922563076019287109e-01 6.592159397640399154e-01
5.933530330657958984e-01 6.631916528376041731e-01 5.911083221435546875e-01 6.589465186332665869e-01
5.916979908943176270e-01 6.636157007139769082e-01 5.947610139846801758e-01 6.586540285268523975e-01
5.919663906097412109e-01 6.633071907092599195e-01 5.961177349090576172e-01 6.585367290990085110e-01
5.921452641487121582e-01 6.629329720066450271e-01 5.955958962440490723e-01 6.584938514135596499e-01
5.925478339195251465e-01 6.638023788674314307e-01 5.987268090248107910e-01 6.583383099392345894e-01
5.930398702621459961e-01 6.626255524928464924e-01 5.968482494354248047e-01 6.584433004294275582e-01
5.920110940933227539e-01 6.626960868527455029e-01 5.992485880851745605e-01 6.579374129551732731e-01
5.966183543205261230e-01 6.629107535514620064e-01 5.974744558334350586e-01 6.582219198087988499e-01
5.989443659782409668e-01 6.599512633238181492e-01 5.992485880851745605e-01 6.579773852283236080e-01
5.958579182624816895e-01 6.609630117605785893e-01 6.007096767425537109e-01 6.577041098255873575e-01
5.912954211235046387e-01 6.614306183359579538e-01 5.957002639770507812e-01 6.578255138002091496e-01
5.965288877487182617e-01 6.614583868591361604e-01 6.036317944526672363e-01 6.573544307109384643e-01
5.957684516906738281e-01 6.610192145254428775e-01 6.032143831253051758e-01 6.572488105712617212e-01
5.924584269523620605e-01 6.631124241020623922e-01 6.055103540420532227e-01 6.570080436612191210e-01
5.938003063201904297e-01 6.613281673471325117e-01 6.038405299186706543e-01 6.570326077791276420e-01
5.931740999221801758e-01 6.622370153980149388e-01 6.037361621856689453e-01 6.569038613234201573e-01
6.000179052352905273e-01 6.608652947605520023e-01 6.061365008354187012e-01 6.566079786539923413e-01
5.970656871795654297e-01 6.618112123573502981e-01 6.045710444450378418e-01 6.565680688469077708e-01
5.928609967231750488e-01 6.612415195129962564e-01 6.073888540267944336e-01 6.563758871869338485e-01
5.942923426628112793e-01 6.613307448081028328e-01 6.041536331176757812e-01 6.564661786069055927e-01
6.007335782051086426e-01 6.607248454534169202e-01 6.049885153770446777e-01 6.565266360049206718e-01
5.937108397483825684e-01 6.604285647455748753e-01 6.043623685836791992e-01 6.562847991597798858e-01
5.973340272903442383e-01 6.595294334995530638e-01 6.071801185607910156e-01 6.559738526138276793e-01
5.976918935775756836e-01 6.585811005122419459e-01 6.087455749511718750e-01 6.558971183082550338e-01
5.970209240913391113e-01 6.600720596816846975e-01 6.093717217445373535e-01 6.557593786674161818e-01
6.009572148323059082e-01 6.578126313605746622e-01 5.999791026115417480e-01 6.561878878795087688e-01
5.951422452926635742e-01 6.594560864061719263e-01 6.090586781501770020e-01 6.553480187728394357e-01
6.002415418624877930e-01 6.588020787552187896e-01 6.091629862785339355e-01 6.552797334474353974e-01
