5.001789331436157227e-01 7.701771401680738149e-01 5.015654563903808594e-01 6.949691899358740876e-01
5.012077093124389648e-01 6.999440899175103370e-01 5.009392499923706055e-01 6.968472916605675804e-01
4.982107579708099365e-01 6.956816641028952253e-01 4.993738234043121338e-01 6.939230033137608888e-01
5.022365450859069824e-01 6.948535631222979569e-01 4.990607500076293945e-01 6.933164013574178997e-01
4.999105334281921387e-01 6.944766479840451812e-01 5.016698241233825684e-01 6.957647623659498626e-01
5.012524724006652832e-01 6.963434203683338541e-01 4.984345734119415283e-01 6.937019025401117700e-01
4.948112368583679199e-01 6.942548269576261921e-01 5.009392499923706055e-01 6.933955116501882010e-01
5.021023154258728027e-01 6.947288243474976088e-01 5.009392499923706055e-01 6.977240216430954378e-01
4.932903945446014404e-01 6.951061440060190000e-01 5.009392499923706055e-01 6.978477308282869940e-01
5.024601817131042480e-01 6.943154010497131212e-01 5.009392499923706055e-01 7.238724989996551118e-01
4.967793822288513184e-01 6.957081610389889148e-01 5.007305145263671875e-01 6.931538027852145456e-01
4.955269396305084229e-01 6.946647311924907253e-01 4.990607500076293945e-01 6.934028098290112574e-01
4.978529214859008789e-01 6.969649486602322863e-01 5.013567209243774414e-01 6.931432782546186333e-01
5.021917819976806641e-01 6.937992515088748924e-01 4.990607500076293945e-01 7.036274117185337129e-01
4.978976547718048096e-01 6.945448642788899507e-01 4.990607500076293945e-01 6.946588940273070722e-01
5.004473328590393066e-01 6.943535854232441018e-01 5.009392499923706055e-01 6.949467628018588528e-01
4.981660544872283936e-01 6.959572488281760005e-01 5.009392499923706055e-01 6.931539364135780312e-01
5.029522180557250977e-01 6.944550727876488416e-01 5.009392499923706055e-01 6.940903293516660355e-01
4.974950850009918213e-01 6.944030220851123980e-01 4.990607500076293945e-01 6.934614244843047004e-01
5.011182427406311035e-01 6.945762769078329679e-01 4.990607500076293945e-01 6.931481758504639545e-01
5.025944113731384277e-01 6.941541736103337135e-01 5.009392499923706055e-01 6.946074592995011843e-01
4.991948604583740234e-01 6.939591701842523497e-01 5.009392499923706055e-01 6.935534324707702813e-01
5.045177936553955078e-01 6.942060500207410945e-01 5.009392499923706055e-01 6.963035905816514770e-01
4.993737637996673584e-01 6.942124319835860646e-01 4.990607500076293945e-01 6.938153155112261050e-01
4.948559701442718506e-01 6.943841587987392705e-01 4.990607500076293945e-01 6.938357084485688997e-01
5.002236366271972656e-01 6.940905165429148704e-01 4.990607500076293945e-01 6.932538017751876946e-01
5.017445087432861328e-01 6.939842764519476015e-01 4.990607500076293945e-01 6.932579765138683348e-01
5.010735392570495605e-01 6.942835324756316817e-01 5.009392499923706055e-01 6.998430623860877331e-01
4.952585399150848389e-01 6.944924766805351535e-01 4.990607500076293945e-01 6.943029611400810541e-01
5.008499026298522949e-01 6.941165469652169628e-01 4.990607500076293945e-01 6.969189982378415360e-01
5.003131031990051270e-01 6.939542021707039154e-01 5.009392499923706055e-01 6.968939559267099959e-01
4.946770370006561279e-01 6.942195648433783228e-01 4.990607500076293945e-01 6.934669727299761499e-01
4.993737637996673584e-01 6.943858703660035214e-01 5.009392499923706055e-01 6.931465845146848048e-01
5.051440596580505371e-01 6.940238401467054841e-01 5.009392499923706055e-01 6.935736705305879379e-01
4.990159273147583008e-01 6.946837860903600781e-01 5.009392499923706055e-01 6.933122270292888523e-01
4.978081881999969482e-01 6.942764658538871370e-01 5.009392499923706055e-01 6.932187437314475398e-01
5.019234418869018555e-01 6.951581478374847523e-01 4.990607500076293945e-01 6.964912399123989184e-01
5.000447034835815430e-01 6.941905466702696925e-01 5.031308531761169434e-01 7.022554769418454246e-01
4.962426126003265381e-01 6.944603536269344790e-01 5.009392499923706055e-01 6.936889605192718689e-01
4.962873458862304688e-01 6.946884873280650963e-01 5.009392499923706055e-01 6.933116704828926613e-01
4.923063218593597412e-01 6.944070040998358007e-01 5.009392499923706055e-01 6.931681419384302378e-01
4.991501271724700928e-01 6.941790626287502874e-01 5.009392499923706055e-01 6.936420422957899623e-01
4.952585399150848389e-01 6.942206534039976340e-01 5.009392499923706055e-01 6.931485607613603328e-01
5.025944113731384277e-01 6.945731791726462712e-01 5.009392499923706055e-01 6.931678520889178463e-01
4.972714185714721680e-01 6.943075182741198503e-01 5.009392499923706055e-01 6.937240300584600616e-01
5.025496482849121094e-01 6.939932283465306551e-01 4.990607500076293945e-01 6.931599049771213217e-01
4.994632303714752197e-01 6.939395866724220596e-01 4.990607500076293945e-01 6.940252830304922682e-01
5.005367398262023926e-01 6.940491198000359185e-01 5.009392499923706055e-01 6.943311360479023087e-01
5.042046904563903809e-01 6.943957320499301034e-01 5.009392499923706055e-01 6.937912116342336288e-01
4.957953095436096191e-01 6.941951210414772921e-01 5.009392499923706055e-01 6.948055633546116328e-01
5.028627514839172363e-01 6.938387990680400241e-01 5.009392499923706055e-01 6.931459153153856079e-01
4.981213212013244629e-01 6.939427025054942799e-01 5.009392499923706055e-01 6.956711618991366919e-01
4.987475275993347168e-01 6.941678189574381763e-01 5.009392499923706055e-01 6.951036262527136023e-01
4.951690733432769775e-01 6.944050897658671229e-01 5.009392499923706055e-01 6.942525625577228299e-01
4.985686242580413818e-01 6.943116111050652295e-01 5.009392499923706055e-01 6.931670217542901247e-01
5.028180480003356934e-01 6.939022863118118334e-01 5.009392499923706055e-01 7.095755777212703341e-01
5.015208721160888672e-01 6.943313350914671611e-01 5.009392499923706055e-01 6.940574873665682487e-01
4.975398182868957520e-01 6.947944020836782641e-01 5.009392499923706055e-01 6.933181841969117132e-01
5.002683997154235840e-01 6.940053765815151765e-01 4.990607500076293945e-01 6.937393811470131677e-01
4.962873458862304688e-01 6.944691353139434975e-01 5.009392499923706055e-01 6.974395190069556660e-01
4.954822063446044922e-01 6.942659563573747583e-01 4.990607500076293945e-01 6.955400957764625858e-01
4.979871213436126709e-01 6.944221938140576755e-01 4.990607500076293945e-01 6.933468129758769694e-01
4.990159273147583008e-01 6.947557252066403066e-01 4.990607500076293945e-01 6.931529991862122042e-01
4.985686242580413818e-01 6.938531394080753589e-01 4.990607500076293945e-01 6.942190711668950742e-01
4.920379221439361572e-01 6.944214095474675608e-01 4.990607500076293945e-01 6.935033859427301994e-01
4.979871213436126709e-01 6.942453596519003733e-01 4.990607500076293945e-01 6.952341539803538195e-01
5.021470785140991211e-01 6.941095562116855744e-01 4.990607500076293945e-01 6.937812972208124984e-01
5.040257573127746582e-01 6.941133870445438392e-01 5.009392499923706055e-01 6.946127081534430037e-01
4.991501271724700928e-01 6.942892600564757322e-01 5.009392499923706055e-01 6.934535571688327238e-01
5.010288357734680176e-01 6.940223499026104692e-01 4.990607500076293945e-01 6.973155036372696847e-01
4.999105334281921387e-01 6.942708867140972018e-01 5.009392499923706055e-01 6.931707618182298969e-01
4.987027943134307861e-01 6.939335723195440009e-01 5.009392499923706055e-01 6.945006520308724118e-01
4.958400428295135498e-01 6.941756110196464213e-01 5.009392499923706055e-01 6.934476647315307440e-01
4.998210668563842773e-01 6.938677768648406907e-01 5.009392499923706055e-01 6.931958500987128735e-01
5.024601817131042480e-01 6.940949210904753253e-01 4.990607500076293945e-01 7.029888984356312820e-01
5.002236366271972656e-01 6.940847135204432083e-01 5.009392499923706055e-01 6.958141749523746311e-01
5.015655755996704102e-01 6.945472814610614831e-01 4.990607500076293945e-01 6.989322591240981764e-01
4.939166307449340820e-01 6.948542040668589381e-01 5.009392499923706055e-01 6.933710802648939131e-01
4.932903945446014404e-01 6.942074264305225784e-01 4.990607500076293945e-01 6.935068159654776965e-01
4.963768124580383301e-01 6.940678416413555984e-01 5.009392499923706055e-01 6.933709214809069543e-01
5.019234418869018555e-01 6.942969505167067013e-01 5.009392499923706055e-01 6.931452415378126508e-01
5.059939026832580566e-01 6.938096300010114792e-01 4.990607500076293945e-01 6.935065388430685651e-01
4.957058429718017578e-01 6.944158755297480390e-01 5.009392499923706055e-01 6.932308062509812130e-01
5.028627514839172363e-01 6.938776644531655657e-01 4.990607500076293945e-01 6.932664453746928412e-01
5.008946061134338379e-01 6.941318459279594011e-01 4.990607500076293945e-01 6.931579904251720103e-01
5.035337209701538086e-01 6.940295465582491108e-01 4.990607500076293945e-01 6.949353688595762968e-01
4.972266852855682373e-01 6.940955984227706876e-01 4.990607500076293945e-01 6.931759877932442970e-01
5.058149695396423340e-01 6.939675187804358325e-01 5.009392499923706055e-01 6.948281777499737411e-01
4.965110123157501221e-01 6.940506113558810863e-01 4.990607500076293945e-01 6.942312492753985875e-01
5.064859390258789062e-01 6.938471850650983486e-01 5.009392499923706055e-01 7.148877266079864956e-01
4.961978793144226074e-01 6.949009067749034596e-01 4.990607500076293945e-01 6.932783989860528129e-01
5.011182427406311035e-01 6.938904942116470576e-01 4.990607500076293945e-01 6.934972235116897421e-01
4.959742426872253418e-01 6.946445921065023121e-01 5.009392499923706055e-01 6.931683272341053748e-01
5.004025697708129883e-01 6.943303240094207407e-01 5.009392499923706055e-01 6.944234760089748049e-01
4.985238909721374512e-01 6.940572650429600587e-01 4.990607500076293945e-01 6.934680671986496181e-01
4.933798611164093018e-01 6.943117991759026886e-01 4.990607500076293945e-01 6.939309720852707697e-01
4.962426126003265381e-01 6.940710513232154488e-01 5.009392499923706055e-01 6.948912418030468441e-01
4.935140311717987061e-01 6.942916194043319278e-01 5.009392499923706055e-01 6.954911464665484155e-01
4.969583153724670410e-01 6.941745747050737103e-01 4.990607500076293945e-01 6.932007758982170476e-01
4.928878247737884521e-01 6.942653665604030522e-01 5.009392499923706055e-01 6.934562258047590744e-01
