5.581052303314208984e-01 6.846500391780124817e-01 5.797328352928161621e-01 6.705906715106426663e-01
5.836911797523498535e-01 6.701793203756578610e-01 6.029012799263000488e-01 6.633598223480992040e-01
5.868223309516906738e-01 6.670317912937853144e-01 6.002922058105468750e-01 6.627074536911955471e-01
5.942923426628112793e-01 6.629868312073129433e-01 6.001878380775451660e-01 6.591989473892487794e-01
5.995705723762512207e-01 6.608355962690503071e-01 6.077019572257995605e-01 6.561549505593258225e-01
6.032832264900207520e-01 6.581500893011142939e-01 6.150072813034057617e-01 6.535972495264161797e-01
6.043567657470703125e-01 6.578090289215385855e-01 6.083281040191650391e-01 6.565956574619948860e-01
6.095902919769287109e-01 6.527370943710019136e-01 6.120851635932922363e-01 6.536631895067098741e-01
6.107532382011413574e-01 6.543651864553824415e-01 6.072844862937927246e-01 6.517401577858555894e-01
6.108427047729492188e-01 6.516418554825952336e-01 6.146942377090454102e-01 6.458207883284450279e-01
6.151368618011474609e-01 6.485135543749528386e-01 6.064496040344238281e-01 6.512142833850249612e-01
6.186258792877197266e-01 6.464537356530730694e-01 6.232519149780273438e-01 6.422249086215187086e-01
6.150473952293395996e-01 6.452296224043991835e-01 6.122938990592956543e-01 6.451920663183303706e-01
6.218464970588684082e-01 6.430626988176327830e-01 6.248173713684082031e-01 6.376144158469438938e-01
6.200125217437744141e-01 6.426665405507036022e-01 6.216865181922912598e-01 6.388612810566638434e-01
6.222937703132629395e-01 6.397742908144705698e-01 6.171989440917968750e-01 6.441441880862913694e-01
6.204598546028137207e-01 6.411426729412833536e-01 6.304529309272766113e-01 6.363280452111398366e-01
6.230095028877258301e-01 6.358620015809991477e-01 6.294093132019042969e-01 6.348316134253964016e-01
6.263195276260375977e-01 6.345962705008990623e-01 6.166771054267883301e-01 6.427991226754041776e-01
6.288244724273681641e-01 6.342872159065980897e-01 6.343143582344055176e-01 6.280822180253532450e-01
6.313741207122802734e-01 6.309177458851511489e-01 6.254435181617736816e-01 6.302548212364107449e-01
6.309268474578857422e-01 6.281605650730648360e-01 6.349405050277709961e-01 6.279829040595819034e-01
6.358919143676757812e-01 6.259706609043074188e-01 6.327489018440246582e-01 6.217115352482717183e-01
6.345947384834289551e-01 6.265039614710532501e-01 6.392193436622619629e-01 6.204328771872650305e-01
6.410806775093078613e-01 6.223364722368264212e-01 6.407848000526428223e-01 6.197681771616576629e-01
6.426462531089782715e-01 6.177069933624765863e-01 6.265915036201477051e-01 6.260512581799180243e-01
6.394703984260559082e-01 6.193523987565149325e-01 6.432895064353942871e-01 6.175195985685383304e-01
6.437197923660278320e-01 6.157605772177122683e-01 6.465247273445129395e-01 6.146241298450405566e-01
6.463589072227478027e-01 6.144704611511728753e-01 6.445418596267700195e-01 6.105853681697698265e-01
6.471640467643737793e-01 6.125432266001412662e-01 6.385931968688964844e-01 6.153081812880477619e-01
6.502057909965515137e-01 6.132316064548782863e-01 6.430807709693908691e-01 6.160302733956983801e-01
6.475219130516052246e-01 6.096708793336408361e-01 6.415153145790100098e-01 6.136350846071627618e-01
6.524422764778137207e-01 6.084828790024624512e-01 6.446462273597717285e-01 6.096248591998703059e-01
6.522186398506164551e-01 6.037535222810802571e-01 6.427676677703857422e-01 6.120260329242539488e-01
6.529343128204345703e-01 6.066842597143917715e-01 6.514297723770141602e-01 6.059364382620022749e-01
6.563338637351989746e-01 6.028291601937622035e-01 6.307660341262817383e-01 6.182077839314328305e-01
6.548130512237548828e-01 6.003811608957975166e-01 6.511166691780090332e-01 6.099146633027764386e-01
6.583020091056823730e-01 5.977876008911323646e-01 6.503861546516418457e-01 6.057250224531282035e-01
6.553497910499572754e-01 5.995390730438259208e-01 6.540388464927673340e-01 6.026851973014095698e-01
6.583020091056823730e-01 5.966046482489901770e-01 6.595700383186340332e-01 6.000789362113775338e-01
6.609858870506286621e-01 5.934405620867247988e-01 6.540388464927673340e-01 6.056253836911845712e-01
6.632671356201171875e-01 5.905084066728847336e-01 6.615529060363769531e-01 5.998940703839504840e-01
6.659509539604187012e-01 5.905947771838535587e-01 6.638488769531250000e-01 5.996007325255628961e-01
6.616567969322204590e-01 5.894234261181725554e-01 6.605092883110046387e-01 5.914252137893974970e-01
6.659062504768371582e-01 5.895558840517367560e-01 6.584220528602600098e-01 5.926283262662264129e-01
6.643406748771667480e-01 5.879094829860495031e-01 6.581089496612548828e-01 6.058419216552524134e-01
6.685900688171386719e-01 5.865636380590294463e-01 6.681277155876159668e-01 5.901636231595005500e-01
6.695741415023803711e-01 5.848531176673211762e-01 6.533082723617553711e-01 6.004679679024620409e-01
6.704240441322326660e-01 5.810292030110258965e-01 6.597787737846374512e-01 5.921246896106597823e-01
6.698873043060302734e-01 5.826136609867660354e-01 6.569609642028808594e-01 5.986527157984354863e-01
6.690374016761779785e-01 5.825497679323048406e-01 6.642663478851318359e-01 5.928901155889221286e-01
6.722132563591003418e-01 5.785838352970540388e-01 6.590481996536254883e-01 5.918393879662324775e-01
6.735551953315734863e-01 5.782324090202756173e-01 6.616572737693786621e-01 5.882484965373170338e-01
6.733762621879577637e-01 5.768979860239409341e-01 6.594656705856323242e-01 6.015545536968658347e-01
6.749418377876281738e-01 5.761423042175018994e-01 6.577958464622497559e-01 6.001502473775839341e-01
6.744945645332336426e-01 5.766698052064530566e-01 6.582133173942565918e-01 5.886335637544047872e-01
6.769547462463378906e-01 5.735584741885215720e-01 6.695888042449951172e-01 5.851119720868640517e-01
6.774467825889587402e-01 5.752085278810169511e-01 6.580045819282531738e-01 5.986433315441320735e-01
6.762837767601013184e-01 5.744102180569345961e-01 6.669797301292419434e-01 5.866162529620714272e-01
6.766863465309143066e-01 5.712867143286812777e-01 6.509079337120056152e-01 6.037892578315495751e-01
6.807121038436889648e-01 5.667889487404241811e-01 6.682320833206176758e-01 5.895307531587715699e-01
6.767758131027221680e-01 5.690058538345941219e-01 6.648924946784973145e-01 5.852624181789437552e-01
6.793701648712158203e-01 5.687440324925975288e-01 6.713629961013793945e-01 5.875426620537342881e-01
6.794596314430236816e-01 5.659696779069373074e-01 6.663535833358764648e-01 5.831599851486654051e-01
6.793254613876342773e-01 5.686451513196897345e-01 6.727196574211120605e-01 5.824860733626805454e-01
6.800858974456787109e-01 5.665141189219935480e-01 6.705280542373657227e-01 5.766417230626184054e-01
6.820987462997436523e-01 5.645066760673700390e-01 6.743894815444946289e-01 5.823890561351844353e-01
6.812041401863098145e-01 5.656913796079502399e-01 6.732414960861206055e-01 5.766553202493532870e-01
6.853193640708923340e-01 5.619868364716327225e-01 6.705280542373657227e-01 5.789024967088303164e-01
6.843800544738769531e-01 5.644577160293673401e-01 6.729283928871154785e-01 5.818550514045226496e-01
6.842011213302612305e-01 5.617085721608372495e-01 6.719891428947448730e-01 5.751619315351431672e-01
6.858561635017395020e-01 5.578759283408599723e-01 6.768941879272460938e-01 5.708139429284495581e-01
6.833512187004089355e-01 5.624267618885234743e-01 6.771029233932495117e-01 5.682183867753908268e-01
6.833959817886352539e-01 5.619242314064645250e-01 6.720935106277465820e-01 5.744033705912012788e-01
6.874217391014099121e-01 5.605257967382664130e-01 6.863911747932434082e-01 5.723945998966357696e-01
6.869297027587890625e-01 5.568666274591514975e-01 6.791901588439941406e-01 5.715956981533928394e-01
6.895240545272827148e-01 5.541594720501062943e-01 6.789814233779907227e-01 5.746086810854874605e-01
6.913580298423767090e-01 5.551050990249373207e-01 6.753287315368652344e-01 5.767848205153366381e-01
6.835748553276062012e-01 5.562927295385692306e-01 6.786683201789855957e-01 5.732529533603598626e-01
6.918500661849975586e-01 5.520465356876180785e-01 6.816948652267456055e-01 5.770533545184947100e-01
6.934156417846679688e-01 5.473996572533752492e-01 6.858693361282348633e-01 5.638896353158689978e-01
6.918947696685791016e-01 5.504787114336699982e-01 6.815904974937438965e-01 5.677682510673365268e-01
6.901950240135192871e-01 5.498574355416870896e-01 6.646837592124938965e-01 5.770515738686099461e-01
6.859903335571289062e-01 5.619351312286163802e-01 6.838864684104919434e-01 5.660376863647815782e-01
6.916264295578002930e-01 5.495571470640281397e-01 6.766854524612426758e-01 5.791923504511714560e-01
6.921631693840026855e-01 5.510681301414017685e-01 6.706324219703674316e-01 5.856370325875764893e-01
6.947575807571411133e-01 5.457727030108922017e-01 6.828428506851196289e-01 5.680333562420794014e-01
6.991859078407287598e-01 5.428622985146386304e-01 6.840952038764953613e-01 5.752151274676114978e-01
6.955179572105407715e-01 5.474063194614976480e-01 6.827384829521179199e-01 5.648073706316365516e-01
6.956521868705749512e-01 5.474602024336368000e-01 6.844082474708557129e-01 5.637634228475654208e-01
6.966362595558166504e-01 5.428750622430328354e-01 6.813817620277404785e-01 5.644215653545298084e-01
6.957863569259643555e-01 5.444713404522447675e-01 6.781465411186218262e-01 5.645025094325296644e-01
7.019144892692565918e-01 5.418086661318159969e-01 6.677103042602539062e-01 5.905482087247780898e-01
6.896135210990905762e-01 5.536792709887571329e-01 6.847213506698608398e-01 5.608068167155582096e-01
6.999015808105468750e-01 5.405468807746864890e-01 6.899394989013671875e-01 5.631867750057768518e-01
6.971729993820190430e-01 5.404286899471095751e-01 6.863911747932434082e-01 5.617385375999851549e-01
7.007514834403991699e-01 5.405493695965434275e-01 6.887915134429931641e-01 5.642986025523601956e-01
6.959205865859985352e-01 5.428681416627993972e-01 6.868085861206054688e-01 5.611306845557090250e-01
7.035695314407348633e-01 5.371713031381288861e-01 6.888958215713500977e-01 5.654577087992741502e-01
6.967257261276245117e-01 5.429439147953314393e-01 6.781465411186218262e-01 5.697133598957646594e-01
