5.312220454216003418e-01 7.475373366796643770e-01 5.676267743110656738e-01 6.767926584004708701e-01
5.504562258720397949e-01 6.908049939100634473e-01 5.801503062248229980e-01 6.743636308072679109e-01
5.669171810150146484e-01 6.806605969202242923e-01 5.738885402679443359e-01 6.760439615711442141e-01
5.704956054687500000e-01 6.771816414420817054e-01 5.734710693359375000e-01 6.729371459243741471e-01
5.814546346664428711e-01 6.735510393659892570e-01 5.882905721664428711e-01 6.728154102115236901e-01
5.837358832359313965e-01 6.724385218706470102e-01 5.925694108009338379e-01 6.688668695652666418e-01
5.856146216392517090e-01 6.707937284773504150e-01 5.796284675598144531e-01 6.670069435498232613e-01
5.876722335815429688e-01 6.685913464510712112e-01 5.749321579933166504e-01 6.758207532489157732e-01
5.913401246070861816e-01 6.692014194319768627e-01 5.877687335014343262e-01 6.656347995783734595e-01
5.900429487228393555e-01 6.690670277121498755e-01 5.766019821166992188e-01 6.746519193522891866e-01
5.899087786674499512e-01 6.686068579066650752e-01 5.871425867080688477e-01 6.654260940204406172e-01
5.896850824356079102e-01 6.686223702794176216e-01 5.983093380928039551e-01 6.630475543979015285e-01
5.912059545516967773e-01 6.676445181157768527e-01 5.937173962593078613e-01 6.643023929076412593e-01
5.938003063201904297e-01 6.664649835211323703e-01 5.810895562171936035e-01 6.857705107812118728e-01
5.908033847808837891e-01 6.676332767693551329e-01 5.661657452583312988e-01 6.733163063099677492e-01
5.889694094657897949e-01 6.662024980496583648e-01 5.939261317253112793e-01 6.638232856099378631e-01
5.955001115798950195e-01 6.653776078067198396e-01 5.809851884841918945e-01 6.749244749334554205e-01
5.919663906097412109e-01 6.669923448460242099e-01 5.958046317100524902e-01 6.619079938962001419e-01
5.920110940933227539e-01 6.652289860298475910e-01 5.999791026115417480e-01 6.625726133417023656e-01
5.971103906631469727e-01 6.636697482520981239e-01 5.976831316947937012e-01 6.635807849026701399e-01
5.992574691772460938e-01 6.643771487818909138e-01 5.954915285110473633e-01 6.659799588918436930e-01
5.982286930084228516e-01 6.631405170327714371e-01 5.519724488258361816e-01 6.801275433142432991e-01
5.999731421470642090e-01 6.628343699272341016e-01 5.923606753349304199e-01 6.678482312370854768e-01
6.003757119178771973e-01 6.626563894128005838e-01 6.085368394851684570e-01 6.598123555839298104e-01
6.028359532356262207e-01 6.620360477215105899e-01 6.104153394699096680e-01 6.574510886434771217e-01
6.049830317497253418e-01 6.604609975428332724e-01 6.006053090095520020e-01 6.659132424960477747e-01
6.041778326034545898e-01 6.611256632593284221e-01 5.826549530029296875e-01 6.795911497946348634e-01
6.043567657470703125e-01 6.612035331710717223e-01 6.092673540115356445e-01 6.557571729098896629e-01
5.990785360336303711e-01 6.596999971016422881e-01 6.051972508430480957e-01 6.576229203496291031e-01
6.032832264900207520e-01 6.594678890323314446e-01 6.066583395004272461e-01 6.559767515319445685e-01
6.048935651779174805e-01 6.597939754325858885e-01 5.968482494354248047e-01 6.581638155190537853e-01
6.032385230064392090e-01 6.579302033833728247e-01 5.972657203674316406e-01 6.674657072137128999e-01
6.068617105484008789e-01 6.580613788519248386e-01 6.059277653694152832e-01 6.575871832657895766e-01
6.073537468910217285e-01 6.560641844555439306e-01 6.114589571952819824e-01 6.533365822291229419e-01
6.088745594024658203e-01 6.549424375078293226e-01 6.047797799110412598e-01 6.582268293355257871e-01
6.070853471755981445e-01 6.539630011553243527e-01 6.140680313110351562e-01 6.547425398122938001e-01
6.081588864326477051e-01 6.557011065745016465e-01 5.996660590171813965e-01 6.598117790822319861e-01
6.137949824333190918e-01 6.525972355966982441e-01 6.140680313110351562e-01 6.527055740928729977e-01
6.127661466598510742e-01 6.523972828841674287e-01 5.996660590171813965e-01 6.587525013468007451e-01
6.117373704910278320e-01 6.533423963888191910e-01 6.043623685836791992e-01 6.579298509284464691e-01
6.099928617477416992e-01 6.535362074020659717e-01 5.982049703598022461e-01 6.557003691608983553e-01
6.085167527198791504e-01 6.529069122484916221e-01 6.150072813034057617e-01 6.483329568121234399e-01
6.102164983749389648e-01 6.511712113525641721e-01 6.119807958602905273e-01 6.487777111077950298e-01
6.118267774581909180e-01 6.499064924956263756e-01 5.991442203521728516e-01 6.522460326574163192e-01
6.126766800880432129e-01 6.498157307678907868e-01 6.069713830947875977e-01 6.516290366886006158e-01
6.142870187759399414e-01 6.482194081511388761e-01 6.024838089942932129e-01 6.576682292228201998e-01
6.190731525421142578e-01 6.498388251095429391e-01 6.192861795425415039e-01 6.443383630619395896e-01
6.141975522041320801e-01 6.483762842488216549e-01 6.112502813339233398e-01 6.506541891502104491e-01
6.139291524887084961e-01 6.475255957633486714e-01 6.231475472450256348e-01 6.430457430203357916e-01
6.143317222595214844e-01 6.479841803241701559e-01 6.015445590019226074e-01 6.561194631282533107e-01
6.191626191139221191e-01 6.458508110063450047e-01 6.239824891090393066e-01 6.428214504310219013e-01
6.189389824867248535e-01 6.458423026645945253e-01 6.210603117942810059e-01 6.432507403383074251e-01
6.190731525421142578e-01 6.451069535392621734e-01 6.181381940841674805e-01 6.449646302216039961e-01
6.227858066558837891e-01 6.429279704259448502e-01 6.242955327033996582e-01 6.479851850834302818e-01
6.193863153457641602e-01 6.450465990000151528e-01 6.166771054267883301e-01 6.417051375571632965e-01
6.228752732276916504e-01 6.429147821864238388e-01 6.188687086105346680e-01 6.413595308294078867e-01
6.205940246582031250e-01 6.434127716562534349e-01 6.174076199531555176e-01 6.458680198402102501e-01
6.238593459129333496e-01 6.406355871243902822e-01 6.187643408775329590e-01 6.404292629745951260e-01
6.256038546562194824e-01 6.404269465416440044e-01 6.240868568420410156e-01 6.371859240024330129e-01
6.284219026565551758e-01 6.394664544200914236e-01 6.182425618171691895e-01 6.499986825470037699e-01
6.277062296867370605e-01 6.382900871793706354e-01 6.094760894775390625e-01 6.489560275156446290e-01
6.260958909988403320e-01 6.365974627169924682e-01 6.155291199684143066e-01 6.427251776830807950e-01
6.260511875152587891e-01 6.383686017682971281e-01 6.263828277587890625e-01 6.350443536243466358e-01
6.270352602005004883e-01 6.362823056692641366e-01 6.317052841186523438e-01 6.340640402492115912e-01
6.273036599159240723e-01 6.364490088761268760e-01 6.242955327033996582e-01 6.350862523678871829e-01
6.262301206588745117e-01 6.366766244466327551e-01 6.231475472450256348e-01 6.386989250832025844e-01
6.285560727119445801e-01 6.336701108467005517e-01 6.310790777206420898e-01 6.323066890998614298e-01
6.295849084854125977e-01 6.341732472186653036e-01 6.215821504592895508e-01 6.384363238011787622e-01
6.297638416290283203e-01 6.331058595790102217e-01 6.064496040344238281e-01 6.513931980538134603e-01
6.296743750572204590e-01 6.328150684706830287e-01 6.248173713684082031e-01 6.374716803764306494e-01
6.305242180824279785e-01 6.319287197388099298e-01 6.169902086257934570e-01 6.359135672509159676e-01
6.286903023719787598e-01 6.336603589658554858e-01 6.268002390861511230e-01 6.340816697753861586e-01
6.324924230575561523e-01 6.287663250942949755e-01 6.230431795120239258e-01 6.304887508181534761e-01
6.355341076850891113e-01 6.278249189366934546e-01 6.233562827110290527e-01 6.367786682316416424e-01
6.362944841384887695e-01 6.282405094909292442e-01 6.103109717369079590e-01 6.461059132365786217e-01
6.363839507102966309e-01 6.275555584976297840e-01 6.336881518363952637e-01 6.280173509535473819e-01
6.355341076850891113e-01 6.256921819357394998e-01 6.262784600257873535e-01 6.319893815153652117e-01
6.362497806549072266e-01 6.268670751746043823e-01 6.431851387023925781e-01 6.237989485923195465e-01
6.391572952270507812e-01 6.238521936435054149e-01 6.402630209922790527e-01 6.309912907532325699e-01
6.355341076850891113e-01 6.263214398270793293e-01 6.323314309120178223e-01 6.291836099320079478e-01
6.390230655670166016e-01 6.235601260423617731e-01 6.302441954612731934e-01 6.423168105612316880e-01
6.381284594535827637e-01 6.227105314711548489e-01 6.311834454536437988e-01 6.263157887564300141e-01
6.386204957962036133e-01 6.251378585153710699e-01 6.370277404785156250e-01 6.239068251615574878e-01
6.373680233955383301e-01 6.211148990909066692e-01 6.322270631790161133e-01 6.290465705555482456e-01
6.423779129981994629e-01 6.204223925023497621e-01 6.316009163856506348e-01 6.271858789731206141e-01
6.414832472801208496e-01 6.188578121264135534e-01 6.141723990440368652e-01 6.432517509051390858e-01
6.385310292243957520e-01 6.221684018130975158e-01 6.420371532440185547e-01 6.202099006028196637e-01
6.431382894515991211e-01 6.192124279075624793e-01 6.508035659790039062e-01 6.140910564447290554e-01
6.453301310539245605e-01 6.187163850428870626e-01 6.354623436927795410e-01 6.253951672247669569e-01
6.386652588844299316e-01 6.191563036344115423e-01 6.472552418708801270e-01 6.205429963143925809e-01
6.455984711647033691e-01 6.167841769860199497e-01 6.460029482841491699e-01 6.176144078613396982e-01
6.461799740791320801e-01 6.151694117494208580e-01 6.438112854957580566e-01 6.188696416328556271e-01
6.481034159660339355e-01 6.151046193356290992e-01 6.501774191856384277e-01 6.131973844981845057e-01
6.468957066535949707e-01 6.140175825753094729e-01 6.396368145942687988e-01 6.133649568546790665e-01
6.478350162506103516e-01 6.147008483536577916e-01 6.457942128181457520e-01 6.159601971317347768e-01
6.485507488250732422e-01 6.139971051964355775e-01 6.304529309272766113e-01 6.257454593180117319e-01
6.493558883666992188e-01 6.118349086451261298e-01 6.390106678009033203e-01 6.365431349975683162e-01
6.507872343063354492e-01 6.112939867996363130e-01 6.422458887100219727e-01 6.206238984041486662e-01
6.493558883666992188e-01 6.097940201941917104e-01 6.477770805358886719e-01 6.116922857915153555e-01
6.503399610519409180e-01 6.086036527726321754e-01 6.487163305282592773e-01 6.135503848020529283e-01
