5.597155094146728516e-01 6.869216133665582147e-01 5.724274516105651855e-01 6.740506463696777084e-01
5.874485373497009277e-01 6.704987752712738835e-01 5.827593207359313965e-01 6.650867659969484924e-01
5.943818092346191406e-01 6.660300383927848511e-01 6.030056476593017578e-01 6.578379712331720031e-01
5.956342816352844238e-01 6.641299052920147661e-01 5.972657203674316406e-01 6.604595994979198803e-01
5.979155302047729492e-01 6.611156510334148528e-01 6.021707653999328613e-01 6.574786436182052940e-01
6.000179052352905273e-01 6.582274742279182744e-01 6.123982667922973633e-01 6.546965660070531712e-01
6.088745594024658203e-01 6.535536123316026957e-01 6.131287813186645508e-01 6.517386868661392274e-01
6.122294068336486816e-01 6.527001900202815676e-01 6.111459136009216309e-01 6.490235206006439439e-01
6.081141233444213867e-01 6.534500568811870691e-01 6.092673540115356445e-01 6.529573681359001069e-01
6.099928617477416992e-01 6.513473135688305771e-01 6.039448976516723633e-01 6.518112035117152869e-01
6.201019883155822754e-01 6.464519191991240366e-01 6.194949150085449219e-01 6.435539230775843000e-01
6.171050071716308594e-01 6.454626022329652546e-01 6.142767667770385742e-01 6.426174868200696944e-01
6.205045580863952637e-01 6.428291297999791931e-01 6.206429004669189453e-01 6.474911634868780741e-01
6.218017339706420898e-01 6.408132958506018717e-01 6.282613277435302734e-01 6.357947742732474872e-01
6.230095028877258301e-01 6.398044783114790190e-01 6.239824891090393066e-01 6.342761867903786710e-01
6.238146424293518066e-01 6.382162916060956093e-01 6.171989440917968750e-01 6.434112256515301942e-01
6.284219026565551758e-01 6.340503007744096031e-01 6.209559440612792969e-01 6.345952818672881968e-01
6.294059753417968750e-01 6.336056962489313715e-01 6.371321082115173340e-01 6.276036912726599137e-01
6.291375756263732910e-01 6.339579651385177650e-01 6.369233727455139160e-01 6.301490869509156489e-01
6.361603140830993652e-01 6.281997417268908590e-01 6.294093132019042969e-01 6.300691014240887844e-01
6.347736716270446777e-01 6.282103367537755778e-01 6.317052841186523438e-01 6.283913035154889970e-01
6.365181803703308105e-01 6.244505687036375763e-01 6.268002390861511230e-01 6.233124965617165003e-01
6.366523504257202148e-01 6.219117783501911800e-01 6.350448727607727051e-01 6.219144632611784962e-01
6.415727138519287109e-01 6.203142749770508280e-01 6.352536082267761230e-01 6.153729882451294264e-01
6.432725191116333008e-01 6.205766823514029529e-01 6.449592709541320801e-01 6.148581927441226780e-01
6.456879377365112305e-01 6.175465666132251563e-01 6.407848000526428223e-01 6.161095695315460530e-01
6.433619856834411621e-01 6.197762062840095343e-01 6.368190646171569824e-01 6.174192063695477239e-01
6.499820947647094727e-01 6.137739332060542230e-01 6.480901837348937988e-01 6.109496360779604895e-01
6.474324464797973633e-01 6.112914910830928861e-01 6.428720355033874512e-01 6.123388814692257709e-01
6.494005918502807617e-01 6.070091641104953251e-01 6.439156532287597656e-01 6.154802163541504001e-01
6.525317430496215820e-01 6.087778148038546222e-01 6.542475223541259766e-01 6.111237466571675103e-01
6.558865904808044434e-01 6.064248237526252971e-01 6.544562578201293945e-01 6.041339768967283197e-01
6.565575003623962402e-01 6.014961802185189166e-01 6.351492404937744141e-01 6.157058376505538666e-01
6.541867852210998535e-01 6.002350296524561202e-01 6.557086110115051270e-01 6.010984594651239687e-01
6.585704088211059570e-01 5.991258987652677837e-01 6.497599482536315918e-01 6.036321575545587903e-01
6.623277664184570312e-01 5.958137848356325206e-01 6.603005528450012207e-01 5.960250700771672072e-01
6.650563478469848633e-01 5.937542044150209142e-01 6.434982419013977051e-01 6.050886303789803078e-01
6.584362387657165527e-01 6.000871358968892233e-01 6.402630209922790527e-01 6.050478241260005552e-01
6.621935963630676270e-01 5.933993233297480963e-01 6.514297723770141602e-01 5.984104092074843395e-01
6.641170382499694824e-01 5.896550058614676848e-01 6.704236865043640137e-01 5.919186167342755933e-01
6.663535237312316895e-01 5.884100064584619760e-01 6.563348174095153809e-01 5.965183624343418645e-01
6.656826138496398926e-01 5.839952873211040618e-01 6.563348174095153809e-01 5.988614880025971976e-01
6.704688072204589844e-01 5.826713087243500233e-01 6.604049205780029297e-01 5.913926110813051418e-01
6.649221777915954590e-01 5.885618794346180183e-01 6.628052592277526855e-01 5.915740029693918878e-01
6.671587228775024414e-01 5.853989996238649907e-01 6.622834205627441406e-01 5.920501303707624841e-01
6.692610383033752441e-01 5.828630276668218535e-01 6.569609642028808594e-01 5.943444691453789730e-01
6.684558987617492676e-01 5.845217080145279631e-01 6.694844365119934082e-01 5.893837044941212522e-01
6.681874990463256836e-01 5.825272195453101709e-01 6.576914787292480469e-01 5.933358863235589364e-01
6.710502505302429199e-01 5.808052302132055145e-01 6.596744060516357422e-01 5.892764472234873763e-01
6.732867956161499023e-01 5.752151680346742069e-01 6.619703769683837891e-01 5.982390619274768895e-01
6.736446619033813477e-01 5.746699863287263454e-01 6.634314060211181641e-01 5.913863636909409971e-01
6.768652796745300293e-01 5.750894738258925942e-01 6.660404801368713379e-01 5.828095350925371898e-01
6.736446619033813477e-01 5.751711112225624811e-01 6.612398028373718262e-01 5.875191640764306777e-01
6.758364439010620117e-01 5.725659276936173603e-01 6.629096269607543945e-01 5.877360390785765221e-01
6.813383698463439941e-01 5.713669138126199476e-01 6.599874496459960938e-01 5.898064897568483511e-01
6.770442128181457520e-01 5.727416091153821887e-01 6.690670251846313477e-01 5.816623925590435062e-01
6.829039454460144043e-01 5.695863427448665250e-01 6.718847751617431641e-01 5.812800252668993695e-01
6.819645762443542480e-01 5.696650542136189044e-01 6.631183624267578125e-01 5.851326416987413515e-01
6.838432550430297852e-01 5.632392814108629908e-01 6.649968624114990234e-01 5.807794153478841315e-01
6.825907826423645020e-01 5.660702358803993972e-01 6.627008914947509766e-01 5.907578677206490880e-01
6.795490980148315430e-01 5.665741612647168246e-01 6.742851138114929199e-01 5.775877644512603659e-01
6.847378611564636230e-01 5.612227716435684854e-01 6.732414960861206055e-01 5.732748565806199403e-01
6.872875094413757324e-01 5.630725697896031834e-01 6.615529060363769531e-01 5.858516766765724526e-01
6.837985515594482422e-01 5.648251997483909603e-01 6.791901588439941406e-01 5.720176534671620461e-01
6.897476911544799805e-01 5.578204060436937617e-01 6.765810847282409668e-01 5.712917683841639560e-01
6.853193640708923340e-01 5.609700362719455269e-01 6.670840978622436523e-01 5.898920438329950944e-01
6.866165399551391602e-01 5.643127991573437807e-01 6.727196574211120605e-01 5.761334026340053649e-01
6.907765269279479980e-01 5.544019632080113835e-01 6.690670251846313477e-01 5.750906978263607972e-01
6.921631693840026855e-01 5.542133123103824000e-01 6.799206733703613281e-01 5.685668172405349274e-01
6.894793510437011719e-01 5.579593682634658158e-01 6.752243638038635254e-01 5.710068782120849562e-01
6.899266242980957031e-01 5.561646009988830963e-01 6.824253797531127930e-01 5.690902282066520046e-01
6.876453757286071777e-01 5.570264177963119012e-01 6.778334379196166992e-01 5.713677849955709487e-01
6.916264295578002930e-01 5.528862735926092231e-01 6.860780715942382812e-01 5.637893805397350411e-01
6.878243088722229004e-01 5.530289164231915189e-01 6.845126152038574219e-01 5.600553768782395858e-01
6.943997144699096680e-01 5.500375239105552705e-01 6.664579510688781738e-01 5.841402352490721039e-01
6.938182115554809570e-01 5.524214796547302075e-01 6.798163056373596191e-01 5.676114897816545435e-01
6.949812173843383789e-01 5.477825801537616890e-01 6.811730265617370605e-01 5.697991154035131345e-01
6.944891810417175293e-01 5.490247865741891831e-01 6.890001893043518066e-01 5.635963924939835223e-01
6.970835328102111816e-01 5.453863911028090650e-01 6.784595847129821777e-01 5.663618831066218329e-01
6.952496170997619629e-01 5.503824979125504502e-01 6.724066138267517090e-01 5.716002229309560256e-01
6.933261752128601074e-01 5.467843582174137795e-01 6.787726879119873047e-01 5.649600252680180290e-01
6.955627202987670898e-01 5.508346310410948687e-01 6.813817620277404785e-01 5.661614105662132745e-01
7.007514834403991699e-01 5.422199245406980062e-01 6.907743811607360840e-01 5.546296844151989980e-01
7.015119194984436035e-01 5.402027041781116701e-01 6.873304247856140137e-01 5.610617822208376904e-01
6.983360052108764648e-01 5.422406660505858511e-01 6.976622939109802246e-01 5.544936159811097998e-01
7.006173133850097656e-01 5.435338274676251302e-01 6.926528811454772949e-01 5.560866498643584066e-01
7.016013860702514648e-01 5.439635290509153842e-01 6.878522038459777832e-01 5.562890535653993718e-01
7.014671564102172852e-01 5.344828374805167259e-01 6.883740425109863281e-01 5.605198816102572312e-01
7.055376768112182617e-01 5.346064347661144689e-01 6.848257184028625488e-01 5.747062888480855003e-01
6.985596418380737305e-01 5.411591416267829135e-01 6.823210120201110840e-01 5.577130624357680144e-01
7.000805139541625977e-01 5.425531702703686454e-01 6.839908361434936523e-01 5.631171762632243283e-01
7.007514834403991699e-01 5.396855389214432197e-01 6.936964988708496094e-01 5.512049573743251774e-01
7.032116651535034180e-01 5.359554920731470773e-01 6.936964988708496094e-01 5.483638286665222239e-01
7.071032524108886719e-01 5.299435453821026432e-01 6.815904974937438965e-01 5.567439949305961200e-01
7.067901492118835449e-01 5.340871383261224237e-01 6.955750584602355957e-01 5.467376807516787229e-01
7.057613134384155273e-01 5.361584560946629496e-01 6.938008666038513184e-01 5.524824212896776165e-01
7.064769864082336426e-01 5.306981114970910074e-01 6.893132925033569336e-01 5.530099717119097980e-01
7.063428163528442383e-01 5.353585761057112480e-01 6.701106429100036621e-01 5.741203077226112450e-01
7.028985619544982910e-01 5.313395083825092069e-01 6.900438070297241211e-01 5.529074464479285522e-01
7.083557248115539551e-01 5.260913624951613077e-01 7.034022212028503418e-01 5.420415756772589688e-01
