5.550635457038879395e-01 6.847962189027844149e-01 5.851596593856811523e-01 6.725067509611571959e-01
5.774735808372497559e-01 6.751561261477549980e-01 5.893341898918151855e-01 6.679099153885137419e-01
5.824387073516845703e-01 6.714803270501044086e-01 5.835942625999450684e-01 6.678548099178034381e-01
5.837358832359313965e-01 6.703469635207871535e-01 5.892298221588134766e-01 6.660531270581131480e-01
5.863302946090698242e-01 6.684573448649201444e-01 5.958046317100524902e-01 6.651208430833444041e-01
5.841385126113891602e-01 6.670924210019435474e-01 5.869338512420654297e-01 6.654507043440788250e-01
5.924584269523620605e-01 6.638951884823592886e-01 5.937173962593078613e-01 6.644133316950517898e-01
5.904008150100708008e-01 6.643437901130194723e-01 5.707576870918273926e-01 6.728526566327676095e-01
5.945160388946533203e-01 6.615328023676412261e-01 5.916301608085632324e-01 6.687797470695910906e-01
5.935766696929931641e-01 6.617132732556361141e-01 5.901690721511840820e-01 6.631873662301080996e-01
5.945160388946533203e-01 6.616198355470324088e-01 6.007096767425537109e-01 6.616177242152055937e-01
5.977365970611572266e-01 6.611175050162142464e-01 5.952827930450439453e-01 6.617436065999283690e-01
5.932635664939880371e-01 6.615350421862687957e-01 5.989354848861694336e-01 6.617589835159167766e-01
6.015834808349609375e-01 6.605233489923174606e-01 5.880818367004394531e-01 6.643200455864444187e-01
5.960816144943237305e-01 6.604481986478053512e-01 5.884992480278015137e-01 6.650543815157553551e-01
5.960816144943237305e-01 6.602332863318811640e-01 5.990398526191711426e-01 6.632145696854795380e-01
5.975129604339599609e-01 6.594670787013735547e-01 5.982049703598022461e-01 6.611822179079901440e-01
5.983628630638122559e-01 6.590208965884399861e-01 5.975787639617919922e-01 6.633370492807187935e-01
5.977365970611572266e-01 6.597067573390891226e-01 5.979962348937988281e-01 6.604011949704599038e-01
5.987207293510437012e-01 6.595614721425681060e-01 5.986224412918090820e-01 6.599119367566642635e-01
6.044462323188781738e-01 6.575758913096981795e-01 5.955958962440490723e-01 6.600905148476903239e-01
5.977365970611572266e-01 6.593795743904038442e-01 5.927781462669372559e-01 6.631958162926403499e-01
5.981839299201965332e-01 6.581443639811729307e-01 5.975787639617919922e-01 6.602610893822791205e-01
5.988101363182067871e-01 6.579922138738129034e-01 5.996660590171813965e-01 6.606666980320216043e-01
6.010019779205322266e-01 6.579736328589977923e-01 5.927781462669372559e-01 6.609542022739713918e-01
6.041778326034545898e-01 6.573550035881429165e-01 6.047797799110412598e-01 6.590778351427244441e-01
5.997942090034484863e-01 6.579030242732395450e-01 5.971613526344299316e-01 6.590942784605781091e-01
6.016281843185424805e-01 6.569028460269197289e-01 6.060321331024169922e-01 6.590626023677116363e-01
6.015387177467346191e-01 6.573307877214847883e-01 6.045710444450378418e-01 6.594251768371551803e-01
6.020307540893554688e-01 6.578524352015824306e-01 6.012314558029174805e-01 6.628169132234457139e-01
6.022544503211975098e-01 6.563232502051725703e-01 6.006053090095520020e-01 6.592886998294614775e-01
5.976918935775756836e-01 6.576622469861598264e-01 6.001878380775451660e-01 6.603110243397798396e-01
6.044909358024597168e-01 6.565791511390605129e-01 5.947610139846801758e-01 6.610380488033210655e-01
6.034621596336364746e-01 6.557940125550709709e-01 5.919432044029235840e-01 6.620119554940256945e-01
6.021202206611633301e-01 6.563513391686373044e-01 6.007096767425537109e-01 6.585854710429825953e-01
6.022544503211975098e-01 6.562449722111726169e-01 6.049885153770446777e-01 6.568828067011187599e-01
6.056092381477355957e-01 6.555751520419808021e-01 6.040492653846740723e-01 6.607136562780755451e-01
6.060118079185485840e-01 6.547098950786013338e-01 5.974744558334350586e-01 6.686017777272341700e-01
6.067722439765930176e-01 6.554125476062649946e-01 6.015445590019226074e-01 6.580501811112722255e-01
6.113795042037963867e-01 6.538378743691102279e-01 6.042580008506774902e-01 6.561860012575172485e-01
6.048040986061096191e-01 6.550534740716917881e-01 6.051972508430480957e-01 6.567322762966454341e-01
6.051619052886962891e-01 6.554215987352762784e-01 6.122938990592956543e-01 6.553538601524370177e-01
6.069511771202087402e-01 6.545294876771784454e-01 6.050928831100463867e-01 6.553175681892901006e-01
6.077563166618347168e-01 6.547190278240639927e-01 6.062408685684204102e-01 6.552830983417513577e-01
6.093665957450866699e-01 6.540742214708470392e-01 6.053016185760498047e-01 6.548694219153302631e-01
6.064591407775878906e-01 6.540925932348595762e-01 6.123982667922973633e-01 6.548867724778333343e-01
6.060565114021301270e-01 6.540177160009840174e-01 6.072844862937927246e-01 6.544913482352503475e-01
6.079799532890319824e-01 6.533924401030384299e-01 6.058233976364135742e-01 6.559801118728687541e-01
6.078904867172241211e-01 6.528149430601215553e-01 5.985180735588073730e-01 6.613292651792529453e-01
6.086062192916870117e-01 6.529217588280837870e-01 6.061365008354187012e-01 6.543734165328799479e-01
6.091876626014709473e-01 6.525086704958187322e-01 6.117720603942871094e-01 6.548025543991794484e-01
6.083825230598449707e-01 6.531690519831649944e-01 6.047797799110412598e-01 6.565434417901768738e-01
6.074432134628295898e-01 6.529943570401336439e-01 6.021707653999328613e-01 6.576443070833878357e-01
6.084272861480712891e-01 6.522842168296081322e-01 6.116676926612854004e-01 6.543596808533657105e-01
6.096796989440917969e-01 6.518301142202674869e-01 6.108328104019165039e-01 6.529993948969307072e-01
6.129003167152404785e-01 6.521004805477004229e-01 6.007096767425537109e-01 6.566385967177603700e-01
6.120504736900329590e-01 6.517999009788303377e-01 6.043623685836791992e-01 6.586621091177209397e-01
6.093218922615051270e-01 6.521313357894973350e-01 6.050928831100463867e-01 6.571644360101986937e-01
6.114689707756042480e-01 6.513408177716720759e-01 6.112502813339233398e-01 6.530023809266572998e-01
6.114689707756042480e-01 6.515141658672899405e-01 6.063452363014221191e-01 6.545494550131875089e-01
6.124082803726196289e-01 6.506651645270672413e-01 6.070757508277893066e-01 6.521511633991822210e-01
6.112900376319885254e-01 6.518329260899142774e-01 6.116676926612854004e-01 6.506568311002751681e-01
6.134371161460876465e-01 6.507102110812906792e-01 6.077019572257995605e-01 6.535915361145447910e-01
6.101717948913574219e-01 6.508039643351134496e-01 6.102066636085510254e-01 6.536779741583027548e-01
6.118267774581909180e-01 6.509710467444014270e-01 6.089543104171752930e-01 6.521809060796022184e-01
6.106190681457519531e-01 6.499168249058753233e-01 6.053016185760498047e-01 6.528466377967933054e-01
6.098139286041259766e-01 6.512129873511914857e-01 6.133375167846679688e-01 6.520504771953982148e-01
6.119162440299987793e-01 6.495906886164586336e-01 5.969526171684265137e-01 6.610088367920980978e-01
6.097691655158996582e-01 6.497212283767854757e-01 5.990398526191711426e-01 6.549127024142186171e-01
6.108427047729492188e-01 6.499420938412476811e-01 6.101022958755493164e-01 6.529656139800553705e-01
6.122741103172302246e-01 6.498620534523332770e-01 6.120851635932922363e-01 6.499360064528625358e-01
6.150921583175659180e-01 6.482395666254336941e-01 6.156334877014160156e-01 6.508209094252772609e-01
6.106190681457519531e-01 6.495699108041533831e-01 6.064496040344238281e-01 6.604595444715488650e-01
6.122294068336486816e-01 6.495211200352366543e-01 6.030056476593017578e-01 6.541522874436033197e-01
6.149132251739501953e-01 6.493058900624956165e-01 6.160508990287780762e-01 6.496157105121799225e-01
6.153605580329895020e-01 6.483709758307900639e-01 6.158422231674194336e-01 6.495609197106995136e-01
6.161656975746154785e-01 6.475767729469650291e-01 6.108328104019165039e-01 6.490851007083143775e-01
6.167919039726257324e-01 6.474820813865648228e-01 6.073888540267944336e-01 6.502750464805454600e-01
6.124530434608459473e-01 6.489343498682672573e-01 6.121895313262939453e-01 6.520232309182385499e-01
6.159420013427734375e-01 6.474778926592219541e-01 6.043623685836791992e-01 6.547463901404720898e-01
6.147342920303344727e-01 6.466545241210516215e-01 6.043623685836791992e-01 6.566305910339188534e-01
6.150026917457580566e-01 6.471446596098022752e-01 6.096848249435424805e-01 6.482434071346953042e-01
6.173287034034729004e-01 6.458095843750583098e-01 6.055103540420532227e-01 6.519647431358667200e-01
6.154499650001525879e-01 6.464272926160443689e-01 6.193905472755432129e-01 6.512069862885655480e-01
6.157183647155761719e-01 6.469761476381922227e-01 6.002922058105468750e-01 6.501354696332126704e-01
6.152710914611816406e-01 6.468608170977047100e-01 6.123982667922973633e-01 6.475340058151154432e-01
6.171944737434387207e-01 6.459121259706224194e-01 6.138592958450317383e-01 6.480630911036041608e-01
6.125425100326538086e-01 6.458848890261735809e-01 6.145898699760437012e-01 6.538099820866163370e-01
6.159420013427734375e-01 6.466806283106337760e-01 6.209559440612792969e-01 6.457523504644165913e-01
6.173287034034729004e-01 6.456668426726452914e-01 6.208515763282775879e-01 6.479940467427205419e-01
6.188942790031433105e-01 6.455431777625971757e-01 6.085368394851684570e-01 6.526420593659829628e-01
6.172839403152465820e-01 6.450181206707281678e-01 6.125026345252990723e-01 6.492084058608522668e-01
6.169261336326599121e-01 6.446149332789108399e-01 6.156334877014160156e-01 6.449468872711867640e-01
6.190284490585327148e-01 6.443997971229634691e-01 6.153203845024108887e-01 6.442532907246896201e-01
6.200125217437744141e-01 6.441902737217355401e-01 6.128156781196594238e-01 6.484752913477823677e-01
6.185811161994934082e-01 6.442492005116484677e-01 6.084324717521667480e-01 6.493095725345552349e-01
6.204150915145874023e-01 6.440110592130557920e-01 6.146942377090454102e-01 6.458385232544423538e-01
6.185811161994934082e-01 6.443184725626953657e-01 6.173032522201538086e-01 6.469693614356181177e-01
6.169261336326599121e-01 6.438616040482847414e-01 6.086412072181701660e-01 6.489635310947360347e-01
6.213544607162475586e-01 6.432878040930392061e-01 6.090586781501770020e-01 6.454192375718763586e-01
