5.576578974723815918e-01 6.821163022618405014e-01 5.762888789176940918e-01 6.708140770718689083e-01
5.844516158103942871e-01 6.689623478786060895e-01 5.784804821014404297e-01 6.671716091130726056e-01
5.904008150100708008e-01 6.648508964380055453e-01 5.958046317100524902e-01 6.641455246918984701e-01
5.922347307205200195e-01 6.636463192222070706e-01 5.945522785186767578e-01 6.602664962488682399e-01
5.935766696929931641e-01 6.635127899087505110e-01 6.024838089942932129e-01 6.583072254638338006e-01
5.990785360336303711e-01 6.606668348409638902e-01 6.035274267196655273e-01 6.573869522915233299e-01
6.025675535202026367e-01 6.582192225092786675e-01 6.078063249588012695e-01 6.543624206267077970e-01
5.978708267211914062e-01 6.577838655660522837e-01 5.857858657836914062e-01 6.616836471887054261e-01
5.962157845497131348e-01 6.602025776754916198e-01 5.879774689674377441e-01 6.586511956951210944e-01
5.983628630638122559e-01 6.575933790607899621e-01 6.037361621856689453e-01 6.593876730621893723e-01
6.026122570037841797e-01 6.563855052570214399e-01 6.128156781196594238e-01 6.520103151478267023e-01
6.053408384323120117e-01 6.546025615746059456e-01 6.098935604095458984e-01 6.497956702963491038e-01
6.073089838027954102e-01 6.537829921100108965e-01 6.101022958755493164e-01 6.515831460014213095e-01
6.073984503746032715e-01 6.529875702797396375e-01 6.181381940841674805e-01 6.487161369966679692e-01
6.087403893470764160e-01 6.519625255920353801e-01 6.143811345100402832e-01 6.494655820253969480e-01
6.083825230598449707e-01 6.504891836956758766e-01 6.140680313110351562e-01 6.474175189188839941e-01
6.086062192916870117e-01 6.493725656161988269e-01 6.140680313110351562e-01 6.476352691675272277e-01
6.121846437454223633e-01 6.481630311368040687e-01 6.088499426841735840e-01 6.511632564719249672e-01
6.121846437454223633e-01 6.490960672729705339e-01 6.081193685531616211e-01 6.503402042727309817e-01
6.045356988906860352e-01 6.494833789052637529e-01 6.135462522506713867e-01 6.474889255570260849e-01
6.134371161460876465e-01 6.480712313454956019e-01 6.141723990440368652e-01 6.449004512344763684e-01
6.099928617477416992e-01 6.456060184095515631e-01 6.060321331024169922e-01 6.491791303634046884e-01
6.120951771736145020e-01 6.491404612261870710e-01 6.176163554191589355e-01 6.425161478266141479e-01
6.102612018585205078e-01 6.468056842730069977e-01 6.083281040191650391e-01 6.475775768602101135e-01
6.126766800880432129e-01 6.445884988269133808e-01 6.159465909004211426e-01 6.393713744466476001e-01
6.153605580329895020e-01 6.433141134382041049e-01 6.139636635780334473e-01 6.429754485792368301e-01
6.156288981437683105e-01 6.439776345300939342e-01 6.225214004516601562e-01 6.376529433637191380e-01
6.150473952293395996e-01 6.436292236255264365e-01 6.210603117942810059e-01 6.416528549280925420e-01
6.145106554031372070e-01 6.451521067611645233e-01 6.105197072029113770e-01 6.424939367920937672e-01
6.194757819175720215e-01 6.394920330031397260e-01 6.249217391014099121e-01 6.386222947094192248e-01
6.179996132850646973e-01 6.383988031399956409e-01 6.164683699607849121e-01 6.364503277664367298e-01
6.159867644309997559e-01 6.397187107896352698e-01 6.191818118095397949e-01 6.361130760149477092e-01
6.216228008270263672e-01 6.374916234432765894e-01 6.234606504440307617e-01 6.405176733958898305e-01
6.256933212280273438e-01 6.363183397217840875e-01 6.197035908699035645e-01 6.376778774882527756e-01
6.173287034034729004e-01 6.375361009325787309e-01 6.199123263359069824e-01 6.403815483429864397e-01
6.193863153457641602e-01 6.372393533163536183e-01 6.200166940689086914e-01 6.365718195493622611e-01
6.203256249427795410e-01 6.373642965855293996e-01 6.198079586029052734e-01 6.340377114182895735e-01
6.226516366004943848e-01 6.342503334503734047e-01 6.159465909004211426e-01 6.352976785276409633e-01
6.202361583709716797e-01 6.366759754822662876e-01 6.222082972526550293e-01 6.396386350552291100e-01
6.206834912300109863e-01 6.347099050124955788e-01 6.181381940841674805e-01 6.317851080498350091e-01
6.248434185981750488e-01 6.295426045766903123e-01 6.114589571952819824e-01 6.395882791329265959e-01
6.236357092857360840e-01 6.315118869678942870e-01 6.305572986602783203e-01 6.294703422247605040e-01
6.239935755729675293e-01 6.308052710246305761e-01 6.225214004516601562e-01 6.332365335514440474e-01
6.243961453437805176e-01 6.312853865876012494e-01 6.275308132171630859e-01 6.272416717447285572e-01
6.232331395149230957e-01 6.303154912227849627e-01 6.298267841339111328e-01 6.297814243523071065e-01
6.281087994575500488e-01 6.290875803402613542e-01 6.203297972679138184e-01 6.331389650151963977e-01
6.290481090545654297e-01 6.292772631053101806e-01 6.252348423004150391e-01 6.275233276401425142e-01
6.297638416290283203e-01 6.257805799004599878e-01 6.286787986755371094e-01 6.250024996005874023e-01
6.349526047706604004e-01 6.233002717709537066e-01 6.225214004516601562e-01 6.309153970087577612e-01
6.286008358001708984e-01 6.257319366661033833e-01 6.270089745521545410e-01 6.248763525095346605e-01
6.306136846542358398e-01 6.212392864873145237e-01 6.292005777359008789e-01 6.223527490284019859e-01
6.327160596847534180e-01 6.245056178002861280e-01 6.261740922927856445e-01 6.211658437524253396e-01
6.340579986572265625e-01 6.206022306255587484e-01 6.253391504287719727e-01 6.283365111091245847e-01
6.307479143142700195e-01 6.218897299639417620e-01 6.261740922927856445e-01 6.315993715293022337e-01
6.314188838005065918e-01 6.220886761695546552e-01 6.277394890785217285e-01 6.238868718006943537e-01
6.340579986572265625e-01 6.164990207295358848e-01 6.262784600257873535e-01 6.270662879824414615e-01
6.311504840850830078e-01 6.201334368736804992e-01 6.269046068191528320e-01 6.250222856056414367e-01
6.316425204277038574e-01 6.219606282225148552e-01 6.342099905014038086e-01 6.192581511270375261e-01
6.346842050552368164e-01 6.167558326898651133e-01 6.262784600257873535e-01 6.263671890227736627e-01
6.246645450592041016e-01 6.224061229464021849e-01 6.266958713531494141e-01 6.231189260301647215e-01
6.374127864837646484e-01 6.156479659671753035e-01 6.248173713684082031e-01 6.206742180610493875e-01
6.292718052864074707e-01 6.187718397902555179e-01 6.349405050277709961e-01 6.143393307159151773e-01
6.370996832847595215e-01 6.110718634628101720e-01 6.338968873023986816e-01 6.209794973386550954e-01
6.366076469421386719e-01 6.122097967668773677e-01 6.219995617866516113e-01 6.184515499093292679e-01
6.364734172821044922e-01 6.105170955191274729e-01 6.332707405090332031e-01 6.145301241139184967e-01
6.368759870529174805e-01 6.090816707085531245e-01 6.312878131866455078e-01 6.163880096997679248e-01
6.392467617988586426e-01 6.076053962935316077e-01 6.292005777359008789e-01 6.208885720765956462e-01
6.347289085388183594e-01 6.076465528261727478e-01 6.272177100181579590e-01 6.236252279874801019e-01
6.351315379142761230e-01 6.147547902585697166e-01 6.345230937004089355e-01 6.140177621768775351e-01
6.405886411666870117e-01 6.146670927897317505e-01 6.340012550354003906e-01 6.150739182636648650e-01
6.393361687660217285e-01 6.070093822449387222e-01 6.268002390861511230e-01 6.172261890999785061e-01
6.408123373985290527e-01 6.027128272415764876e-01 6.362972259521484375e-01 6.150391931276036894e-01
6.411701440811157227e-01 6.057600960426071657e-01 6.259653568267822266e-01 6.171766942290367597e-01
6.461352705955505371e-01 6.020305724066343789e-01 6.362972259521484375e-01 6.086736219806627712e-01
6.432277560234069824e-01 6.038138355801838664e-01 6.337925195693969727e-01 6.173415997908673347e-01
6.450617313385009766e-01 6.038814539409405047e-01 6.361928582191467285e-01 6.160598099169515285e-01
6.426462531089782715e-01 6.053477045162608539e-01 6.391150355339050293e-01 6.106516147077867274e-01
6.457327008247375488e-01 6.016526478286888802e-01 6.314965486526489258e-01 6.165466568983066775e-01
6.491322517395019531e-01 6.015404007967649624e-01 6.403673291206359863e-01 6.092130121670195075e-01
6.477455496788024902e-01 5.965360886275522523e-01 6.320183873176574707e-01 6.100488216636624772e-01
6.491769552230834961e-01 5.961920281475229233e-01 6.397411823272705078e-01 6.068769597081594691e-01
6.474772095680236816e-01 5.966572794382720701e-01 6.410979032516479492e-01 6.068270860099513886e-01
6.500268578529357910e-01 5.988898689684148957e-01 6.390106678009033203e-01 6.083336547530286964e-01
6.488190889358520508e-01 5.998135282882830488e-01 6.418284177780151367e-01 6.063186406865296307e-01
6.533368825912475586e-01 5.946942028088142429e-01 6.448549628257751465e-01 6.032934466276206331e-01
6.472535133361816406e-01 6.018711803189371601e-01 6.440200209617614746e-01 6.038706901426281748e-01
6.532474756240844727e-01 5.912526218424886126e-01 6.377583146095275879e-01 6.042450791459271775e-01
6.520844697952270508e-01 5.957863098032083471e-01 6.436026096343994141e-01 6.015918996209168590e-01
6.519055366516113281e-01 5.894513737752241633e-01 6.434982419013977051e-01 6.044348379536029769e-01
6.528001427650451660e-01 5.931713222433531163e-01 6.348361372947692871e-01 6.115477940056374129e-01
6.442565917968750000e-01 6.026763752313478717e-01 6.495512127876281738e-01 6.040403909609577404e-01
6.519502401351928711e-01 5.908196902718734211e-01 6.478814482688903809e-01 5.997647711141351756e-01
6.556628942489624023e-01 5.857864250904717407e-01 6.470465660095214844e-01 6.067494204735561780e-01
6.540973186492919922e-01 5.877444444967097059e-01 6.474639773368835449e-01 6.046229959206053106e-01
6.597334146499633789e-01 5.870216497476550277e-01 6.440200209617614746e-01 6.070550371749096064e-01
6.524422764778137207e-01 5.907514372906844669e-01 6.447505950927734375e-01 6.047350450140328570e-01
6.545446515083312988e-01 5.895375063048639008e-01 6.436026096343994141e-01 6.043290035805755078e-01
6.543210148811340332e-01 5.872733258970693759e-01 6.482989192008972168e-01 6.022446893421500302e-01
6.560654640197753906e-01 5.865166401965478116e-01 6.485075950622558594e-01 5.985433942862080636e-01
6.598228812217712402e-01 5.801865921973499152e-01 6.527864933013916016e-01 5.957459261486560687e-01
