5.516192317008972168e-01 6.907545469020086593e-01 5.891254544258117676e-01 6.694642752626698279e-01
5.764001011848449707e-01 6.731354369526793002e-01 5.858902335166931152e-01 6.645780509410484926e-01
5.846305489540100098e-01 6.698945529730935267e-01 5.833855271339416504e-01 6.722051513341841256e-01
5.917426943778991699e-01 6.657456505659079538e-01 5.992485880851745605e-01 6.617367390774158142e-01
5.915637612342834473e-01 6.626820380305066260e-01 5.917345285415649414e-01 6.604503787054046837e-01
6.047146320343017578e-01 6.591861657538339303e-01 5.917345285415649414e-01 6.596459245612092959e-01
6.010466814041137695e-01 6.615957026405696606e-01 6.019620299339294434e-01 6.614341425562273447e-01
6.066827774047851562e-01 6.566689773650177253e-01 6.034230589866638184e-01 6.522814710835429519e-01
6.089193224906921387e-01 6.544675291981630894e-01 6.149029135704040527e-01 6.530211512018807563e-01
6.134818196296691895e-01 6.516118206818301006e-01 6.118764281272888184e-01 6.501559018217877295e-01
6.089640259742736816e-01 6.528101750511371426e-01 6.108328104019165039e-01 6.515690543113633604e-01
6.172392368316650391e-01 6.479450946610095796e-01 6.050928831100463867e-01 6.535005852987512132e-01
6.188495159149169922e-01 6.460215735252053948e-01 6.146942377090454102e-01 6.480146350031530389e-01
6.179549098014831543e-01 6.471403646520306197e-01 6.182425618171691895e-01 6.430408927250247375e-01
6.202361583709716797e-01 6.449333836192371328e-01 6.207472085952758789e-01 6.434172984578867549e-01
6.201466917991638184e-01 6.444863903754980416e-01 6.272177100181579590e-01 6.372213981092361701e-01
6.264089941978454590e-01 6.402982631316657125e-01 6.195992231369018555e-01 6.395432915724386103e-01
6.246645450592041016e-01 6.399055667225544974e-01 6.276351213455200195e-01 6.345477105306698284e-01
6.268563270568847656e-01 6.377914742656460856e-01 6.296180486679077148e-01 6.369187481541196405e-01
6.240382790565490723e-01 6.381200384231986433e-01 6.307660341262817383e-01 6.327456350591281753e-01
6.272141933441162109e-01 6.355609463480808019e-01 6.317052841186523438e-01 6.352847134288182041e-01
6.292270421981811523e-01 6.352583866871027718e-01 6.342099905014038086e-01 6.296576504616766545e-01
6.338343024253845215e-01 6.312130034705738524e-01 6.277394890785217285e-01 6.351014943118882261e-01
6.330738663673400879e-01 6.332616927607112034e-01 6.383844614028930664e-01 6.276187941889204147e-01
6.319109201431274414e-01 6.301865673039590554e-01 6.312878131866455078e-01 6.330260811457179004e-01
6.379495263099670410e-01 6.300267023783417963e-01 6.386975646018981934e-01 6.246797343157348692e-01
6.400966048240661621e-01 6.255955743243643008e-01 6.390106678009033203e-01 6.215768263748557843e-01
6.400071382522583008e-01 6.240383714656110303e-01 6.317052841186523438e-01 6.251620806798734442e-01
6.363392472267150879e-01 6.251728377395120440e-01 6.314965486526489258e-01 6.244250748829810460e-01
6.424226164817810059e-01 6.233919715599801625e-01 6.394280791282653809e-01 6.212046801658245299e-01
6.405886411666870117e-01 6.226909006616684339e-01 6.494469046592712402e-01 6.164028636972781472e-01
6.409465074539184570e-01 6.209123881244130727e-01 6.382800936698913574e-01 6.196055148544103996e-01
6.463142037391662598e-01 6.179634918145319178e-01 6.461072564125061035e-01 6.157195759675517799e-01
6.441671252250671387e-01 6.168854594187993534e-01 6.437069773674011230e-01 6.192326301374855291e-01
6.505188941955566406e-01 6.159372691989563053e-01 6.424546241760253906e-01 6.139403810159718144e-01
6.472982764244079590e-01 6.131751259722549863e-01 6.414110064506530762e-01 6.319183913010740783e-01
6.493111252784729004e-01 6.154765943056953459e-01 6.466290950775146484e-01 6.118121903068559631e-01
6.516819000244140625e-01 6.092422959906488300e-01 6.472552418708801270e-01 6.127257304683255690e-01
6.477455496788024902e-01 6.082565056699655859e-01 6.544562578201293945e-01 6.082910376186286827e-01
6.552156209945678711e-01 6.050555043856985504e-01 6.537257432937622070e-01 6.084965445930140548e-01
6.543210148811340332e-01 6.062737672075984019e-01 6.464203596115112305e-01 6.096635043459330827e-01
6.598675847053527832e-01 6.021833587234572960e-01 6.559173464775085449e-01 6.036460575169647624e-01
6.557971239089965820e-01 6.013388327439711523e-01 6.484032273292541504e-01 6.096102333447053212e-01
6.582125425338745117e-01 6.001277620559046788e-01 6.523690223693847656e-01 6.013985881474988027e-01
6.593755483627319336e-01 6.009186490061116936e-01 6.473596096038818359e-01 6.118737033453048868e-01
6.583914756774902344e-01 6.009103566445483935e-01 6.534126400947570801e-01 6.011340740801421889e-01
6.590624451637268066e-01 5.951506329853988309e-01 6.446462273597717285e-01 6.135523184508775429e-01
6.581230759620666504e-01 5.978318172461829505e-01 6.529952287673950195e-01 6.008683458371840702e-01
6.654142141342163086e-01 5.905552474132994556e-01 6.586307883262634277e-01 5.989283415102256702e-01
6.610753536224365234e-01 5.937294293375641185e-01 6.614485383033752441e-01 5.982420233365415285e-01
6.680980324745178223e-01 5.908052797265461731e-01 6.599874496459960938e-01 5.923994498296660804e-01
6.664877533912658691e-01 5.895002367010609978e-01 6.605092883110046387e-01 5.946768237737791729e-01
6.623725295066833496e-01 5.894300548500058801e-01 6.515341401100158691e-01 6.063476179990209269e-01
6.674718260765075684e-01 5.899452613811626556e-01 6.621791124343872070e-01 5.977682966052353386e-01
6.709608435630798340e-01 5.835462961326581821e-01 6.591525673866271973e-01 5.925330136992243979e-01
6.674718260765075684e-01 5.863757904003762400e-01 6.590481996536254883e-01 5.957840017226363472e-01
6.697083711624145508e-01 5.831846352616626428e-01 6.726153492927551270e-01 5.854180041794686540e-01
6.677849292755126953e-01 5.856827021519641630e-01 6.641619801521301270e-01 5.885294102920766157e-01
6.726605892181396484e-01 5.796930456251081498e-01 6.658317446708679199e-01 5.933794405609151834e-01
6.736446619033813477e-01 5.782870348268981386e-01 6.636401414871215820e-01 5.913408768000371074e-01
6.726158261299133301e-01 5.802505211383077732e-01 6.633270978927612305e-01 5.908556788805207072e-01
6.723027229309082031e-01 5.761856358664303457e-01 6.662492156028747559e-01 5.872760236425007552e-01
6.727500557899475098e-01 5.779302451878887137e-01 6.651012301445007324e-01 5.866262135065763994e-01
6.752102375030517578e-01 5.775053777129902643e-01 6.511166691780090332e-01 5.940242245609838045e-01
6.736893653869628906e-01 5.770617611912883804e-01 6.670840978622436523e-01 5.877146904763635993e-01
6.754786372184753418e-01 5.778195832513230989e-01 6.764767169952392578e-01 5.805789567164701959e-01
6.763284802436828613e-01 5.774005662885158818e-01 6.583176851272583008e-01 5.934673617414133462e-01
6.715870499610900879e-01 5.773395969117343096e-01 6.573784351348876953e-01 5.887681103354828194e-01
6.741814017295837402e-01 5.771603592394672910e-01 6.751199960708618164e-01 5.785112718629130679e-01
6.793254613876342773e-01 5.715016070750003063e-01 6.670840978622436523e-01 5.914821128983558385e-01
6.761048436164855957e-01 5.756426633182846198e-01 6.535170078277587891e-01 5.957946390803087189e-01
6.768205165863037109e-01 5.772047064282596063e-01 6.780421733856201172e-01 5.779704787964563550e-01
6.829039454460144043e-01 5.675119190933580748e-01 6.630139946937561035e-01 5.858621610850687222e-01
6.732867956161499023e-01 5.783641187017218854e-01 6.734502315521240234e-01 5.746384364681287327e-01
6.762837767601013184e-01 5.714631087559454148e-01 6.634314060211181641e-01 5.876302383583489330e-01
6.792807579040527344e-01 5.738187197240569581e-01 6.749113202095031738e-01 5.764162750314805184e-01
6.849167943000793457e-01 5.635751498302208340e-01 6.739720106124877930e-01 5.770840477505498889e-01
6.826802492141723633e-01 5.635057562343291915e-01 6.673972010612487793e-01 5.821749737929063917e-01
6.861692667007446289e-01 5.635913589342397279e-01 6.786683201789855957e-01 5.778757879167228939e-01
6.832617521286010742e-01 5.624750115765210223e-01 6.676059365272521973e-01 5.845232192894233014e-01
6.870638728141784668e-01 5.639446223223650856e-01 6.727196574211120605e-01 5.763547852327469689e-01
6.852746605873107910e-01 5.645302604063399121e-01 6.762679815292358398e-01 5.769018498499143277e-01
6.862139701843261719e-01 5.628854521998652993e-01 6.816948652267456055e-01 5.762876622912231905e-01
6.875112056732177734e-01 5.604141768348688268e-01 6.858693361282348633e-01 5.676650734491175410e-01
6.881374120712280273e-01 5.621333635115712823e-01 6.675015687942504883e-01 5.818598610552137007e-01
6.873322725296020508e-01 5.603140933096867338e-01 6.779378056526184082e-01 5.707863298171100830e-01
6.860350966453552246e-01 5.590000185221674078e-01 6.702150106430053711e-01 5.830002180521285382e-01
6.898371577262878418e-01 5.588271791722954074e-01 6.747025847434997559e-01 5.738790612881627951e-01
6.892556548118591309e-01 5.595773747172503310e-01 6.759549379348754883e-01 5.732893545427045767e-01
6.901055574417114258e-01 5.557521728075218714e-01 6.703193783760070801e-01 5.687642654081745963e-01
6.886741518974304199e-01 5.582644256246092063e-01 6.856606006622314453e-01 5.655759622497813499e-01
6.898819208145141602e-01 5.543354339411058485e-01 6.801294088363647461e-01 5.677058864202162436e-01
6.930130720138549805e-01 5.497939284297003182e-01 6.786683201789855957e-01 5.695425727078272660e-01
6.930577754974365234e-01 5.524491635327006822e-01 6.786683201789855957e-01 5.647441006557748500e-01
6.934156417846679688e-01 5.529495244547470989e-01 6.827384829521179199e-01 5.644149465517120934e-01
6.950706839561462402e-01 5.492589571839007201e-01 6.783552765846252441e-01 5.686063335524598195e-01
6.893451213836669922e-01 5.605775693871078991e-01 6.807555556297302246e-01 5.720860238389763319e-01
6.954284906387329102e-01 5.530351868126255344e-01 6.701106429100036621e-01 5.851136108849098738e-01
6.929236054420471191e-01 5.502712159447730178e-01 6.862868070602416992e-01 5.675660792906930263e-01
6.935945749282836914e-01 5.506517788360958399e-01 6.859737038612365723e-01 5.640072254143286834e-01
