5.078725814819335938e-01 9.075406521457447528e-01 5.214986205101013184e-01 7.108481852327998007e-01
5.072016716003417969e-01 9.102036358419013373e-01 5.214986205101013184e-01 7.105916910693034216e-01
5.030864477157592773e-01 9.041538203652034200e-01 5.210812091827392578e-01 7.103333719038957828e-01
5.097960233688354492e-01 9.018437508010420656e-01 5.211855769157409668e-01 7.100734251248664863e-01
5.020576119422912598e-01 9.087913898368878973e-01 5.212899446487426758e-01 7.098309436886476309e-01
5.045177936553955078e-01 9.082208883145943545e-01 5.220204591751098633e-01 7.095530465932610165e-01
5.013866424560546875e-01 9.079228013375296724e-01 5.223335623741149902e-01 7.093116978816711438e-01
5.029075145721435547e-01 9.028805149520823248e-01 5.225422382354736328e-01 7.090679713167394871e-01
5.025049448013305664e-01 9.057594954082334171e-01 5.226466059684753418e-01 7.088250391071759804e-01
5.079620480537414551e-01 8.977949106110978406e-01 5.226466059684753418e-01 7.085822294037567026e-01
5.102880597114562988e-01 8.898071788636660040e-01 5.226466059684753418e-01 7.083730229976107351e-01
5.076489448547363281e-01 9.020070670264888069e-01 5.229597091674804688e-01 7.081379349757723762e-01
5.019681453704833984e-01 8.990683632388398738e-01 5.220204591751098633e-01 7.079055277073564856e-01
5.052334666252136230e-01 9.030621058613695906e-01 5.227509737014770508e-01 7.077041139709155937e-01
5.073805451393127441e-01 8.950413205709369935e-01 5.227509737014770508e-01 7.074650208180196520e-01
5.020129084587097168e-01 9.026043262778592480e-01 5.231684446334838867e-01 7.072382457219990037e-01
5.056360960006713867e-01 8.959326769568067839e-01 5.237945914268493652e-01 7.070053056320997342e-01
5.118089318275451660e-01 8.913825091596451200e-01 5.243164300918579102e-01 7.067737675887560966e-01
5.002236366271972656e-01 9.036197429224595012e-01 5.246295332908630371e-01 7.065738878974683335e-01
5.030864477157592773e-01 8.992201319148660499e-01 5.229597091674804688e-01 7.063647847886226350e-01
5.068885087966918945e-01 8.903930108413689037e-01 5.229597091674804688e-01 7.061472363696917887e-01
5.030864477157592773e-01 8.976318064305880418e-01 5.234815478324890137e-01 7.059371392529335543e-01
5.077831745147705078e-01 8.917641322009997040e-01 5.245251655578613281e-01 7.057414977989920901e-01
5.028180480003356934e-01 9.001433691071534238e-01 5.252556800842285156e-01 7.055483439401106782e-01
5.073358416557312012e-01 9.012675714270973470e-01 5.257775187492370605e-01 7.053641146793416805e-01
5.053229331970214844e-01 8.882867169520961559e-01 5.261949300765991211e-01 7.051668981126344438e-01
5.040705204010009766e-01 8.944799231382319915e-01 5.271342396736145020e-01 7.049807620008712306e-01
5.051440596580505371e-01 8.923776775870474465e-01 5.274472832679748535e-01 7.048033268982670796e-01
5.057255029678344727e-01 8.965407568240852942e-01 5.280734896659851074e-01 7.046138168476091534e-01
5.093039870262145996e-01 8.911196756051508183e-01 5.288040041923522949e-01 7.044522944434254974e-01
5.081409811973571777e-01 8.878221303027268307e-01 5.295345187187194824e-01 7.042751902579464929e-01
5.106906294822692871e-01 8.827320304875041490e-01 5.289083719253540039e-01 7.041130660347091341e-01
5.059939026832580566e-01 8.931700220195908368e-01 5.279691219329833984e-01 7.039388668385360148e-01
5.070674419403076172e-01 8.896824130433512723e-01 5.285952687263488770e-01 7.037635859754383105e-01
5.007156729698181152e-01 8.961617780789682408e-01 5.282822251319885254e-01 7.035728559143681338e-01
5.121667385101318359e-01 8.854063152307090068e-01 5.284909009933471680e-01 7.034123236116350819e-01
5.129271745681762695e-01 8.855320647996106631e-01 5.289083719253540039e-01 7.032324702350064571e-01
5.058597326278686523e-01 8.897843348956487874e-01 5.286996364593505859e-01 7.030857421490425141e-01
5.039810538291931152e-01 8.937566898700525231e-01 5.286996364593505859e-01 7.029289447721323025e-01
5.099749565124511719e-01 8.843377988994132188e-01 5.294302105903625488e-01 7.027551361350519166e-01
5.109590291976928711e-01 8.811166118180566720e-01 5.301607251167297363e-01 7.025927388451587152e-01
5.028180480003356934e-01 8.917364149960449460e-01 5.302650928497314453e-01 7.024233036289083687e-01
5.042046904563903809e-01 8.812046577538418246e-01 5.292214751243591309e-01 7.022727371580888001e-01
5.002683997154235840e-01 8.896934614025387988e-01 5.298476219177246094e-01 7.021048519238627383e-01
5.110484957695007324e-01 8.852379652655685272e-01 5.305781960487365723e-01 7.019396754849854814e-01
5.051440596580505371e-01 8.828069645958779299e-01 5.314130783081054688e-01 7.017770978758016698e-01
5.032206177711486816e-01 8.885220413793283312e-01 5.319348573684692383e-01 7.016202272962762665e-01
5.107800960540771484e-01 8.792187306402748925e-01 5.324566960334777832e-01 7.014755735166434691e-01
5.025944113731384277e-01 8.849745676158727870e-01 5.330828428268432617e-01 7.013121063040930192e-01
5.067543387413024902e-01 8.835499293370331353e-01 5.330828428268432617e-01 7.011584802774665226e-01
5.076937079429626465e-01 8.803967501528895401e-01 5.332915782928466797e-01 7.010123273620175732e-01
5.045177936553955078e-01 8.847755025209095292e-01 5.341264605522155762e-01 7.008619317304761731e-01
5.057702660560607910e-01 8.899288307918720164e-01 5.346482992172241211e-01 7.007102123682296124e-01
5.025944113731384277e-01 8.919893389610724643e-01 5.343351960182189941e-01 7.005729421497361997e-01
5.089014172554016113e-01 8.784178552782840876e-01 5.353788137435913086e-01 7.004309878098494702e-01
5.068885087966918945e-01 8.845329481750422440e-01 5.352744460105895996e-01 7.002992827691755240e-01
5.082304477691650391e-01 8.806189020282788604e-01 5.357962846755981445e-01 7.001549477767307073e-01
5.047414302825927734e-01 8.802125007634001852e-01 5.360050201416015625e-01 7.000250825551526113e-01
5.020129084587097168e-01 8.875073663534429613e-01 5.357962846755981445e-01 6.998841330343734679e-01
5.069332718849182129e-01 8.794314101015781038e-01 5.357962846755981445e-01 6.997501423029978129e-01
5.057702660560607910e-01 8.839923505557844008e-01 5.359006524085998535e-01 6.996051836949354064e-01
5.052782297134399414e-01 8.832342082367619085e-01 5.359006524085998535e-01 6.994543497434515533e-01
5.138217806816101074e-01 8.737503065152594228e-01 5.360050201416015625e-01 6.993279124420984649e-01
5.095276236534118652e-01 8.748722213563221439e-01 5.362137556076049805e-01 6.991982608567048896e-01
5.077831745147705078e-01 8.778801992746217975e-01 5.361093878746032715e-01 6.990710642834939703e-01
4.989711940288543701e-01 8.859504977136845039e-01 5.357962846755981445e-01 6.989384152848943099e-01
5.116299986839294434e-01 8.730885202395380906e-01 5.357962846755981445e-01 6.988188873823290015e-01
5.033100843429565430e-01 8.827015507048454612e-01 5.353788137435913086e-01 6.987013656842735454e-01
5.049651265144348145e-01 8.784615034535780964e-01 5.354831814765930176e-01 6.985650825689591059e-01
5.105116963386535645e-01 8.718780428464435461e-01 5.354831814765930176e-01 6.984445994618391218e-01
5.065754055976867676e-01 8.797759667750781887e-01 5.354831814765930176e-01 6.983225970769869617e-01
5.078278779983520508e-01 8.774796786067694532e-01 5.354831814765930176e-01 6.982031417549887653e-01
5.046072602272033691e-01 8.813402887469093949e-01 5.356919169425964355e-01 6.980900895593061817e-01
5.084540843963623047e-01 8.793105876153559652e-01 5.362137556076049805e-01 6.979630805833482166e-01
5.091698169708251953e-01 8.701208582140290693e-01 5.362137556076049805e-01 6.978340998643426385e-01
5.090803503990173340e-01 8.739929499214931230e-01 5.363181233406066895e-01 6.977178872664222542e-01
5.045177936553955078e-01 8.728350220159120099e-01 5.369442701339721680e-01 6.975869436001285173e-01
4.999105334281921387e-01 8.801982139918261838e-01 5.372573733329772949e-01 6.974635275488629826e-01
5.115405321121215820e-01 8.682757187431411339e-01 5.384053587913513184e-01 6.973342425612710782e-01
5.119878053665161133e-01 8.663693477267505605e-01 5.388227701187133789e-01 6.972032715995086782e-01
5.144927501678466797e-01 8.642217168912069702e-01 5.394489765167236328e-01 6.970842739058247250e-01
5.050992965698242188e-01 8.736781846924530637e-01 5.393446087837219238e-01 6.969665311194491730e-01
5.066201686859130859e-01 8.743215501575056781e-01 5.394489765167236328e-01 6.968532657105747097e-01
5.075147747993469238e-01 8.627170981053782217e-01 5.394489765167236328e-01 6.967460766288487983e-01
5.030416846275329590e-01 8.791892961304822451e-01 5.395533442497253418e-01 6.966310825608662549e-01
5.046072602272033691e-01 8.755766290696069820e-01 5.389271378517150879e-01 6.965225056401624926e-01
5.061281323432922363e-01 8.782637357114572163e-01 5.391358733177185059e-01 6.964062706236300304e-01
5.077384114265441895e-01 8.668123002042922298e-01 5.395533442497253418e-01 6.962925588579522707e-01
5.050545930862426758e-01 8.703044868257822086e-01 5.392402410507202148e-01 6.961814159019285020e-01
5.050992965698242188e-01 8.682564898517525220e-01 5.393446087837219238e-01 6.960767844578737984e-01
5.076937079429626465e-01 8.675142858403380730e-01 5.393446087837219238e-01 6.959707671529538064e-01
5.088566541671752930e-01 8.753230477364807305e-01 5.394489765167236328e-01 6.958595718080429204e-01
5.136876106262207031e-01 8.647610206022994239e-01 5.392402410507202148e-01 6.957495520841948666e-01
5.048308968544006348e-01 8.693841250537013288e-01 5.396577119827270508e-01 6.956347796519348758e-01
5.058597326278686523e-01 8.684561090171604159e-01 5.395533442497253418e-01 6.955306845501553203e-01
5.114063620567321777e-01 8.621998140073501293e-01 5.397620797157287598e-01 6.954245736643258624e-01
5.066201686859130859e-01 8.682308256210208297e-01 5.397620797157287598e-01 6.953159080271281711e-01
5.070674419403076172e-01 8.713652438779575515e-01 5.398663878440856934e-01 6.952158106789163572e-01
5.052334666252136230e-01 8.681382174397180851e-01 5.402838587760925293e-01 6.951128405261651766e-01
5.090355873107910156e-01 8.668559263784443303e-01 5.402838587760925293e-01 6.950088297118973690e-01
