5.465199351310729980e-01 6.860359451663710084e-01 5.756626725196838379e-01 6.731538560464620513e-01
5.743871927261352539e-01 6.738280520432322618e-01 5.776455998420715332e-01 6.696183543393368076e-01
5.800679922103881836e-01 6.707508333319307514e-01 5.870382189750671387e-01 6.662802343900008362e-01
5.874933004379272461e-01 6.678879003892497224e-01 5.906908512115478516e-01 6.674823453321359068e-01
5.831991434097290039e-01 6.671590635166075867e-01 5.899603366851806641e-01 6.632450555018307714e-01
5.859277248382568359e-01 6.655378790335997330e-01 5.961177349090576172e-01 6.630401824690608237e-01
5.870907306671142578e-01 6.632116994398782328e-01 5.976831316947937012e-01 6.611595367295486358e-01
5.890141129493713379e-01 6.613903136730279186e-01 5.955958962440490723e-01 6.598335761188888204e-01
5.927715301513671875e-01 6.610295833447555891e-01 5.983093380928039551e-01 6.587555851127180340e-01
5.980049967765808105e-01 6.589636765560410447e-01 6.016489267349243164e-01 6.581114421704944428e-01
5.992127656936645508e-01 6.565527542265781058e-01 6.070757508277893066e-01 6.546585252304411018e-01
6.027464866638183594e-01 6.559292274780703647e-01 6.058233976364135742e-01 6.536677996292663551e-01
6.065038442611694336e-01 6.537152709315087185e-01 6.110415458679199219e-01 6.514406236072493028e-01
6.083825230598449707e-01 6.516756335489010121e-01 6.110415458679199219e-01 6.500838544368245930e-01
6.109321713447570801e-01 6.513053352514135419e-01 6.139636635780334473e-01 6.495592871331342666e-01
6.153605580329895020e-01 6.475318499745313927e-01 6.173032522201538086e-01 6.482476961062810794e-01
6.166577339172363281e-01 6.482151779277014469e-01 6.173032522201538086e-01 6.484913408096885101e-01
6.146895885467529297e-01 6.474805194014704446e-01 6.171989440917968750e-01 6.485740293965810421e-01
6.167024374008178711e-01 6.479701576089577086e-01 6.163640022277832031e-01 6.478152123927771733e-01
6.182680130004882812e-01 6.444215664583746728e-01 6.157378554344177246e-01 6.528288055327161610e-01
6.194310188293457031e-01 6.429345147578570119e-01 6.217908859252929688e-01 6.460480176190747104e-01
6.182233095169067383e-01 6.434069088158442806e-01 6.182425618171691895e-01 6.433404633805289707e-01
6.219806671142578125e-01 6.422639270122286748e-01 6.210603117942810059e-01 6.412372289408574400e-01
6.187153458595275879e-01 6.415420449426336713e-01 6.239824891090393066e-01 6.410757910107999225e-01
6.235015392303466797e-01 6.412593131416022274e-01 6.269046068191528320e-01 6.384178814696906956e-01
6.273483633995056152e-01 6.399172992287391892e-01 6.214777827262878418e-01 6.409229826787846696e-01
6.250223517417907715e-01 6.392031501925978798e-01 6.289918422698974609e-01 6.390497795203313736e-01
6.246197819709777832e-01 6.381645651937789543e-01 6.270089745521545410e-01 6.388811946810971643e-01
6.261406540870666504e-01 6.372511281184805032e-01 6.326445341110229492e-01 6.376163325885023658e-01
6.249776482582092285e-01 6.367968232543380624e-01 6.301398277282714844e-01 6.349553637777283210e-01
6.259169578552246094e-01 6.351694692480135407e-01 6.330620050430297852e-01 6.342127479409106483e-01
6.322240233421325684e-01 6.330858548354283410e-01 6.287831068038940430e-01 6.358497942247910428e-01
6.286455392837524414e-01 6.347182756631440936e-01 6.310790777206420898e-01 6.339371031820090208e-01
6.328055262565612793e-01 6.322018242432619894e-01 6.327489018440246582e-01 6.321409642882994673e-01
6.306584477424621582e-01 6.317256990134300088e-01 6.343143582344055176e-01 6.298599309972023885e-01
6.311951875686645508e-01 6.310069744862945029e-01 6.286787986755371094e-01 6.318595512528878411e-01
6.290034055709838867e-01 6.326227250498466237e-01 6.240868568420410156e-01 6.337124452016668075e-01
6.346394419670104980e-01 6.301448885241440756e-01 6.319140195846557617e-01 6.302951814187292001e-01
6.337895989418029785e-01 6.299607911483613432e-01 6.308704018592834473e-01 6.299810031713909408e-01
6.375917196273803711e-01 6.288638352217327254e-01 6.351492404937744141e-01 6.278048976058379083e-01
6.361603140830993652e-01 6.273346743487271393e-01 6.341056227684020996e-01 6.283947432048633264e-01
6.330291628837585449e-01 6.292585364009170013e-01 6.323314309120178223e-01 6.285780983139392930e-01
6.383073925971984863e-01 6.265123548906974538e-01 6.312878131866455078e-01 6.277094642993080731e-01
6.363839507102966309e-01 6.260778390565654439e-01 6.324357986450195312e-01 6.282478993557559788e-01
6.382179260253906250e-01 6.254442442954386561e-01 6.377583146095275879e-01 6.230687885960216610e-01
6.382179260253906250e-01 6.248872986866208512e-01 6.408891677856445312e-01 6.245244468485131595e-01
6.345052719116210938e-01 6.248859606801898670e-01 6.364015936851501465e-01 6.245021918600771604e-01
6.413937807083129883e-01 6.230414780868275271e-01 6.373408436775207520e-01 6.225985751423749326e-01
6.394703984260559082e-01 6.234181024324789711e-01 6.375495791435241699e-01 6.247188906733314173e-01
6.436750888824462891e-01 6.230113205787725095e-01 6.309747695922851562e-01 6.262072363568605970e-01
6.411701440811157227e-01 6.233693425590097759e-01 6.317052841186523438e-01 6.238693867389605296e-01
6.427357196807861328e-01 6.216713605786206021e-01 6.359841227531433105e-01 6.215617213436318567e-01
6.451511979103088379e-01 6.201510953335839238e-01 6.429764032363891602e-01 6.213170714976518072e-01
6.452853679656982422e-01 6.185251058459729778e-01 6.402630209922790527e-01 6.221797421615026247e-01
6.457327008247375488e-01 6.177472963617235413e-01 6.393237113952636719e-01 6.197054282381300183e-01
6.457327008247375488e-01 6.170391958159567869e-01 6.385931968688964844e-01 6.190702129918184138e-01
6.421989798545837402e-01 6.178228794664576418e-01 6.433938741683959961e-01 6.184279762412182579e-01
6.434961557388305664e-01 6.183620676368949409e-01 6.446462273597717285e-01 6.172797885176981580e-01
6.458221673965454102e-01 6.167169330286028650e-01 6.388019323348999023e-01 6.198802982011634155e-01
6.491769552230834961e-01 6.147619566693035553e-01 6.454811096191406250e-01 6.166148919497868031e-01
6.473877429962158203e-01 6.157162273520966345e-01 6.448549628257751465e-01 6.170965423790006898e-01
6.453748345375061035e-01 6.155142392086671022e-01 6.380713582038879395e-01 6.192660580918525337e-01
6.451511979103088379e-01 6.161817144485892683e-01 6.423502564430236816e-01 6.173715861523930704e-01
6.460011005401611328e-01 6.144221240558273012e-01 6.417240500450134277e-01 6.157340842805160142e-01
6.512792706489562988e-01 6.128215066092793650e-01 6.515341401100158691e-01 6.122337920733917915e-01
6.492216587066650391e-01 6.131832493633421199e-01 6.495512127876281738e-01 6.139489356447823676e-01
6.518160700798034668e-01 6.132938980224371672e-01 6.473596096038818359e-01 6.137374290790967857e-01
6.510556340217590332e-01 6.119451232642431071e-01 6.523690223693847656e-01 6.132463887847059425e-01
6.512792706489562988e-01 6.117237130608919049e-01 6.480901837348937988e-01 6.126483223602980921e-01
6.513240337371826172e-01 6.104298045115216231e-01 6.473596096038818359e-01 6.127954566436429884e-01
6.532921791076660156e-01 6.102673254065957842e-01 6.468378305435180664e-01 6.112133312439326227e-01
6.515476703643798828e-01 6.092235981020993618e-01 6.513254046440124512e-01 6.105257973768496438e-01
6.549919247627258301e-01 6.097104591426620868e-01 6.505948901176452637e-01 6.095363641800399801e-01
6.559312939643859863e-01 6.070897856580270702e-01 6.534126400947570801e-01 6.071523991041157808e-01
6.553945541381835938e-01 6.071199493728994812e-01 6.571696996688842773e-01 6.074704854554558997e-01
6.502057909965515137e-01 6.087336367348434862e-01 6.561260819435119629e-01 6.075868460137270333e-01
6.554839611053466797e-01 6.067875286273952673e-01 6.549780964851379395e-01 6.076239504836044025e-01
6.538289785385131836e-01 6.075772368474944285e-01 6.527864933013916016e-01 6.069263697068643104e-01
6.557523608207702637e-01 6.063016976625937859e-01 6.590481996536254883e-01 6.070507126346158522e-01
6.560654640197753906e-01 6.064860389279133068e-01 6.579002141952514648e-01 6.065610672456689390e-01
6.588835120201110840e-01 6.054188425478216340e-01 6.541432142257690430e-01 6.107734692691387801e-01
6.553497910499572754e-01 6.056479959586882345e-01 6.600918173789978027e-01 6.069414013737404190e-01
6.573626995086669922e-01 6.046896664118122100e-01 6.593613028526306152e-01 6.039119960743707383e-01
6.575415730476379395e-01 6.041515204534907424e-01 6.556042432785034180e-01 6.030168798193257240e-01
6.560207605361938477e-01 6.032603772003506393e-01 6.560217142105102539e-01 6.054224383480188987e-01
6.597334146499633789e-01 6.027595081191131632e-01 6.567522287368774414e-01 6.069215121460319606e-01
6.581230759620666504e-01 6.010864775239258551e-01 6.577958464622497559e-01 6.030254703527501148e-01
6.601806879043579102e-01 5.999774717435701898e-01 6.588394641876220703e-01 6.026617140666449268e-01
6.594650149345397949e-01 6.016435954412506781e-01 6.574828028678894043e-01 6.028922353475583140e-01
6.568706631660461426e-01 6.007975627941316565e-01 6.621791124343872070e-01 6.008941954547242226e-01
6.609858870506286621e-01 6.038843008759069431e-01 6.571696996688842773e-01 6.037627409057362282e-01
6.611647605895996094e-01 5.996510317786730715e-01 6.607180237770080566e-01 6.052732142444643415e-01
6.630434989929199219e-01 5.987031416829871056e-01 6.593613028526306152e-01 6.021679414759297799e-01
6.629092693328857422e-01 5.985410272552537103e-01 6.636401414871215820e-01 6.004440322148230091e-01
6.605833172798156738e-01 5.991730102807640845e-01 6.586307883262634277e-01 6.013741047341050194e-01
6.622382998466491699e-01 5.982626298178199686e-01 6.596744060516357422e-01 5.998022351277891850e-01
6.585704088211059570e-01 6.006886334554905060e-01 6.595700383186340332e-01 6.008391208375976067e-01
6.613884568214416504e-01 5.985600567606271794e-01 6.610311269760131836e-01 5.997662218546125912e-01
6.654589176177978516e-01 5.963797673361739271e-01 6.583176851272583008e-01 5.999127845753211563e-01
6.632671356201171875e-01 5.961284296502792346e-01 6.600918173789978027e-01 5.975777320835938822e-01
