4.970925152301788330e-01 1.661243139065790020e+00 4.990607500076293945e-01 6.969214981618939708e-01
5.080962777137756348e-01 7.988161539899191199e-01 4.984345734119415283e-01 7.202196681556709557e-01
4.954822063446044922e-01 1.249308551961779701e+00 4.990607500076293945e-01 7.004571743908218906e-01
4.970477819442749023e-01 8.421221568068700813e-01 5.009392499923706055e-01 6.937027502920850575e-01
4.949007034301757812e-01 6.953408338661418719e-01 5.009392499923706055e-01 6.936121468279262681e-01
4.999105334281921387e-01 7.800656003801867966e-01 5.009392499923706055e-01 6.935255480220685609e-01
5.002683997154235840e-01 7.015332422842598392e-01 5.016698241233825684e-01 6.939676309572433421e-01
5.007156729698181152e-01 7.097583655744529318e-01 4.990607500076293945e-01 6.931923978564087374e-01
4.993737637996673584e-01 7.040064605857758728e-01 5.009392499923706055e-01 6.931774381480518832e-01
4.984344244003295898e-01 6.992995668809856014e-01 5.009392499923706055e-01 6.935699517780145040e-01
4.980765879154205322e-01 6.984531007911080058e-01 4.988520145416259766e-01 7.130922513897894888e-01
4.996421635150909424e-01 6.987056485078142476e-01 5.014610886573791504e-01 6.931305327636417823e-01
5.023260116577148438e-01 6.958895444251446127e-01 5.009392499923706055e-01 6.934112959205669391e-01
5.019681453704833984e-01 7.053105412452671530e-01 4.990607500076293945e-01 6.945634728880372144e-01
4.964662790298461914e-01 6.947483667364955373e-01 5.009392499923706055e-01 6.932129186992729286e-01
5.021023154258728027e-01 7.043985002026785791e-01 5.009392499923706055e-01 6.940277809266679476e-01
4.992842972278594971e-01 6.969795884098940464e-01 5.009392499923706055e-01 6.932269514938208532e-01
5.065754055976867676e-01 6.948123254424494188e-01 5.009392499923706055e-01 6.931457514181637025e-01
5.025944113731384277e-01 7.038679378449458346e-01 5.009392499923706055e-01 6.931620349069896880e-01
4.966004788875579834e-01 6.936810233550755322e-01 5.009392499923706055e-01 6.931902487425782855e-01
5.024154782295227051e-01 6.935695704438644693e-01 4.990607500076293945e-01 6.931516359430144325e-01
4.991948604583740234e-01 6.955673302685261294e-01 4.990607500076293945e-01 6.939862580245632628e-01
4.979871213436126709e-01 6.937598678011611675e-01 4.990607500076293945e-01 6.931495000290437414e-01
4.996868968009948730e-01 6.933945159320008544e-01 4.990607500076293945e-01 6.932046493043781954e-01
4.987922608852386475e-01 6.934760209912156359e-01 5.009392499923706055e-01 6.931563713336085231e-01
5.054571628570556641e-01 6.936442688211470475e-01 4.990607500076293945e-01 6.933918288146695419e-01
4.939613640308380127e-01 6.939559836019917327e-01 5.009392499923706055e-01 6.931592902816727797e-01
4.987475275993347168e-01 6.934644784221796199e-01 4.990607500076293945e-01 6.933077758897746579e-01
4.994632303714752197e-01 6.938903361190984498e-01 5.009392499923706055e-01 6.931776763924575313e-01
4.968241155147552490e-01 6.944177989819796393e-01 4.990607500076293945e-01 6.931717603422111740e-01
5.049651265144348145e-01 6.938619496549769394e-01 5.009392499923706055e-01 6.932057982769024296e-01
5.013866424560546875e-01 6.933671673394887769e-01 5.009392499923706055e-01 6.931519981989207047e-01
4.955716729164123535e-01 6.934091472992596206e-01 4.990607500076293945e-01 6.941358662552337133e-01
5.008051395416259766e-01 6.933504606449319985e-01 4.990607500076293945e-01 6.935697984929324322e-01
4.972266852855682373e-01 6.936072037970364423e-01 4.990607500076293945e-01 6.931865960266265780e-01
4.999552667140960693e-01 6.934058549878080457e-01 5.009392499923706055e-01 6.933547639816943775e-01
4.983449578285217285e-01 6.935789131866539892e-01 4.990607500076293945e-01 6.931554210183515918e-01
4.971819519996643066e-01 6.934373600151483297e-01 5.009392499923706055e-01 6.932855596424916111e-01
5.011182427406311035e-01 6.933384817750152251e-01 5.009392499923706055e-01 6.931463721599192551e-01
5.018339753150939941e-01 6.939279105928208846e-01 4.990607500076293945e-01 6.932218935339865551e-01
4.978976547718048096e-01 6.934137099500332635e-01 5.009392499923706055e-01 6.932616451169274496e-01
5.011182427406311035e-01 6.933226491539395964e-01 4.990607500076293945e-01 6.946451360162676503e-01
5.046967267990112305e-01 6.947210503298516526e-01 5.009392499923706055e-01 6.936844410913221015e-01
4.976292848587036133e-01 6.933359559948658601e-01 4.990607500076293945e-01 6.931778665898712388e-01
4.998658001422882080e-01 6.933424642909765678e-01 4.990607500076293945e-01 6.931606475283272895e-01
4.990606606006622314e-01 6.933125274875420185e-01 4.990607500076293945e-01 6.940563854955228429e-01
4.983002245426177979e-01 6.934229618514622384e-01 4.990607500076293945e-01 6.932526858334152609e-01
4.969135820865631104e-01 7.858158181702905587e-01 5.012523531913757324e-01 6.938837638505439553e-01
5.010288357734680176e-01 7.056893859145935144e-01 4.990607500076293945e-01 6.936219422684360980e-01
4.981660544872283936e-01 6.971821907829739429e-01 4.990607500076293945e-01 6.931590536297101979e-01
4.974056184291839600e-01 6.958479108740465158e-01 5.009392499923706055e-01 6.931473251126599733e-01
4.957058429718017578e-01 6.940157047365748122e-01 4.990607500076293945e-01 6.945898218235524446e-01
4.970477819442749023e-01 6.936445137558181484e-01 4.990607500076293945e-01 6.932477771775554798e-01
5.000000000000000000e-01 6.935062405461167589e-01 4.990607500076293945e-01 6.933009611293782237e-01
4.946323037147521973e-01 6.935075886839510151e-01 5.012523531913757324e-01 6.929471390253814089e-01
4.999552667140960693e-01 6.938461077236749430e-01 5.009392499923706055e-01 6.931467873769969756e-01
4.953032732009887695e-01 6.934592607175329437e-01 5.009392499923706055e-01 6.932842433888040112e-01
5.000000000000000000e-01 6.936610469154348424e-01 5.009392499923706055e-01 6.931456676158495034e-01
4.991948604583740234e-01 6.937613154080456424e-01 4.990607500076293945e-01 6.940628472685291817e-01
4.922168552875518799e-01 6.935029900080403875e-01 4.990607500076293945e-01 6.931483378068958867e-01
4.922615885734558105e-01 6.934382048142064825e-01 5.009392499923706055e-01 6.931626254669736031e-01
4.956611096858978271e-01 6.934258879286847588e-01 4.990607500076293945e-01 6.937527893306666416e-01
5.038915872573852539e-01 6.933390533354610863e-01 4.990607500076293945e-01 6.934896280436594340e-01
4.990606606006622314e-01 6.934071804952869345e-01 4.990607500076293945e-01 6.931648960045846408e-01
5.036678910255432129e-01 6.933160227896553174e-01 5.009392499923706055e-01 6.931457235255288341e-01
4.975845515727996826e-01 6.934397006145763820e-01 4.990607500076293945e-01 6.935744250624394924e-01
5.035337209701538086e-01 6.933920619141801245e-01 5.009392499923706055e-01 6.935455330949416020e-01
4.995974302291870117e-01 6.933918025395934270e-01 5.009392499923706055e-01 6.931465619218993846e-01
4.954374730587005615e-01 6.934412523509565496e-01 5.009392499923706055e-01 6.931608850138343270e-01
5.006262063980102539e-01 7.429664149696444397e-01 4.990607500076293945e-01 6.931697415101256698e-01
4.981213212013244629e-01 6.939345440490873873e-01 4.990607500076293945e-01 6.941215678834885550e-01
5.079173445701599121e-01 6.961549373427237120e-01 4.990607500076293945e-01 6.932699603692048518e-01
5.007604360580444336e-01 6.933239190346824898e-01 5.009392499923706055e-01 6.945393440544767039e-01
4.948559701442718506e-01 6.935046001332969556e-01 5.009392499923706055e-01 6.932515785256697649e-01
4.959295094013214111e-01 6.934539310022252989e-01 4.990607500076293945e-01 6.933176219525553075e-01
5.012971758842468262e-01 6.937014788181246061e-01 4.990607500076293945e-01 6.934786828966087446e-01
5.010288357734680176e-01 6.932957440822660189e-01 4.990607500076293945e-01 6.940645047280167290e-01
4.969135820865631104e-01 6.934305828529258031e-01 5.009392499923706055e-01 6.931523033881381579e-01
4.950349032878875732e-01 6.934372631802629972e-01 5.009392499923706055e-01 6.931703111195310907e-01
5.049203634262084961e-01 6.933013413626001320e-01 5.009392499923706055e-01 6.943926952298761224e-01
5.011182427406311035e-01 6.934963553999933250e-01 4.990607500076293945e-01 6.935092211764930514e-01
4.999552667140960693e-01 6.933457483906591001e-01 4.990607500076293945e-01 6.932549304689452629e-01
5.021023154258728027e-01 6.934139080456276361e-01 5.009392499923706055e-01 6.932297691849024224e-01
4.944981336593627930e-01 6.935236710387834291e-01 4.990607500076293945e-01 6.934474146930938998e-01
4.973608851432800293e-01 6.934729440307377812e-01 4.990607500076293945e-01 6.933491393982853523e-01
4.970477819442749023e-01 6.934170369002191636e-01 5.009392499923706055e-01 6.932394867947593298e-01
4.997763335704803467e-01 6.933444780300076493e-01 4.990607500076293945e-01 6.934306293483368799e-01
5.040705204010009766e-01 6.933173581085982917e-01 5.009392499923706055e-01 6.931656904221575877e-01
5.004920363426208496e-01 6.933127124549707254e-01 4.990607500076293945e-01 6.943003255722294265e-01
4.961084127426147461e-01 6.934285169638297885e-01 4.990607500076293945e-01 6.932273713140540972e-01
4.983449578285217285e-01 6.933838392246769455e-01 4.990607500076293945e-01 6.935667637319610224e-01
4.986133575439453125e-01 6.933811985330859962e-01 4.990607500076293945e-01 6.931532739821616440e-01
4.961084127426147461e-01 6.933623587302389923e-01 4.990607500076293945e-01 6.935469580950703872e-01
5.025496482849121094e-01 6.933850322134018640e-01 4.990607500076293945e-01 6.932669073449024832e-01
5.029075145721435547e-01 6.933794067357729185e-01 5.009392499923706055e-01 6.931998865312286595e-01
4.970925152301788330e-01 6.934572703553816275e-01 5.009392499923706055e-01 6.937255195649724149e-01
4.978081881999969482e-01 6.934449945606983023e-01 5.009392499923706055e-01 6.934874363319780688e-01
4.992395639419555664e-01 6.933840737399996623e-01 4.990607500076293945e-01 6.936565168066627374e-01
4.932456612586975098e-01 6.935065799694535293e-01 4.990607500076293945e-01 6.931569514680669952e-01
4.998658001422882080e-01 6.933553861599102142e-01 5.009392499923706055e-01 6.931474679473346168e-01
