5.659778118133544922e-01 6.803419102835812637e-01 5.852640271186828613e-01 6.683926079348366800e-01
5.916979908943176270e-01 6.654530261001853075e-01 5.943435430526733398e-01 6.633060049896224442e-01
5.947843790054321289e-01 6.612791735235662438e-01 5.935086607933044434e-01 6.592878911296651268e-01
6.007783412933349609e-01 6.575159034312656470e-01 6.059277653694152832e-01 6.577967465906694455e-01
6.021202206611633301e-01 6.557314860989271743e-01 6.030056476593017578e-01 6.606764883095326280e-01
6.059671044349670410e-01 6.538038106825510010e-01 6.088499426841735840e-01 6.523227109537819146e-01
6.050277352333068848e-01 6.513772522172468493e-01 6.171989440917968750e-01 6.482124130179951482e-01
6.146001219749450684e-01 6.483818331757008613e-01 6.070757508277893066e-01 6.479221497192135804e-01
6.152263283729553223e-01 6.467271107299785715e-01 6.143811345100402832e-01 6.471966840832200640e-01
6.166129708290100098e-01 6.450534115581610939e-01 6.174076199531555176e-01 6.407942727621799284e-01
6.190731525421142578e-01 6.406998738531862747e-01 6.243999004364013672e-01 6.410005075701142863e-01
6.227858066558837891e-01 6.388815641936429479e-01 6.282613277435302734e-01 6.379603413494462361e-01
6.196099519729614258e-01 6.416901329865202230e-01 6.257566213607788086e-01 6.389646354111767623e-01
6.261853575706481934e-01 6.367284163291434540e-01 6.320183873176574707e-01 6.325863038192236498e-01
6.285113692283630371e-01 6.340999882898212814e-01 6.193905472755432129e-01 6.350860995928844233e-01
6.316425204277038574e-01 6.326919284419737499e-01 6.201210618019104004e-01 6.369585217202389238e-01
6.285560727119445801e-01 6.339080171180679901e-01 6.296180486679077148e-01 6.327072361818909529e-01
6.361603140830993652e-01 6.273360945261704513e-01 6.364015936851501465e-01 6.288587488801662406e-01
6.365628838539123535e-01 6.273051159052115411e-01 6.352536082267761230e-01 6.311786755020597495e-01
6.362944841384887695e-01 6.255463524162502287e-01 6.325401663780212402e-01 6.325358385781957304e-01
6.348183751106262207e-01 6.269389240360788706e-01 6.374452114105224609e-01 6.255383323563138420e-01
6.360708475112915039e-01 6.220431002335164994e-01 6.350448727607727051e-01 6.212854466117814223e-01
6.411701440811157227e-01 6.189748834872591532e-01 6.382800936698913574e-01 6.189236230876097311e-01
6.359813809394836426e-01 6.227297312267608964e-01 6.445418596267700195e-01 6.164008100056195261e-01
6.430935859680175781e-01 6.163255064042528764e-01 6.443331241607666016e-01 6.164767017470996757e-01
6.445696949958801270e-01 6.130546555682913068e-01 6.464203596115112305e-01 6.144118165452304714e-01
6.470298767089843750e-01 6.137821711033267791e-01 6.502817869186401367e-01 6.106907017816708416e-01
6.498031616210937500e-01 6.105731471447851666e-01 6.472552418708801270e-01 6.107635267267046419e-01
6.497136950492858887e-01 6.103426636833051422e-01 6.471509337425231934e-01 6.079611767560050284e-01
6.494005918502807617e-01 6.092950821690705787e-01 6.427676677703857422e-01 6.166662600562458074e-01
6.511003971099853516e-01 6.098668248522449709e-01 6.517428755760192871e-01 6.053676078971953478e-01
6.547235846519470215e-01 6.042735236001197663e-01 6.479858160018920898e-01 6.035206410835590729e-01
6.582573056221008301e-01 6.037981782857069213e-01 6.341056227684020996e-01 6.177531934013398285e-01
6.522634029388427734e-01 6.063061412960413232e-01 6.474639773368835449e-01 6.083932263421704123e-01
6.548577547073364258e-01 5.990493060182130458e-01 6.473596096038818359e-01 6.058879175307581022e-01
6.574968695640563965e-01 6.006155245993896052e-01 6.458985805511474609e-01 6.056401510622824169e-01
6.597334146499633789e-01 5.987972039019492376e-01 6.550824642181396484e-01 6.046449019151997062e-01
6.618357300758361816e-01 5.937372589179581439e-01 6.554998755455017090e-01 5.962841224879418256e-01
6.635355353355407715e-01 5.921352200622016504e-01 6.575871706008911133e-01 6.013400857221157247e-01
6.630434989929199219e-01 5.923897549363363879e-01 6.513254046440124512e-01 6.064555289426344364e-01
6.616567969322204590e-01 5.935360853500113443e-01 6.568565964698791504e-01 6.052308124879833828e-01
6.621041297912597656e-01 5.926521987517461287e-01 6.592569351196289062e-01 5.942522506080870626e-01
6.659957170486450195e-01 5.866451832919240550e-01 6.606136560440063477e-01 5.975014364711925818e-01
6.669797897338867188e-01 5.882757808189952309e-01 6.559173464775085449e-01 5.915476743997299947e-01
6.685900688171386719e-01 5.832882798470970798e-01 6.500730514526367188e-01 6.099560256791597412e-01
6.634013056755065918e-01 5.872552939616496603e-01 6.597787737846374512e-01 5.860575325328306606e-01
6.707371473312377930e-01 5.816678356710540676e-01 6.599874496459960938e-01 5.935080932366576523e-01
6.683664321899414062e-01 5.813983024542394018e-01 6.684408187866210938e-01 5.833793830906416344e-01
6.684111356735229492e-01 5.803922898740797587e-01 6.715716719627380371e-01 5.841205156289867029e-01
6.748076677322387695e-01 5.758679494125767961e-01 6.721978783607482910e-01 5.808441217695589076e-01
6.745392680168151855e-01 5.750524354207108280e-01 6.755374670028686523e-01 5.783248077078866345e-01
6.763732433319091797e-01 5.751470951685049293e-01 6.598831415176391602e-01 5.958780655032830387e-01
6.739130616188049316e-01 5.755267986928783719e-01 6.622834205627441406e-01 5.901321207051286599e-01
6.741366982460021973e-01 5.747886932926413728e-01 6.619703769683837891e-01 5.924353483349762417e-01
6.765521764755249023e-01 5.742877541127582308e-01 6.670840978622436523e-01 5.845832150780166936e-01
6.789228916168212891e-01 5.699645109563975520e-01 6.668753623962402344e-01 5.812176128091655070e-01
6.761496067047119141e-01 5.705437603268134206e-01 6.786683201789855957e-01 5.754171514705187507e-01
6.801306009292602539e-01 5.683337133821039222e-01 6.758505702018737793e-01 5.761053432405082164e-01
6.793254613876342773e-01 5.679584447035189720e-01 6.628052592277526855e-01 5.905822589138161050e-01
6.779835224151611328e-01 5.708806175604598243e-01 6.733458638191223145e-01 5.868900219599405554e-01
6.814277768135070801e-01 5.617718296990366067e-01 6.763723492622375488e-01 5.739824559016258876e-01
6.795938611030578613e-01 5.644393437107937395e-01 6.711542606353759766e-01 5.802754949388760908e-01
6.817409396171569824e-01 5.658925777685452907e-01 6.755374670028686523e-01 5.768239431206056977e-01
6.852746605873107910e-01 5.621158203470363324e-01 6.710498929023742676e-01 5.771699574391295773e-01
6.825907826423645020e-01 5.615018509777612854e-01 6.738676428794860840e-01 5.710072540535207075e-01
6.891662478446960449e-01 5.557483355865471264e-01 6.727196574211120605e-01 5.821095580747146503e-01
6.867060065269470215e-01 5.585594285065552667e-01 6.783552765846252441e-01 5.679873726582432836e-01
6.856772303581237793e-01 5.581199825076643695e-01 6.787726879119873047e-01 5.730245317280155959e-01
6.869744062423706055e-01 5.554690881563781879e-01 6.751199960708618164e-01 5.721317662050171560e-01
6.888083815574645996e-01 5.587224124219767329e-01 6.742851138114929199e-01 5.754211555067717532e-01
6.888083815574645996e-01 5.527459966686335546e-01 6.774159669876098633e-01 5.739757492531816219e-01
6.891214847564697266e-01 5.522605760576558831e-01 6.760593056678771973e-01 5.741553548805102825e-01
6.906870603561401367e-01 5.545352529511082817e-01 6.762679815292358398e-01 5.717957055635876085e-01
6.922973990440368652e-01 5.524228133099901017e-01 6.771029233932495117e-01 5.755879370286902663e-01
6.921631693840026855e-01 5.536647133141260335e-01 6.797119379043579102e-01 5.673952183402970473e-01
6.925657391548156738e-01 5.520590321709248904e-01 6.845126152038574219e-01 5.646115572809351502e-01
6.939076781272888184e-01 5.513837697212033984e-01 6.780421733856201172e-01 5.837896971109390876e-01
6.903739571571350098e-01 5.520095339527836265e-01 6.792945265769958496e-01 5.679263165140918668e-01
6.931472420692443848e-01 5.471837691660109693e-01 6.776247024536132812e-01 5.792092782822563235e-01
6.921631693840026855e-01 5.512888257395583969e-01 6.819035410881042480e-01 5.687275660408734890e-01
6.939971446990966797e-01 5.464575723450818545e-01 6.903569102287292480e-01 5.598697553743925415e-01
6.940418481826782227e-01 5.470046292457880766e-01 6.920267343521118164e-01 5.565417294859562602e-01
6.921631693840026855e-01 5.469487603799796371e-01 6.859737038612365723e-01 5.576959699734445053e-01
6.985149383544921875e-01 5.446546742454968504e-01 6.831558942794799805e-01 5.636595803221788881e-01
6.915369629859924316e-01 5.481639944135577869e-01 6.759549379348754883e-01 5.685880682309667478e-01
6.935945749282836914e-01 5.479068676545338912e-01 6.810686588287353516e-01 5.648863640042541823e-01
6.983807682991027832e-01 5.435443330182225807e-01 6.938008666038513184e-01 5.582309610235046682e-01
6.959205865859985352e-01 5.436967206163384470e-01 6.838864684104919434e-01 5.765728280181502408e-01
6.962783932685852051e-01 5.417990680563362638e-01 6.860780715942382812e-01 5.647325148614307233e-01
6.962783932685852051e-01 5.437235695173796568e-01 6.796075701713562012e-01 5.609531892015301446e-01
6.973966956138610840e-01 5.424636717579790490e-01 6.861824393272399902e-01 5.587850974064434428e-01
6.984702348709106445e-01 5.397333689827167325e-01 6.891045570373535156e-01 5.625825700618558578e-01
6.995437741279602051e-01 5.415110064120215450e-01 6.895220279693603516e-01 5.563242654291828959e-01
7.012435197830200195e-01 5.390696501045070255e-01 6.981840729713439941e-01 5.542718594817223066e-01
6.989175081253051758e-01 5.448178139179118418e-01 6.840952038764953613e-01 5.573990109867055232e-01
6.971282958984375000e-01 5.385503435437762887e-01 6.929659843444824219e-01 5.600542446014852294e-01
7.014224529266357422e-01 5.377739417060242166e-01 6.902525424957275391e-01 5.567476576366396923e-01
6.966809630393981934e-01 5.375283858839653428e-01 6.890001893043518066e-01 5.609417828680502982e-01
6.967704296112060547e-01 5.418807227510441527e-01 6.865998506546020508e-01 5.551454202786937353e-01
6.990517377853393555e-01 5.378334622068298154e-01 6.871216893196105957e-01 5.564781358460497707e-01
