5.638307332992553711e-01 6.788496459334539823e-01 5.949697494506835938e-01 6.659635411899290647e-01
5.869117975234985352e-01 6.682111796869492082e-01 6.040492653846740723e-01 6.617552565149862343e-01
5.948738455772399902e-01 6.633898808547050718e-01 5.923606753349304199e-01 6.630758303014452348e-01
6.011361479759216309e-01 6.594605148745086298e-01 6.029012799263000488e-01 6.565413809076426910e-01
5.991232991218566895e-01 6.583076939000108707e-01 6.150072813034057617e-01 6.523662434692200085e-01
6.076668500900268555e-01 6.546268018632780405e-01 6.042580008506774902e-01 6.557859227518476608e-01
6.085614562034606934e-01 6.525693202748198418e-01 6.077019572257995605e-01 6.499962597195875214e-01
6.139291524887084961e-01 6.478943609875672527e-01 6.121895313262939453e-01 6.488655889688665912e-01
6.137949824333190918e-01 6.475728037191388342e-01 6.207472085952758789e-01 6.435497819792624918e-01
6.182233095169067383e-01 6.452414416034013556e-01 6.233562827110290527e-01 6.425561948201771179e-01
6.195204854011535645e-01 6.446678114398090020e-01 6.184512376785278320e-01 6.426557728329075347e-01
6.251565814018249512e-01 6.407093953139284537e-01 6.331663727760314941e-01 6.378238430179451468e-01
6.223385334014892578e-01 6.402830960904577484e-01 6.302441954612731934e-01 6.344476283977534825e-01
6.242619156837463379e-01 6.371471363458549586e-01 6.311834454536437988e-01 6.315951891145484831e-01
6.285560727119445801e-01 6.389772610878513559e-01 6.207472085952758789e-01 6.456778759599055562e-01
6.299427151679992676e-01 6.333333360400177359e-01 6.323314309120178223e-01 6.424722146997867700e-01
6.312846541404724121e-01 6.345126062370323172e-01 6.273220777511596680e-01 6.308557312788631855e-01
6.286903023719787598e-01 6.331834727503314886e-01 6.346274018287658691e-01 6.297196564980922506e-01
6.394703984260559082e-01 6.271600099598749756e-01 6.341056227684020996e-01 6.312202343709830688e-01
6.337001323699951172e-01 6.293317700652407698e-01 6.343143582344055176e-01 6.240087839263736003e-01
6.365181803703308105e-01 6.268356373344642352e-01 6.320183873176574707e-01 6.295081155207081780e-01
6.402308344841003418e-01 6.228081543344486937e-01 6.371321082115173340e-01 6.262535591061790807e-01
6.395598649978637695e-01 6.252763211609830840e-01 6.410979032516479492e-01 6.198725330384233789e-01
6.380837559700012207e-01 6.220195823885455999e-01 6.380713582038879395e-01 6.217985685795788253e-01
6.408570408821105957e-01 6.212177010635332453e-01 6.346274018287658691e-01 6.176260668707401758e-01
6.411254405975341797e-01 6.192527084150943884e-01 6.479858160018920898e-01 6.143306351434559831e-01
6.471640467643737793e-01 6.158748066986283742e-01 6.454811096191406250e-01 6.171898037549773397e-01
6.402755379676818848e-01 6.184958499581512115e-01 6.254435181617736816e-01 6.268040613226392166e-01
6.467614769935607910e-01 6.143314370871827412e-01 6.452723741531372070e-01 6.118827401608869510e-01
6.517266035079956055e-01 6.096393652093669013e-01 6.436026096343994141e-01 6.082860534958988152e-01
6.481034159660339355e-01 6.090087906728598455e-01 6.562304496765136719e-01 6.088246928702513161e-01
6.521291732788085938e-01 6.076498674267113431e-01 6.524733901023864746e-01 6.069588722652196067e-01
6.485954523086547852e-01 6.113883016744652288e-01 6.565434932708740234e-01 6.054080388437007576e-01
6.526212096214294434e-01 6.080868576587814545e-01 6.493425369262695312e-01 6.121207160781505507e-01
6.549024581909179688e-01 6.043856962142210021e-01 6.530995368957519531e-01 6.060777859308604798e-01
6.558418273925781250e-01 6.009356741253389922e-01 6.518472433090209961e-01 6.012077673047351301e-01
6.559312939643859863e-01 6.003675687865508426e-01 6.580045819282531738e-01 5.979307280455669060e-01
6.601359844207763672e-01 5.973520959121081386e-01 6.506991982460021973e-01 6.017595752125068920e-01
6.621041297912597656e-01 5.934235722354452847e-01 6.610311269760131836e-01 5.965710841546947307e-01
6.616120934486389160e-01 5.949214877223132358e-01 6.538301110267639160e-01 6.016226332238909791e-01
6.644301414489746094e-01 5.954514707344166213e-01 6.569609642028808594e-01 6.010706352306740552e-01
6.645196080207824707e-01 5.909141182131620873e-01 6.512210369110107422e-01 6.014182017083905540e-01
6.634460687637329102e-01 5.927806104161611467e-01 6.655187010765075684e-01 5.928429466178685159e-01
6.629540324211120605e-01 5.908740732340932444e-01 6.530995368957519531e-01 5.945890678963315912e-01
6.680980324745178223e-01 5.873635572511792802e-01 6.618660092353820801e-01 5.954618465425176588e-01
6.683217287063598633e-01 5.846308789284802021e-01 6.599874496459960938e-01 5.963937514785235816e-01
6.687690019607543945e-01 5.855351050972064098e-01 6.471509337425231934e-01 6.030645490663082420e-01
6.728842258453369141e-01 5.828139568659205239e-01 6.673972010612487793e-01 5.876136839302714687e-01
6.744050979614257812e-01 5.790237234303809988e-01 6.621791124343872070e-01 5.963659026856165113e-01
6.752549409866333008e-01 5.757582296005279154e-01 6.734502315521240234e-01 5.817775331193434374e-01
6.747182011604309082e-01 5.772203087038847436e-01 6.559173464775085449e-01 5.921158407033547677e-01
6.747182011604309082e-01 5.763756603370477904e-01 6.683364510536193848e-01 5.826340123647141267e-01
6.779835224151611328e-01 5.756058535362147399e-01 6.738676428794860840e-01 5.824278691968995947e-01
6.778045892715454102e-01 5.727557030543591887e-01 6.727196574211120605e-01 5.805424908908914938e-01
6.769994497299194336e-01 5.733253529788897573e-01 6.640576124191284180e-01 5.897986931184765469e-01
6.781177520751953125e-01 5.723271483832382822e-01 6.745982170104980469e-01 5.825841229535722032e-01
6.805331707000732422e-01 5.706836915886408512e-01 6.652055978775024414e-01 5.859981275654814192e-01
6.770442128181457520e-01 5.737352606797606613e-01 6.686495542526245117e-01 5.856937419096728270e-01
6.809357404708862305e-01 5.671534985437186593e-01 6.692757010459899902e-01 5.835303270699857547e-01
6.800411343574523926e-01 5.667352268149374872e-01 6.713629961013793945e-01 5.718705962058074910e-01
6.842458248138427734e-01 5.634966777398646709e-01 6.752243638038635254e-01 5.772834122989600747e-01
6.838432550430297852e-01 5.641885269816520054e-01 6.681277155876159668e-01 5.721095743544587497e-01
6.870191693305969238e-01 5.628698772363701641e-01 6.778334379196166992e-01 5.689129224651617855e-01
6.845589280128479004e-01 5.620391684432515245e-01 6.748069524765014648e-01 5.738915541156600630e-01
6.868402361869812012e-01 5.595074299623595815e-01 6.828428506851196289e-01 5.681627946640449567e-01
6.871533393859863281e-01 5.582283765562832123e-01 6.807555556297302246e-01 5.714445760070444580e-01
6.880927085876464844e-01 5.573591642291031434e-01 6.718847751617431641e-01 5.750658567850984726e-01
6.886294484138488770e-01 5.583165252831524539e-01 6.829472184181213379e-01 5.634995238613270674e-01
6.923421025276184082e-01 5.523731678239047760e-01 6.843038797378540039e-01 5.707882260062007163e-01
6.906423568725585938e-01 5.560138590285935711e-01 6.756418347358703613e-01 5.754900181052132746e-01
6.849615573883056641e-01 5.601647087554638693e-01 6.792945265769958496e-01 5.719184649560427047e-01
6.909554600715637207e-01 5.521668187619365176e-01 6.814861297607421875e-01 5.633106817783132270e-01
6.926552057266235352e-01 5.516718172668706455e-01 6.839908361434936523e-01 5.695896535595531551e-01
6.953837871551513672e-01 5.484107780337098559e-01 6.764767169952392578e-01 5.726992372828518807e-01
6.936392784118652344e-01 5.491776522678901706e-01 6.867042183876037598e-01 5.578826917310120148e-01
6.935051083564758301e-01 5.516068704131678047e-01 6.844082474708557129e-01 5.666948968198199932e-01
6.971282958984375000e-01 5.505030381805378070e-01 6.861824393272399902e-01 5.628927937382025570e-01
6.948022842407226562e-01 5.475608111494320029e-01 6.807555556297302246e-01 5.638403464174798208e-01
6.978887319564819336e-01 5.470673767051621450e-01 6.849300861358642578e-01 5.607407814623841524e-01
6.985596418380737305e-01 5.438233071457915235e-01 6.883740425109863281e-01 5.571338462384203272e-01
6.977545022964477539e-01 5.413126227125795165e-01 6.844082474708557129e-01 5.650855489176266344e-01
6.983360052108764648e-01 5.408926617376150769e-01 6.845126152038574219e-01 5.582597417439282284e-01
7.002594470977783203e-01 5.415833624088821630e-01 6.864954829216003418e-01 5.661626194668473167e-01
6.987833380699157715e-01 5.417895551646282337e-01 6.882696747779846191e-01 5.604590164473001179e-01
6.969493627548217773e-01 5.451528345841076817e-01 6.970360875129699707e-01 5.508979091537792305e-01
6.967257261276245117e-01 5.436982934793603839e-01 6.850344538688659668e-01 5.574568663950231207e-01
7.034800648689270020e-01 5.373455566399254479e-01 6.852431893348693848e-01 5.583894133468282339e-01
7.016907930374145508e-01 5.363601261333609260e-01 6.967230439186096191e-01 5.523001290367929306e-01
7.028537988662719727e-01 5.351353216457076512e-01 6.951575875282287598e-01 5.580341349785672422e-01
7.024065256118774414e-01 5.366798281978890639e-01 7.082028985023498535e-01 5.521614626812004767e-01
7.038826346397399902e-01 5.366617425340385328e-01 6.836777329444885254e-01 5.648735107123491472e-01
7.037037014961242676e-01 5.353475879910466473e-01 6.965143084526062012e-01 5.560064609900219335e-01
7.058954834938049316e-01 5.334788224504722898e-01 6.930703520774841309e-01 5.533651491590940719e-01
7.066559195518493652e-01 5.359846827733877328e-01 6.979753971099853516e-01 5.494657497743404839e-01
7.053139805793762207e-01 5.335307641391102695e-01 6.862868070602416992e-01 5.631651751832359443e-01
7.002146840095520020e-01 5.417115861091060802e-01 6.956794261932373047e-01 5.528611871350709306e-01
7.067453861236572266e-01 5.320264968169911013e-01 7.036109566688537598e-01 5.474449848735588597e-01
7.070137858390808105e-01 5.318321917112066588e-01 7.006887793540954590e-01 5.486165690685806950e-01
7.117999792098999023e-01 5.267578866736025711e-01 7.032978534698486328e-01 5.462025894274719073e-01
7.088029980659484863e-01 5.280920995286377817e-01 6.940096020698547363e-01 5.523688012636471800e-01
