5.549740791320800781e-01 6.999033725758659896e-01 5.700271129608154297e-01 6.743637942939381125e-01
5.768026709556579590e-01 6.753291580902696101e-01 5.803589820861816406e-01 6.722631980222790737e-01
5.846305489540100098e-01 6.714976312201700326e-01 5.748277902603149414e-01 6.726384288307720727e-01
5.823492407798767090e-01 6.698532409287454303e-01 5.833855271339416504e-01 6.696545665434819883e-01
5.878064036369323730e-01 6.707583935449750179e-01 5.880818367004394531e-01 6.707307246726132988e-01
5.913848876953125000e-01 6.670308069799726347e-01 5.987268090248107910e-01 6.642747098158954255e-01
5.910717248916625977e-01 6.660791386814018944e-01 5.970569849014282227e-01 6.640015290639913470e-01
5.961263179779052734e-01 6.654073711285375392e-01 5.964307785034179688e-01 6.642893452879233829e-01
5.973787903785705566e-01 6.648438312773159442e-01 5.970569849014282227e-01 6.643024693075835208e-01
5.926820635795593262e-01 6.657113826835832082e-01 5.921519398689270020e-01 6.616308101904065930e-01
6.017176508903503418e-01 6.637274220113913437e-01 6.041536331176757812e-01 6.633545248126764271e-01
5.964841842651367188e-01 6.646699899529958655e-01 6.002922058105468750e-01 6.644895415270261063e-01
6.014045476913452148e-01 6.621080584614791320e-01 6.021707653999328613e-01 6.617641872216106780e-01
5.962604880332946777e-01 6.644577938556074370e-01 6.043623685836791992e-01 6.634703666575142433e-01
5.959473848342895508e-01 6.626137174035381383e-01 5.961177349090576172e-01 6.606037076169974931e-01
6.001073718070983887e-01 6.614098932709372436e-01 6.051972508430480957e-01 6.589303907559823648e-01
6.014940142631530762e-01 6.622376303528604291e-01 5.780630111694335938e-01 6.702179365828897506e-01
5.986312627792358398e-01 6.612256892381402906e-01 5.914214253425598145e-01 6.632331917142101352e-01
6.028806567192077637e-01 6.610141503275518415e-01 6.041536331176757812e-01 6.576161910835175428e-01
6.037305593490600586e-01 6.587664826459334044e-01 6.068670153617858887e-01 6.575457154149377814e-01
6.033279895782470703e-01 6.574037513039282521e-01 5.998747944831848145e-01 6.586591661337197756e-01
6.012703776359558105e-01 6.595227849314988511e-01 5.971613526344299316e-01 6.576475704096971242e-01
6.047593355178833008e-01 6.574504144461770228e-01 6.044667363166809082e-01 6.578563771250849346e-01
6.064591407775878906e-01 6.569254629341940710e-01 6.095804572105407715e-01 6.540882299797839972e-01
6.057881712913513184e-01 6.555871319463671965e-01 6.098935604095458984e-01 6.580075523196916576e-01
6.053856015205383301e-01 6.557546644992320317e-01 6.160508990287780762e-01 6.520548505042594867e-01
6.079799532890319824e-01 6.550012069197241882e-01 6.131287813186645508e-01 6.520880808215180346e-01
6.063249111175537109e-01 6.541971717330419267e-01 6.131287813186645508e-01 6.534095675754686416e-01
6.056092381477355957e-01 6.531367190175543236e-01 5.995616912841796875e-01 6.579231479500858848e-01
6.073984503746032715e-01 6.546666702786505532e-01 6.120851635932922363e-01 6.521914512497526406e-01
6.096796989440917969e-01 6.515007526466299881e-01 6.173032522201538086e-01 6.484941528774557096e-01
6.133029460906982422e-01 6.503953651422933468e-01 6.203297972679138184e-01 6.468180315501006472e-01
6.124082803726196289e-01 6.504458279979956625e-01 6.078063249588012695e-01 6.487809627520418898e-01
6.108427047729492188e-01 6.506640864817778702e-01 6.098935604095458984e-01 6.497853176749541770e-01
6.109321713447570801e-01 6.507405213495767171e-01 6.180338263511657715e-01 6.457099652668549794e-01
6.166129708290100098e-01 6.451138231212112384e-01 5.998747944831848145e-01 6.526259370871312360e-01
6.129897832870483398e-01 6.458908105647335196e-01 6.195992231369018555e-01 6.458195096215781916e-01
6.176865100860595703e-01 6.449761295237552705e-01 6.157378554344177246e-01 6.475535912594350130e-01
6.205493211746215820e-01 6.434039143676471006e-01 6.095804572105407715e-01 6.467453893130220566e-01
6.204598546028137207e-01 6.435201744270528934e-01 6.262784600257873535e-01 6.429797550676958906e-01
6.211307644844055176e-01 6.411676277071743923e-01 6.283656954765319824e-01 6.391440874921631154e-01
6.191179156303405762e-01 6.414800455007554358e-01 6.087455749511718750e-01 6.470133421615628100e-01
6.148684620857238770e-01 6.402979747812657108e-01 6.156334877014160156e-01 6.405805410932733368e-01
6.216675639152526855e-01 6.395129646528042722e-01 6.192861795425415039e-01 6.372072470757936813e-01
6.186258792877197266e-01 6.379769685806325752e-01 6.208515763282775879e-01 6.447376244701639170e-01
6.268116235733032227e-01 6.369576101269827095e-01 6.248173713684082031e-01 6.325909383882687420e-01
6.220701336860656738e-01 6.348898561381765004e-01 6.144855022430419922e-01 6.397849965433913821e-01
6.254696846008300781e-01 6.347014698514701347e-01 6.274264454841613770e-01 6.348172870863705297e-01
6.269457936286926270e-01 6.321675857206772164e-01 6.336881518363952637e-01 6.304352352151888494e-01
6.288692355155944824e-01 6.299761538216329670e-01 6.145898699760437012e-01 6.348077657077935143e-01
6.285113692283630371e-01 6.314861894635016570e-01 6.205385327339172363e-01 6.296447834349504502e-01
6.286008358001708984e-01 6.282173959742635150e-01 6.290962100028991699e-01 6.400510485872449307e-01
6.303900480270385742e-01 6.268730610209131138e-01 6.325401663780212402e-01 6.328314927569314019e-01
6.318661570549011230e-01 6.238341252670280834e-01 6.264871358871459961e-01 6.361247634892671643e-01
6.354446411132812500e-01 6.246551553386975320e-01 6.346274018287658691e-01 6.259938316612944087e-01
6.356682777404785156e-01 6.220013649418009161e-01 6.302441954612731934e-01 6.277293670130184022e-01
6.360261440277099609e-01 6.216068951318719504e-01 6.362972259521484375e-01 6.280204680612405665e-01
6.358919143676757812e-01 6.204824451684397557e-01 6.306616663932800293e-01 6.225505700018828525e-01
6.348183751106262207e-01 6.195232167528063050e-01 6.303485631942749023e-01 6.267293713033584845e-01
6.355341076850891113e-01 6.187124743319128983e-01 6.286787986755371094e-01 6.198568899978353919e-01
6.373233199119567871e-01 6.147563855919775389e-01 6.321227550506591797e-01 6.235300978174092013e-01
6.409465074539184570e-01 6.140129517775184675e-01 6.326445341110229492e-01 6.215640798637200870e-01
6.395151019096374512e-01 6.142094222947722670e-01 6.344187259674072266e-01 6.213719313340255734e-01
6.373680233955383301e-01 6.158910407258990638e-01 6.373408436775207520e-01 6.206893202308522151e-01
6.428251862525939941e-01 6.140338611380958822e-01 6.412022709846496582e-01 6.170797896917665781e-01
6.447933316230773926e-01 6.104723093099725384e-01 6.370277404785156250e-01 6.128818434679640381e-01
6.471640467643737793e-01 6.059635957807307793e-01 6.452723741531372070e-01 6.125079567062657881e-01
6.452853679656982422e-01 6.079708664548229002e-01 6.338968873023986816e-01 6.189761710948223916e-01
6.487296223640441895e-01 6.065850407178424719e-01 6.275308132171630859e-01 6.292581329438263760e-01
6.463142037391662598e-01 6.055542482611403488e-01 6.322270631790161133e-01 6.145981420457450328e-01
6.484612822532653809e-01 6.053809418322511071e-01 6.385931968688964844e-01 6.109015603598959565e-01
6.470298767089843750e-01 6.091192683351980275e-01 6.378626823425292969e-01 6.155856129795194143e-01
6.494005918502807617e-01 6.043829489082743756e-01 6.498643159866333008e-01 6.077896160886323562e-01
6.532027125358581543e-01 5.997159434337482331e-01 6.444374918937683105e-01 6.123520071186518976e-01
6.550366878509521484e-01 6.009690785135005653e-01 6.463159918785095215e-01 6.063391753015376917e-01
6.538289785385131836e-01 6.004207000618949630e-01 6.395324468612670898e-01 6.104778472627286900e-01
6.478350162506103516e-01 6.059939980208287613e-01 6.501774191856384277e-01 6.034966885384177582e-01
6.538736820220947266e-01 5.979731547361112343e-01 6.506991982460021973e-01 6.073256908814659294e-01
6.568706631660461426e-01 5.974193120881512442e-01 6.537257432937622070e-01 6.057672109466533117e-01
6.571390032768249512e-01 5.959049393632028790e-01 6.486119627952575684e-01 6.055568263192834255e-01
6.581230759620666504e-01 5.965592800493764170e-01 6.563348174095153809e-01 6.002963476677672938e-01
6.595097780227661133e-01 5.968082494824447082e-01 6.473596096038818359e-01 6.051617795105792563e-01
6.551708579063415527e-01 5.969991883068695993e-01 6.466290950775146484e-01 6.030065061105016611e-01
6.578547358512878418e-01 5.929853399573296047e-01 6.466290950775146484e-01 6.126773929799979035e-01
6.552156209945678711e-01 5.939738935169240897e-01 6.484032273292541504e-01 6.058761787250329656e-01
6.600018143653869629e-01 5.908344990666639651e-01 6.498643159866333008e-01 6.040295114275359145e-01
6.539183855056762695e-01 5.980936988753610128e-01 6.453767418861389160e-01 6.069278949811398594e-01
6.616120934486389160e-01 5.926380013498131483e-01 6.405760645866394043e-01 6.172550320998534401e-01
6.616567969322204590e-01 5.916408547499372172e-01 6.415153145790100098e-01 6.101079319295243941e-01
6.591519117355346680e-01 5.929346557677933616e-01 6.577958464622497559e-01 5.982387553697536831e-01
6.612989902496337891e-01 5.952563440998075439e-01 6.506991982460021973e-01 6.061723229407866009e-01
6.593308448791503906e-01 5.908271484563550890e-01 6.513254046440124512e-01 6.068908639129331206e-01
6.672034263610839844e-01 5.860840028738757423e-01 6.530995368957519531e-01 6.032652403063725188e-01
6.605833172798156738e-01 5.905750860871857855e-01 6.469421982765197754e-01 5.991025009326460538e-01
6.648327112197875977e-01 5.870987125065015855e-01 6.549780964851379395e-01 5.977024285088150535e-01
6.688584685325622559e-01 5.853665426712083564e-01 6.547693610191345215e-01 5.979151597502733173e-01
6.658614873886108398e-01 5.824407630880481523e-01 6.569609642028808594e-01 5.944436127197466613e-01
6.577652692794799805e-01 5.941968107611703687e-01 6.616572737693786621e-01 5.944179945911701735e-01
6.658167839050292969e-01 5.853534165745153395e-01 6.511166691780090332e-01 6.002979768365093172e-01
6.648327112197875977e-01 5.839130117206843273e-01 6.630139946937561035e-01 5.922021655219255054e-01
