5.544820427894592285e-01 6.985660285893398047e-01 5.750365257263183594e-01 6.710519323118094848e-01
5.797101259231567383e-01 6.744210936554345670e-01 5.926737785339355469e-01 6.699318715113236067e-01
5.822150707244873047e-01 6.719135480055892229e-01 5.849509239196777344e-01 6.697370248855069041e-01
5.899087786674499512e-01 6.666557209652552718e-01 6.053016185760498047e-01 6.651365959154144081e-01
5.922794938087463379e-01 6.664487426258366431e-01 5.957002639770507812e-01 6.647602103991141487e-01
5.925031304359436035e-01 6.642066292993965559e-01 5.981006026268005371e-01 6.627004410946352175e-01
5.935766696929931641e-01 6.656466955723969736e-01 5.962221026420593262e-01 6.629194147998369591e-01
5.964841842651367188e-01 6.632552936841132896e-01 5.809851884841918945e-01 6.676599580792240696e-01
5.897298455238342285e-01 6.651354751405188503e-01 5.981006026268005371e-01 6.634933988576739994e-01
5.971551537513732910e-01 6.630780431746071679e-01 5.928825139999389648e-01 6.655355952796745411e-01
5.954106450080871582e-01 6.642851937134974794e-01 5.934042930603027344e-01 6.639873547037467016e-01
5.980049967765808105e-01 6.626036806489641329e-01 5.910039544105529785e-01 6.670994056686929685e-01
5.995705723762512207e-01 6.627697988366116899e-01 6.056147217750549316e-01 6.633833152992544280e-01
5.995705723762512207e-01 6.615425142667697989e-01 6.011270880699157715e-01 6.631320183721520767e-01
6.001968383789062500e-01 6.622938923171134418e-01 5.949697494506835938e-01 6.647550336405420035e-01
6.003310084342956543e-01 6.612426984777260985e-01 5.972657203674316406e-01 6.621252740880090304e-01
6.025227904319763184e-01 6.615261321503780323e-01 5.912126898765563965e-01 6.628417833889981292e-01
5.975577235221862793e-01 6.618471701044071898e-01 6.009184122085571289e-01 6.635717799359486246e-01
6.022991538047790527e-01 6.597646386215140213e-01 6.015445590019226074e-01 6.628322955761342117e-01
6.029701232910156250e-01 6.593078327938277639e-01 6.039448976516723633e-01 6.599452322272362226e-01
6.070406436920166016e-01 6.574484285311784637e-01 6.035274267196655273e-01 6.616163504220726743e-01
6.020307540893554688e-01 6.595778803766509935e-01 6.030056476593017578e-01 6.589410329531887323e-01
6.045804023742675781e-01 6.593723861384975793e-01 6.084324717521667480e-01 6.578845471436085557e-01
6.054303050041198730e-01 6.578879592286002165e-01 6.113546490669250488e-01 6.571817514394275861e-01
6.119610071182250977e-01 6.541264281756635768e-01 6.072844862937927246e-01 6.547474590305295550e-01
6.089640259742736816e-01 6.557068064166301502e-01 6.051972508430480957e-01 6.565666475666263047e-01
6.082930564880371094e-01 6.542223098026787032e-01 6.086412072181701660e-01 6.528738679504673126e-01
6.108874678611755371e-01 6.539990022114637869e-01 6.125026345252990723e-01 6.526877725704107736e-01
6.084272861480712891e-01 6.546193966820321730e-01 5.925694108009338379e-01 6.585287727684597803e-01
6.061907410621643066e-01 6.533200059557328077e-01 6.055103540420532227e-01 6.535998318593951861e-01
6.098139286041259766e-01 6.528350803757806409e-01 6.082237362861633301e-01 6.577911059708616559e-01
6.085614562034606934e-01 6.531523196508257634e-01 5.941348075866699219e-01 6.586352126057425371e-01
6.095008254051208496e-01 6.523883094256925919e-01 6.064496040344238281e-01 6.515993964470545574e-01
6.131687164306640625e-01 6.505233693110066273e-01 6.091629862785339355e-01 6.501679968619938910e-01
6.113347411155700684e-01 6.504390760469701549e-01 6.127113103866577148e-01 6.476253586978908405e-01
6.095902919769287109e-01 6.518811141256570796e-01 6.103109717369079590e-01 6.499447837002315653e-01
6.118267774581909180e-01 6.491720606995345921e-01 6.154247522354125977e-01 6.475481697373937084e-01
6.135265827178955078e-01 6.492203776920432157e-01 6.107284426689147949e-01 6.473574136747146657e-01
6.133029460906982422e-01 6.469200644025565605e-01 6.133375167846679688e-01 6.517851252044274402e-01
6.112900376319885254e-01 6.468342913564318897e-01 6.187643408775329590e-01 6.453406285503119344e-01
6.137949824333190918e-01 6.455190196875959519e-01 6.146942377090454102e-01 6.443327587199743078e-01
6.135712862014770508e-01 6.446832601126969431e-01 6.010227799415588379e-01 6.582327275454338267e-01
6.121399402618408203e-01 6.472802455021285928e-01 6.234606504440307617e-01 6.435570951867666256e-01
6.147790551185607910e-01 6.432775494279791006e-01 6.207472085952758789e-01 6.402739597073529021e-01
6.160314679145812988e-01 6.440484626686920899e-01 6.107284426689147949e-01 6.431297211004084469e-01
6.145106554031372070e-01 6.424432731758270565e-01 6.117720603942871094e-01 6.516869038660674240e-01
6.184469461441040039e-01 6.413032196676780039e-01 6.137549281120300293e-01 6.419341051113229835e-01
6.169708371162414551e-01 6.423021374074691092e-01 6.163640022277832031e-01 6.449625923175250630e-01
6.223385334014892578e-01 6.379038393977375376e-01 6.324357986450195312e-01 6.392421947966734352e-01
6.227858066558837891e-01 6.393246650802446585e-01 6.114589571952819824e-01 6.418539289267668480e-01
6.269457936286926270e-01 6.364827565695523326e-01 6.223126649856567383e-01 6.392280627481377042e-01
6.224279999732971191e-01 6.370254916376068000e-01 6.241911649703979492e-01 6.368258359959219073e-01
6.238146424293518066e-01 6.342726331914040339e-01 6.182425618171691895e-01 6.453191722591394841e-01
6.222490668296813965e-01 6.381231609429970364e-01 6.188687086105346680e-01 6.404454986403665950e-01
6.237251758575439453e-01 6.346195058823485002e-01 6.231475472450256348e-01 6.383351425591103911e-01
6.294954419136047363e-01 6.314812483141686306e-01 6.221039295196533203e-01 6.350845618030019901e-01
6.260511875152587891e-01 6.322744840115847031e-01 6.230431795120239258e-01 6.334525215006202581e-01
6.264089941978454590e-01 6.315145600266524051e-01 6.269046068191528320e-01 6.296437333058624297e-01
6.252012848854064941e-01 6.285631317617983438e-01 6.290962100028991699e-01 6.343900298704012730e-01
6.222937703132629395e-01 6.314431737330544747e-01 6.198079586029052734e-01 6.365196579086385142e-01
6.280193328857421875e-01 6.264540314951657640e-01 6.205385327339172363e-01 6.323804855968727656e-01
6.292718052864074707e-01 6.294451151813029721e-01 6.233562827110290527e-01 6.305499723897649567e-01
6.289139389991760254e-01 6.285889705406102479e-01 6.197035908699035645e-01 6.338710520044047447e-01
6.311504840850830078e-01 6.281540184055975917e-01 6.204341650009155273e-01 6.340376496862404343e-01
6.302558779716491699e-01 6.260037681757391059e-01 6.161552667617797852e-01 6.402181616234545736e-01
6.330291628837585449e-01 6.257954738523606730e-01 6.189730763435363770e-01 6.322406851357046387e-01
6.276167631149291992e-01 6.295233343491765110e-01 6.269046068191528320e-01 6.360722585277800434e-01
6.343263387680053711e-01 6.223517298741083614e-01 6.328532695770263672e-01 6.282927778463377466e-01
6.337001323699951172e-01 6.209276768064473373e-01 6.320183873176574707e-01 6.237894701848222256e-01
6.345947384834289551e-01 6.202550795343186874e-01 6.286787986755371094e-01 6.272164127244951315e-01
6.349973082542419434e-01 6.184465300100480123e-01 6.281569600105285645e-01 6.306298289909115784e-01
6.345500349998474121e-01 6.165192364622557042e-01 6.260697245597839355e-01 6.213449259138734693e-01
6.442565917968750000e-01 6.146526135961491999e-01 6.286787986755371094e-01 6.282855393592461368e-01
6.393361687660217285e-01 6.133706422286375748e-01 6.372364759445190430e-01 6.160803105930175994e-01
6.417964100837707520e-01 6.129926951056539064e-01 6.305572986602783203e-01 6.275862785924378739e-01
6.406781077384948730e-01 6.118379363989783215e-01 6.392193436622619629e-01 6.182970621222072527e-01
6.455984711647033691e-01 6.105190082853948486e-01 6.328532695770263672e-01 6.178905959916597412e-01
6.461352705955505371e-01 6.086275000161829318e-01 6.367146968841552734e-01 6.148172213373839234e-01
6.399176716804504395e-01 6.072938455134433422e-01 6.353579759597778320e-01 6.186987122447324960e-01
6.451511979103088379e-01 6.068946370116115041e-01 6.458985805511474609e-01 6.136223132389867496e-01
6.477008461952209473e-01 6.047160463675251840e-01 6.444374918937683105e-01 6.099128808987163142e-01
6.460905075073242188e-01 6.059412382907017891e-01 6.436026096343994141e-01 6.097523835675250359e-01
6.495795249938964844e-01 6.000432197513126953e-01 6.442287564277648926e-01 6.125104301808348417e-01
6.532027125358581543e-01 5.992852985208374506e-01 6.425589919090270996e-01 6.107793205268595704e-01
6.560207605361938477e-01 5.988141771590567153e-01 6.470465660095214844e-01 6.085089314732863297e-01
6.553050875663757324e-01 5.990816789015522836e-01 6.423502564430236816e-01 6.104097589026211690e-01
6.488190889358520508e-01 5.997490702641203875e-01 6.528908610343933105e-01 6.044223167731552770e-01
6.543210148811340332e-01 5.935650330405475295e-01 6.484032273292541504e-01 6.013088006362166116e-01
6.551708579063415527e-01 5.964055149963448654e-01 6.357753872871398926e-01 6.201791599582615611e-01
6.550813913345336914e-01 5.969938750577582498e-01 6.527864933013916016e-01 6.052884814062936547e-01
6.573626995086669922e-01 5.962806526504191851e-01 6.461072564125061035e-01 6.110940384008869408e-01
6.573626995086669922e-01 5.947791803904820540e-01 6.499686837196350098e-01 6.076636036461018353e-01
6.561996936798095703e-01 5.909632052989610695e-01 6.547693610191345215e-01 5.996377411129528712e-01
6.596886515617370605e-01 5.864460704193961149e-01 6.489250659942626953e-01 6.079791177665234692e-01
6.597334146499633789e-01 5.882306503767531503e-01 6.545606255531311035e-01 6.030479712492238242e-01
6.646985411643981934e-01 5.849704325017828221e-01 6.456898450851440430e-01 6.092656804907672363e-01
6.636697053909301758e-01 5.869239025133883292e-01 6.541432142257690430e-01 5.957526373629330463e-01
6.598228812217712402e-01 5.892293225953181279e-01 6.583176851272583008e-01 5.984495117206012349e-01
6.621041297912597656e-01 5.834899614995825434e-01 6.438112854957580566e-01 6.037932378816296408e-01
6.623277664184570312e-01 5.878114530216455025e-01 6.596744060516357422e-01 5.955623074280546048e-01
