4.995526969432830811e-01 7.282234453242075745e-01 5.017741322517395020e-01 6.954008902544965842e-01
5.042046904563903809e-01 7.214586013522465979e-01 5.262992978096008301e-01 6.914603827866052654e-01
5.130166411399841309e-01 7.130052251942918806e-01 5.456063747406005859e-01 6.887413682705723073e-01
5.162819623947143555e-01 7.092146045898448659e-01 5.486328601837158203e-01 6.865723206862057726e-01
5.206208825111389160e-01 7.055666496809575028e-01 5.568774938583374023e-01 6.846905707989523471e-01
5.214707255363464355e-01 7.038981484522182086e-01 5.662701129913330078e-01 6.832864109595467861e-01
5.283145308494567871e-01 7.020328587294691891e-01 5.766019821166992188e-01 6.820810106646116866e-01
5.334138274192810059e-01 6.978910680874278460e-01 5.777499675750732422e-01 6.810122257084170183e-01
5.303274393081665039e-01 6.984981007088828520e-01 5.811939239501953125e-01 6.802195871431179208e-01
5.399892926216125488e-01 6.943180162314972481e-01 5.803589820861816406e-01 6.795494693899621907e-01
5.359187722206115723e-01 6.952190284525096020e-01 5.803589820861816406e-01 6.788775920494690697e-01
5.438808202743530273e-01 6.920583491078812211e-01 5.778543353080749512e-01 6.783266786716846131e-01
5.489801168441772461e-01 6.899542487633848475e-01 5.808808207511901855e-01 6.775988347220336383e-01
5.522454977035522461e-01 6.901194874705814941e-01 5.804633498191833496e-01 6.770197324776694447e-01
5.497405529022216797e-01 6.902442307671871058e-01 5.787935853004455566e-01 6.764120838632665667e-01
5.481749773025512695e-01 6.895338438623257460e-01 5.805677175521850586e-01 6.759159816403748078e-01
5.567185282707214355e-01 6.871216974567270208e-01 5.806720852851867676e-01 6.753838513022398793e-01
5.533190369606018066e-01 6.861952267684500173e-01 5.787935853004455566e-01 6.747837395216174095e-01
5.559581518173217773e-01 6.862799605672272873e-01 5.831767916679382324e-01 6.742993352980982680e-01
5.592681765556335449e-01 6.838646811051709573e-01 5.815069675445556641e-01 6.736899680644429234e-01
5.631150603294372559e-01 6.837152603765062064e-01 5.812982916831970215e-01 6.732974522075482193e-01
5.626677274703979492e-01 6.822003397452722773e-01 5.828636884689331055e-01 6.728926474927139356e-01
5.650832056999206543e-01 6.817431863038094786e-01 5.847422480583190918e-01 6.724489269911484435e-01
5.640543699264526367e-01 6.805930979180622176e-01 5.847422480583190918e-01 6.721564415127716519e-01
5.669618844985961914e-01 6.813329537261639812e-01 5.855771303176879883e-01 6.717223085756964807e-01
5.688405632972717285e-01 6.818816835668266574e-01 5.874556303024291992e-01 6.713423404109375436e-01
5.725085139274597168e-01 6.785102980809596396e-01 5.864120125770568848e-01 6.710277039132369614e-01
5.697351694107055664e-01 6.785862056998708258e-01 5.871425867080688477e-01 6.706270834544186821e-01
5.654410719871520996e-01 6.797995846095334915e-01 5.887079834938049316e-01 6.702102872454978044e-01
5.743424296379089355e-01 6.778800891494682901e-01 5.899603366851806641e-01 6.699162936738128904e-01
5.705850720405578613e-01 6.770328303786035118e-01 5.907952189445495605e-01 6.696545371952546954e-01
5.697799324989318848e-01 6.761795035370945506e-01 5.914214253425598145e-01 6.692989094972461306e-01
5.705403685569763184e-01 6.771738969654745866e-01 5.907952189445495605e-01 6.689972818781104724e-01
5.788155198097229004e-01 6.736108893933503428e-01 5.918388366699218750e-01 6.686758912199350924e-01
5.790839195251464844e-01 6.744343558648635550e-01 5.926737785339355469e-01 6.683971521202991539e-01
5.747002959251403809e-01 6.760277371113064815e-01 5.907952189445495605e-01 6.682308987296217140e-01
5.785024166107177734e-01 6.745923512373143138e-01 5.922563076019287109e-01 6.680611819744209923e-01
5.748792290687561035e-01 6.750057593486585850e-01 5.934042930603027344e-01 6.677990910579456596e-01
5.793523192405700684e-01 6.733519646408605563e-01 5.928825139999389648e-01 6.675024041425855481e-01
5.809625983238220215e-01 6.727528432589093832e-01 5.922563076019287109e-01 6.673225941973522923e-01
5.753712654113769531e-01 6.731110279388174966e-01 5.914214253425598145e-01 6.670401985997124195e-01
5.801574587821960449e-01 6.746131630164818871e-01 5.919432044029235840e-01 6.668722988344437663e-01
5.830649733543395996e-01 6.724202606349111155e-01 5.952827930450439453e-01 6.667125115089042042e-01
5.827518105506896973e-01 6.720294506077605368e-01 5.916301608085632324e-01 6.664971518904698744e-01
5.764448046684265137e-01 6.734606314375183311e-01 5.930911898612976074e-01 6.663348953949337350e-01
5.857040882110595703e-01 6.718826249900370362e-01 5.928825139999389648e-01 6.661620423854006656e-01
5.850331187248229980e-01 6.707668470705018260e-01 5.932999253273010254e-01 6.659243527470937174e-01
5.832438468933105469e-01 6.721214264721920850e-01 5.930911898612976074e-01 6.658972512951625289e-01
5.818125009536743164e-01 6.712534345418487147e-01 5.929868221282958984e-01 6.656782918970660656e-01
5.789049863815307617e-01 6.735847702199561082e-01 5.942391753196716309e-01 6.655535865889986580e-01
5.824387073516845703e-01 6.708132586979997924e-01 5.942391753196716309e-01 6.654163896602072192e-01
5.874038338661193848e-01 6.693224252219446280e-01 5.929868221282958984e-01 6.652852830297636411e-01
5.874485373497009277e-01 6.693453450688395812e-01 5.920475721359252930e-01 6.651582144491609005e-01
5.857487916946411133e-01 6.704816351446232225e-01 5.930911898612976074e-01 6.650976372571311135e-01
5.870459675788879395e-01 6.687853481266617939e-01 5.943435430526733398e-01 6.648802099385159314e-01
5.868223309516906738e-01 6.681326930393662877e-01 5.930911898612976074e-01 6.646221742901715634e-01
5.827071070671081543e-01 6.717752034814739037e-01 5.944479107856750488e-01 6.644425497525819901e-01
5.853014588356018066e-01 6.693555295819310080e-01 5.942391753196716309e-01 6.642935886882685992e-01
5.901771187782287598e-01 6.685953637337423983e-01 5.930911898612976074e-01 6.641846382401477289e-01
5.880300402641296387e-01 6.693935407084671274e-01 5.937173962593078613e-01 6.641114804994037168e-01
5.885220766067504883e-01 6.679143639770298568e-01 5.955958962440490723e-01 6.639124368158220157e-01
5.895061492919921875e-01 6.691069553482402732e-01 5.949697494506835938e-01 6.637865749213621713e-01
5.904902219772338867e-01 6.681493392867721148e-01 5.962221026420593262e-01 6.636447113880507009e-01
5.917874574661254883e-01 6.671486439229679100e-01 5.955958962440490723e-01 6.636391578176479289e-01
5.929057002067565918e-01 6.676731558600271788e-01 5.967438817024230957e-01 6.633727481334847909e-01
5.953658819198608398e-01 6.665058773411559612e-01 5.965351462364196777e-01 6.632393153170109690e-01
5.912506580352783203e-01 6.666843953638559306e-01 5.953871607780456543e-01 6.630939210638127079e-01
5.935766696929931641e-01 6.648527542920674716e-01 5.972657203674316406e-01 6.630169139901672670e-01
5.902218818664550781e-01 6.659396093590013166e-01 5.952827930450439453e-01 6.629518184525512448e-01
5.908928513526916504e-01 6.653857133985312533e-01 5.962221026420593262e-01 6.628631070222020805e-01
5.868223309516906738e-01 6.676383376292155392e-01 5.973700881004333496e-01 6.627734021437837741e-01
5.911611914634704590e-01 6.667612726327066808e-01 5.974744558334350586e-01 6.626008847291771087e-01
5.944265723228454590e-01 6.657267515423430648e-01 5.948653817176818848e-01 6.625594232107746562e-01
5.947843790054321289e-01 6.652533145683739990e-01 5.957002639770507812e-01 6.626102723425401075e-01
5.917426943778991699e-01 6.658722797005777183e-01 5.964307785034179688e-01 6.622740703966741860e-01
5.944265723228454590e-01 6.653661429508787029e-01 5.967438817024230957e-01 6.621630685087087631e-01
5.939792394638061523e-01 6.654855872036669062e-01 5.962221026420593262e-01 6.622869229296806104e-01
5.929504632949829102e-01 6.663495180730125700e-01 5.952827930450439453e-01 6.621156131094070307e-01
5.950080752372741699e-01 6.639315940694319185e-01 6.024838089942932129e-01 6.619030203607281226e-01
5.955448150634765625e-01 6.649113928915498795e-01 5.984137058258056641e-01 6.617315313532914356e-01
5.961263179779052734e-01 6.644340113357261046e-01 5.979962348937988281e-01 6.616617562227919969e-01
5.967972874641418457e-01 6.631808447953008168e-01 5.960133671760559082e-01 6.615956865579194490e-01
5.934872031211853027e-01 6.642890717160362390e-01 5.955958962440490723e-01 6.615740784123754770e-01
5.952317118644714355e-01 6.646203915406092566e-01 5.983093380928039551e-01 6.614115307112622411e-01
5.940240025520324707e-01 6.638223262779356926e-01 5.950741171836853027e-01 6.613735215222504848e-01
5.921452641487121582e-01 6.651745234028045850e-01 5.993529558181762695e-01 6.612494874911227782e-01
5.972445607185363770e-01 6.625087888493779165e-01 5.996660590171813965e-01 6.611408646259494537e-01
5.955001115798950195e-01 6.647823980422369328e-01 5.972657203674316406e-01 6.611231639748001987e-01
5.965288877487182617e-01 6.638869898416078774e-01 5.976831316947937012e-01 6.610312433612045568e-01
5.955001115798950195e-01 6.636042227832932294e-01 5.975787639617919922e-01 6.610050636600836027e-01
5.928162336349487305e-01 6.648518364082659504e-01 5.987268090248107910e-01 6.609443150191683936e-01
6.004651784896850586e-01 6.628950869894172371e-01 5.968482494354248047e-01 6.609332626185917547e-01
5.982733964920043945e-01 6.616145621303326507e-01 5.973700881004333496e-01 6.608263820478199602e-01
5.976024270057678223e-01 6.631684089990992348e-01 5.992485880851745605e-01 6.606938429775528476e-01
5.991680026054382324e-01 6.633038798840021899e-01 5.985180735588073730e-01 6.606275030825635719e-01
6.000179052352905273e-01 6.631007222886972086e-01 6.038405299186706543e-01 6.606507468412674555e-01
5.999284386634826660e-01 6.618922011522513360e-01 6.005009412765502930e-01 6.604974144462054664e-01
5.967078208923339844e-01 6.625213578042115081e-01 6.006053090095520020e-01 6.604709675630032750e-01
5.964394211769104004e-01 6.630506172208330273e-01 6.008140444755554199e-01 6.603643703475622351e-01
5.952764153480529785e-01 6.629956391826471451e-01 6.000834703445434570e-01 6.603800597058485655e-01
