5.082304477691650391e-01 6.975968850919526121e-01 5.366311669349670410e-01 6.893738409194436478e-01
5.246913433074951172e-01 6.923566195273318513e-01 5.577123761177062988e-01 6.863111645586678078e-01
5.386473536491394043e-01 6.892022535612809531e-01 5.654351711273193359e-01 6.826850061276291681e-01
5.511719584465026855e-01 6.852815320035771096e-01 5.648090243339538574e-01 6.792650966374567112e-01
5.558686852455139160e-01 6.819399791703195657e-01 5.733667016029357910e-01 6.767054739488089776e-01
5.624887943267822266e-01 6.798806799867964656e-01 5.679398775100708008e-01 6.755001461846772415e-01
5.679459571838378906e-01 6.773883662831273744e-01 5.756626725196838379e-01 6.723668745603622598e-01
5.688405632972717285e-01 6.770126581895882234e-01 5.689834952354431152e-01 6.736308564176342051e-01
5.726426839828491211e-01 6.749956379702062303e-01 5.796284675598144531e-01 6.716084435747003978e-01
5.725979804992675781e-01 6.753199312720620240e-01 5.744103789329528809e-01 6.703539096694528521e-01
5.747450590133666992e-01 6.725164769928236863e-01 5.761845111846923828e-01 6.703164412641395842e-01
5.738056898117065430e-01 6.739187514468412132e-01 5.756626725196838379e-01 6.706877831028289494e-01
5.757738351821899414e-01 6.731642395081983699e-01 5.729492902755737305e-01 6.702715116536485107e-01
5.807389616966247559e-01 6.709373892260100947e-01 5.732623934745788574e-01 6.697189826428877613e-01
5.814993977546691895e-01 6.709776478177171821e-01 5.745146870613098145e-01 6.705586843439841349e-01
5.810520648956298828e-01 6.713311563858002096e-01 5.870382189750671387e-01 6.690068682855914162e-01
5.780103802680969238e-01 6.712394366325771244e-01 5.800459384918212891e-01 6.683591215203933400e-01
5.801126956939697266e-01 6.706462184886724520e-01 5.856814980506896973e-01 6.677127127930058137e-01
5.760869383811950684e-01 6.703212682559678282e-01 5.838029384613037109e-01 6.678789122272349443e-01
5.856593251228332520e-01 6.691744663161227624e-01 5.790023207664489746e-01 6.682694718674014878e-01
5.822597742080688477e-01 6.707157380339028308e-01 5.855771303176879883e-01 6.673713092315274320e-01
5.795759558677673340e-01 6.698737479126459782e-01 5.864120125770568848e-01 6.669820638420536074e-01
5.854803919792175293e-01 6.685906513301647092e-01 5.833855271339416504e-01 6.666207204928007446e-01
5.816782712936401367e-01 6.698504382306847971e-01 5.873512625694274902e-01 6.663083372397752280e-01
5.890588760375976562e-01 6.676996997418440660e-01 5.874556303024291992e-01 6.664780500636322547e-01
5.843621492385864258e-01 6.686957131922618425e-01 5.845335125923156738e-01 6.671028503717746361e-01
5.864644646644592285e-01 6.670242242127161214e-01 5.810895562171936035e-01 6.670470291850114641e-01
5.893719792366027832e-01 6.665204314218051707e-01 5.816113352775573730e-01 6.669011320930461340e-01
5.825281739234924316e-01 6.678459233622534574e-01 5.889167189598083496e-01 6.651765811769282388e-01
5.845410823822021484e-01 6.680575530502147474e-01 5.851596593856811523e-01 6.654802688077307016e-01
5.873143672943115234e-01 6.666817861436027393e-01 5.901690721511840820e-01 6.643414035815830010e-01
5.845857858657836914e-01 6.676257723750101958e-01 5.868294835090637207e-01 6.676272635817204204e-01
5.859724283218383789e-01 6.680590239060033575e-01 5.867251157760620117e-01 6.649246753891880912e-01
5.893272757530212402e-01 6.666078005052035182e-01 5.858902335166931152e-01 6.647525707034670495e-01
5.861513614654541016e-01 6.661924552908948804e-01 5.862032771110534668e-01 6.651885645595081442e-01
5.882537364959716797e-01 6.655149693181080517e-01 5.898559689521789551e-01 6.638592653547241706e-01
5.874485373497009277e-01 6.662016221525247639e-01 5.785848498344421387e-01 6.665585727538377858e-01
5.890588760375976562e-01 6.659389421687738064e-01 5.901690721511840820e-01 6.640009997633000705e-01
5.906244516372680664e-01 6.645427545444934081e-01 5.868294835090637207e-01 6.654370910960630825e-01
5.870012640953063965e-01 6.641026853789880890e-01 5.797328352928161621e-01 6.663529674585366713e-01
5.873143672943115234e-01 6.653529857667748182e-01 5.935086607933044434e-01 6.628151561491824051e-01
5.925925970077514648e-01 6.640725920507062341e-01 5.814026594161987305e-01 6.643629496964948977e-01
5.865092277526855469e-01 6.653849598247605357e-01 5.918388366699218750e-01 6.639039958973962374e-01
5.872696638107299805e-01 6.656297775474339096e-01 5.871425867080688477e-01 6.641843598612015009e-01
5.908480882644653320e-01 6.643427063728151172e-01 5.899603366851806641e-01 6.632986084152378004e-01
5.913401246070861816e-01 6.644940147418672005e-01 5.951784849166870117e-01 6.648079027116385875e-01
5.911611914634704590e-01 6.651775888348120391e-01 5.871425867080688477e-01 6.638898323607878016e-01
5.877617001533508301e-01 6.641888384700439518e-01 5.963264703750610352e-01 6.629766697327246217e-01
5.906691551208496094e-01 6.653025594054532421e-01 5.884992480278015137e-01 6.636724056144568396e-01
5.857487916946411133e-01 6.645819663276270051e-01 5.892298221588134766e-01 6.629347639227182176e-01
5.912506580352783203e-01 6.636778317681150119e-01 5.914214253425598145e-01 6.628117218716262915e-01
5.888352394104003906e-01 6.645245153632226565e-01 5.939261317253112793e-01 6.620006380760951048e-01
5.870907306671142578e-01 6.648261539836671785e-01 5.830724239349365234e-01 6.637319040880699239e-01
5.882537364959716797e-01 6.640004995023229828e-01 5.937173962593078613e-01 6.625387819394068512e-01
5.899534821510314941e-01 6.646113068713209726e-01 5.889167189598083496e-01 6.634658134399140650e-01
5.908928513526916504e-01 6.643801954441408419e-01 5.968482494354248047e-01 6.618895069887483773e-01
5.865092277526855469e-01 6.658668813370147710e-01 5.999791026115417480e-01 6.614527441942226194e-01
5.895956158638000488e-01 6.630876955330787803e-01 5.872468948364257812e-01 6.631659500112714323e-01
5.940240025520324707e-01 6.617731344062114385e-01 5.847422480583190918e-01 6.638312511343569255e-01
5.908033847808837891e-01 6.624116536585114012e-01 5.991442203521728516e-01 6.625741428707865310e-01
5.903560519218444824e-01 6.624416778799586680e-01 5.942391753196716309e-01 6.618703360026078064e-01
5.924136638641357422e-01 6.621112782000898589e-01 5.934042930603027344e-01 6.615279381221930155e-01
5.936661362648010254e-01 6.627311249883299782e-01 5.931955575942993164e-01 6.612539375731552038e-01
5.924136638641357422e-01 6.620886814169816281e-01 5.927781462669372559e-01 6.612500433408251554e-01
5.942028760910034180e-01 6.625933033832605012e-01 5.952827930450439453e-01 6.612973446215002493e-01
5.944265723228454590e-01 6.621645476677737729e-01 5.948653817176818848e-01 6.610540317558490919e-01
5.933530330657958984e-01 6.627081512423699250e-01 5.785848498344421387e-01 6.667132838313302168e-01
5.880748033523559570e-01 6.617301287218504413e-01 5.936130285263061523e-01 6.611328929183727388e-01
5.932635664939880371e-01 6.620912230127846687e-01 5.928825139999389648e-01 6.610573560055450493e-01
5.917874574661254883e-01 6.622295308718849638e-01 5.945522785186767578e-01 6.609087202226013869e-01
5.912954211235046387e-01 6.608164087351159344e-01 5.938217639923095703e-01 6.605972676281142153e-01
5.927715301513671875e-01 6.616023445965502070e-01 5.923606753349304199e-01 6.599350115546750439e-01
5.909822583198547363e-01 6.619510377940049928e-01 5.990398526191711426e-01 6.610427651468037125e-01
5.932188034057617188e-01 6.610619126097377896e-01 5.944479107856750488e-01 6.599766389608532347e-01
5.929057002067565918e-01 6.608868889080047326e-01 5.966395139694213867e-01 6.600191972992709433e-01
5.917874574661254883e-01 6.605483822925803938e-01 5.967438817024230957e-01 6.593649711571065719e-01
5.921900272369384766e-01 6.610273729391912267e-01 5.920475721359252930e-01 6.631012093396306817e-01
5.938897728919982910e-01 6.598664802330981294e-01 5.928825139999389648e-01 6.597260866252745437e-01
5.914295911788940430e-01 6.609803474019818603e-01 5.931955575942993164e-01 6.615175902905680028e-01
5.899981856346130371e-01 6.603657159188455195e-01 5.965351462364196777e-01 6.609669991709996584e-01
5.936213731765747070e-01 6.602259358282186463e-01 5.965351462364196777e-01 6.589646171463529045e-01
5.950080752372741699e-01 6.595233782371354714e-01 6.016489267349243164e-01 6.583858634479556882e-01
5.919216275215148926e-01 6.595835430951851874e-01 6.029012799263000488e-01 6.598335891818980503e-01
5.966631174087524414e-01 6.603082325872741132e-01 5.939261317253112793e-01 6.585334125129446159e-01
5.954553484916687012e-01 6.600395558152989395e-01 6.007096767425537109e-01 6.585885888224876084e-01
5.916979908943176270e-01 6.595297468158635157e-01 5.958046317100524902e-01 6.578760688152126557e-01
5.949633121490478516e-01 6.593056785269016951e-01 5.941348075866699219e-01 6.581815843093472562e-01
5.916979908943176270e-01 6.611894875482233758e-01 6.013358235359191895e-01 6.579299627478051304e-01
5.941134095191955566e-01 6.587114941670698665e-01 5.934042930603027344e-01 6.583473125297325534e-01
5.953658819198608398e-01 6.587451730522705384e-01 5.963264703750610352e-01 6.580978853546783913e-01
5.960816144943237305e-01 6.598849907226821410e-01 5.997704267501831055e-01 6.591085704003463164e-01
5.937556028366088867e-01 6.597312967601072220e-01 5.871425867080688477e-01 6.594633936284852727e-01
5.956342816352844238e-01 6.588746863094888662e-01 5.937173962593078613e-01 6.586376221959762134e-01
5.954106450080871582e-01 6.577716918852487549e-01 5.948653817176818848e-01 6.583746927587206255e-01
5.931740999221801758e-01 6.589753897699009988e-01 5.951784849166870117e-01 6.570699199881739894e-01
5.977813601493835449e-01 6.581060797973232734e-01 5.894385576248168945e-01 6.578879719038294160e-01
5.958132147789001465e-01 6.589159995482760657e-01 6.027969121932983398e-01 6.572973022528616482e-01
5.931740999221801758e-01 6.582959201216889156e-01 5.894385576248168945e-01 6.581785239324369208e-01
5.997495055198669434e-01 6.572251131867740126e-01 6.015445590019226074e-01 6.552740102445275827e-01
5.980944633483886719e-01 6.577935363956717296e-01 6.042580008506774902e-01 6.565621811496119564e-01
