4.947665035724639893e-01 4.004420848892251250e+00 5.009392499923706055e-01 6.968835260220644923e-01
5.060833692550659180e-01 7.032893195756327875e-01 4.990607500076293945e-01 6.961090883340798063e-01
5.021470785140991211e-01 6.983876351935638382e-01 5.009392499923706055e-01 7.078993437783351883e-01
4.991501271724700928e-01 7.051576491139360803e-01 4.990607500076293945e-01 6.960054164364750662e-01
4.982554912567138672e-01 6.977795843447570645e-01 4.990607500076293945e-01 6.937462289132795279e-01
5.004025697708129883e-01 6.976745973057387751e-01 4.990607500076293945e-01 6.931537850070811357e-01
4.965557456016540527e-01 7.021817907619015697e-01 5.009392499923706055e-01 6.947079824271666926e-01
5.032206177711486816e-01 6.961225140476551276e-01 4.990607500076293945e-01 6.981589605802783760e-01
4.961531460285186768e-01 6.975396086116407712e-01 4.990607500076293945e-01 7.003918934082392633e-01
4.991501271724700928e-01 6.976323958948230652e-01 5.009392499923706055e-01 6.995110187692747949e-01
4.986580908298492432e-01 6.974577801047123771e-01 5.009392499923706055e-01 6.937943335068148532e-01
4.957953095436096191e-01 6.972911782225463817e-01 5.009392499923706055e-01 6.931454941764103594e-01
5.000447034835815430e-01 6.950553485950047294e-01 4.990607500076293945e-01 6.954693175561491580e-01
5.050545930862426758e-01 6.987966213739926769e-01 4.990607500076293945e-01 7.116059871537031567e-01
5.001789331436157227e-01 6.985060277533757800e-01 4.990607500076293945e-01 6.936903083605597820e-01
4.984344244003295898e-01 6.962795685220221076e-01 5.009392499923706055e-01 6.959530635781786545e-01
5.047414302825927734e-01 6.947496377156957559e-01 4.990607500076293945e-01 6.953319639334522018e-01
5.022365450859069824e-01 6.953737557222301469e-01 5.009392499923706055e-01 6.931454902450666644e-01
4.983896911144256592e-01 6.972585268749237342e-01 4.990607500076293945e-01 6.944833098660180282e-01
5.005367398262023926e-01 6.951194720482395395e-01 5.009392499923706055e-01 6.936238446033615723e-01
5.034890174865722656e-01 6.972293086652573413e-01 4.990607500076293945e-01 7.000829725742240273e-01
5.036231875419616699e-01 6.974864459396112881e-01 5.009392499923706055e-01 6.962781449345600837e-01
4.967346489429473877e-01 6.990327693030070622e-01 4.990607500076293945e-01 6.955863457834812191e-01
4.973608851432800293e-01 6.963913518236242162e-01 5.009392499923706055e-01 6.949858562206331358e-01
5.071122050285339355e-01 6.950609156944218547e-01 4.990607500076293945e-01 6.947947302259749325e-01
4.972714185714721680e-01 6.966608878878963740e-01 4.990607500076293945e-01 6.931480125255262692e-01
4.947217702865600586e-01 6.965031032273031331e-01 4.990607500076293945e-01 6.995698639058141044e-01
4.981660544872283936e-01 6.974935649993658782e-01 4.990607500076293945e-01 6.931614409755053607e-01
4.963768124580383301e-01 6.949021854859640523e-01 5.009392499923706055e-01 6.931886537118336911e-01
4.949901700019836426e-01 6.957723354585142461e-01 4.990607500076293945e-01 6.954358006115871627e-01
5.021023154258728027e-01 6.939230881195457279e-01 4.990607500076293945e-01 6.933482280730006719e-01
5.029969811439514160e-01 6.950952732449973137e-01 4.990607500076293945e-01 6.935101110286788773e-01
5.004920363426208496e-01 6.953439561406536962e-01 5.009392499923706055e-01 6.947324712523784696e-01
5.017892122268676758e-01 6.944332585434598304e-01 4.990607500076293945e-01 6.935874853594968803e-01
4.977187216281890869e-01 6.939819941987375174e-01 4.990607500076293945e-01 6.940601636785675987e-01
5.004473328590393066e-01 6.945771725771998639e-01 5.009392499923706055e-01 6.933021870741289394e-01
4.980765879154205322e-01 6.939960522778795271e-01 4.990607500076293945e-01 6.942575804452213450e-01
4.953032732009887695e-01 6.951599857273501604e-01 5.009392499923706055e-01 6.936374339647318754e-01
5.043836236000061035e-01 6.940088252578444639e-01 4.990607500076293945e-01 6.934675413689864731e-01
5.021917819976806641e-01 6.941736948513604899e-01 4.990607500076293945e-01 6.975193495567296731e-01
5.012971758842468262e-01 6.939187683131746720e-01 4.990607500076293945e-01 6.933856429946221311e-01
4.992395639419555664e-01 6.945951683915009278e-01 5.009392499923706055e-01 6.932098882553150432e-01
5.040705204010009766e-01 6.942490656765357704e-01 5.009392499923706055e-01 6.931514482089110585e-01
5.027285814285278320e-01 6.935225618420953753e-01 5.009392499923706055e-01 6.936416053443531515e-01
4.963768124580383301e-01 6.943651242063347828e-01 4.990607500076293945e-01 6.936333065017034061e-01
4.982107579708099365e-01 6.937255888382807267e-01 4.990607500076293945e-01 6.931655653407344797e-01
4.936482310295104980e-01 6.943064954183165716e-01 5.009392499923706055e-01 6.931762966276633353e-01
5.042493939399719238e-01 6.945070498082223098e-01 5.009392499923706055e-01 6.962060128764154809e-01
5.034890174865722656e-01 6.950287624599043035e-01 4.990607500076293945e-01 6.957143901459883484e-01
5.024601817131042480e-01 6.940062083163954787e-01 5.009392499923706055e-01 6.935735165736939267e-01
4.993290305137634277e-01 6.941376901692452028e-01 5.009392499923706055e-01 6.931454540916336393e-01
5.008499026298522949e-01 6.944296321409890727e-01 4.990607500076293945e-01 6.960793148000761210e-01
4.932456612586975098e-01 6.954032532493508167e-01 4.990607500076293945e-01 6.934401932625600118e-01
4.940060973167419434e-01 6.943682499788468299e-01 5.009392499923706055e-01 6.931461133754868165e-01
4.958847761154174805e-01 6.942209171510848043e-01 5.009392499923706055e-01 6.936068106757601326e-01
4.914117157459259033e-01 6.949770736297611329e-01 5.009392499923706055e-01 6.938498577900407138e-01
5.004025697708129883e-01 6.946402189662918003e-01 4.990607500076293945e-01 6.957233447516991687e-01
4.990159273147583008e-01 6.948187202241856708e-01 4.990607500076293945e-01 6.949169189266609648e-01
4.997763335704803467e-01 6.954318070096009441e-01 4.990607500076293945e-01 6.931913019570247192e-01
5.012971758842468262e-01 6.944114767517550746e-01 5.009392499923706055e-01 6.951831600855646887e-01
5.029969811439514160e-01 6.952687754659196973e-01 4.990607500076293945e-01 6.934725322471583242e-01
4.947217702865600586e-01 6.940865449368751605e-01 4.990607500076293945e-01 6.936759679010431334e-01
5.001789331436157227e-01 6.938398479775466088e-01 4.990607500076293945e-01 6.933098865983581272e-01
4.968688488006591797e-01 6.940404967708010409e-01 5.009392499923706055e-01 6.934603401798964395e-01
5.045177936553955078e-01 6.938678399568211086e-01 4.990607500076293945e-01 6.933680563275587128e-01
5.006709694862365723e-01 6.935455736501375812e-01 4.990607500076293945e-01 6.953141707215521050e-01
5.046967267990112305e-01 6.943778763156092104e-01 5.009392499923706055e-01 6.942172102728111360e-01
4.970477819442749023e-01 6.936559957497276940e-01 4.990607500076293945e-01 6.942505888614443066e-01
4.945428371429443359e-01 6.947895874595744203e-01 5.009392499923706055e-01 6.933781642476891660e-01
4.986133575439453125e-01 6.938790987505855101e-01 5.009392499923706055e-01 6.941802345295585708e-01
4.985238909721374512e-01 6.953298838668825477e-01 4.990607500076293945e-01 6.948937021275199966e-01
5.044283270835876465e-01 6.948249856332351371e-01 4.990607500076293945e-01 6.977067284956278703e-01
4.991053938865661621e-01 6.941838636661091799e-01 4.990607500076293945e-01 6.959082789919714962e-01
4.985238909721374512e-01 6.936020350537288603e-01 5.009392499923706055e-01 6.934296796551280284e-01
5.032653212547302246e-01 6.944288171175917457e-01 5.009392499923706055e-01 6.988153555800784567e-01
5.008499026298522949e-01 6.941457702299204113e-01 5.009392499923706055e-01 6.937456525857551570e-01
5.037126541137695312e-01 6.947213105042860937e-01 5.009392499923706055e-01 6.932963912284491048e-01
4.984344244003295898e-01 6.947763060964610160e-01 4.990607500076293945e-01 6.933756813677535158e-01
5.026391148567199707e-01 6.941356349234547585e-01 4.990607500076293945e-01 6.932502669124607220e-01
5.024154782295227051e-01 6.943597055479716618e-01 5.009392499923706055e-01 6.942787242070092013e-01
4.985238909721374512e-01 6.943768918098330856e-01 4.990607500076293945e-01 6.969417185928696856e-01
4.975845515727996826e-01 6.948227636458771395e-01 4.990607500076293945e-01 6.932018680404308242e-01
4.932903945446014404e-01 6.941815307558830694e-01 4.990607500076293945e-01 6.945949668327917603e-01
4.914564192295074463e-01 6.941620812771849280e-01 5.009392499923706055e-01 6.931678240718733841e-01
4.969135820865631104e-01 6.936449338144597965e-01 5.009392499923706055e-01 6.937152109099340436e-01
5.028180480003356934e-01 6.982735436810302287e-01 4.990607500076293945e-01 7.139052765226593378e-01
5.034442543983459473e-01 6.953136474827275038e-01 4.990607500076293945e-01 6.933082575789076829e-01
4.906512796878814697e-01 6.943704284544941485e-01 4.990607500076293945e-01 6.933080787649733567e-01
5.008499026298522949e-01 6.949757330958116208e-01 4.990607500076293945e-01 6.946000483806883397e-01
5.038915872573852539e-01 6.942004311231919633e-01 4.990607500076293945e-01 6.946696178994231641e-01
4.980765879154205322e-01 6.939035566084754691e-01 5.009392499923706055e-01 6.934867056867718427e-01
5.029522180557250977e-01 6.954501743904485389e-01 5.009392499923706055e-01 6.934084937806866966e-01
5.047861933708190918e-01 6.959438562969079145e-01 5.009392499923706055e-01 6.931635823137350938e-01
5.012524724006652832e-01 6.941232745368870471e-01 5.009392499923706055e-01 6.953675715068864394e-01
4.962873458862304688e-01 6.950437554755989344e-01 4.990607500076293945e-01 6.941001445981859197e-01
4.983896911144256592e-01 2.425229674226846655e+00 5.009392499923706055e-01 7.893083184627819326e-01
5.026391148567199707e-01 7.097783072580483577e-01 4.990607500076293945e-01 6.946915905278053804e-01
5.009393692016601562e-01 7.061312106176530490e-01 4.990607500076293945e-01 6.941050739931279301e-01
5.024601817131042480e-01 7.021435978779918541e-01 4.990607500076293945e-01 7.232154547060937189e-01
5.054123997688293457e-01 7.053312047220210435e-01 4.990607500076293945e-01 7.686474503044593565e-01
