5.635176301002502441e-01 6.800076867241960921e-01 5.814026594161987305e-01 6.708132781009040757e-01
5.867776274681091309e-01 6.667318634514221021e-01 6.053016185760498047e-01 6.590773012637594075e-01
5.979155302047729492e-01 6.607124398594615977e-01 6.035274267196655273e-01 6.591529138549536704e-01
5.985417962074279785e-01 6.602455496062830109e-01 6.005009412765502930e-01 6.591691931387348991e-01
6.003757119178771973e-01 6.582134620493651500e-01 6.081193685531616211e-01 6.560115203979840492e-01
6.082035899162292480e-01 6.524985499278785905e-01 6.074932217597961426e-01 6.488731481217312469e-01
6.096796989440917969e-01 6.509309898635999847e-01 6.135462522506713867e-01 6.495912018311942315e-01
6.179549098014831543e-01 6.478440163386787187e-01 6.142767667770385742e-01 6.495058112790405014e-01
6.174181699752807617e-01 6.449958322875336547e-01 6.192861795425415039e-01 6.458920132290268956e-01
6.150473952293395996e-01 6.456560548824836765e-01 6.184512376785278320e-01 6.448236413500647579e-01
6.199230551719665527e-01 6.436849842986132053e-01 6.200166940689086914e-01 6.400459646631248001e-01
6.229200363159179688e-01 6.396952971594771498e-01 6.185556054115295410e-01 6.395824095123472386e-01
6.248434185981750488e-01 6.377850867038677984e-01 6.059277653694152832e-01 6.471914323554160964e-01
6.209518909454345703e-01 6.401969308523824953e-01 6.277394890785217285e-01 6.322594026114890520e-01
6.274825334548950195e-01 6.361223877510757685e-01 6.264871358871459961e-01 6.359808160203206384e-01
6.247092485427856445e-01 6.367503475750424524e-01 6.307660341262817383e-01 6.329096309627627592e-01
6.271247267723083496e-01 6.326521386249608359e-01 6.286787986755371094e-01 6.263299969312070559e-01
6.267221570014953613e-01 6.321151860499556463e-01 6.114589571952819824e-01 6.420089406898489282e-01
6.243066787719726562e-01 6.336712287137367117e-01 6.299310922622680664e-01 6.274680169931012852e-01
6.363392472267150879e-01 6.298289968110427628e-01 6.327489018440246582e-01 6.336513487363603092e-01
6.337895989418029785e-01 6.282423713229000617e-01 6.355667114257812500e-01 6.277119397146670998e-01
6.367865204811096191e-01 6.250509319610001446e-01 6.189730763435363770e-01 6.380715786950420521e-01
6.305242180824279785e-01 6.267382814283126713e-01 6.366103291511535645e-01 6.322456820850654857e-01
6.334317326545715332e-01 6.241447748854626054e-01 6.378626823425292969e-01 6.211181142165451696e-01
6.416621804237365723e-01 6.185168515784856824e-01 6.433938741683959961e-01 6.194270427479322549e-01
6.403650045394897461e-01 6.202348922228509975e-01 6.341056227684020996e-01 6.214378232922093126e-01
6.391125321388244629e-01 6.213293366386118954e-01 6.369233727455139160e-01 6.222208833873608125e-01
6.418411135673522949e-01 6.156792087404773239e-01 6.463159918785095215e-01 6.127179298115233985e-01
6.392914652824401855e-01 6.186193923528728877e-01 6.403673291206359863e-01 6.204564812735261503e-01
6.461352705955505371e-01 6.135391243925929494e-01 6.463159918785095215e-01 6.155655162739022135e-01
6.432725191116333008e-01 6.151829118655265383e-01 6.422458887100219727e-01 6.169482682672380314e-01
6.481034159660339355e-01 6.126605275065896139e-01 6.486119627952575684e-01 6.148782291484014006e-01
6.489085555076599121e-01 6.085742680880139588e-01 6.450636386871337891e-01 6.063937836563231265e-01
6.516819000244140625e-01 6.064083931334736111e-01 6.392193436622619629e-01 6.158156095877790337e-01
6.526212096214294434e-01 6.058698725905139471e-01 6.461072564125061035e-01 6.070379239237400082e-01
6.537842154502868652e-01 6.044587144529186551e-01 6.475683450698852539e-01 6.079962970791965571e-01
6.578994393348693848e-01 6.005774269080115246e-01 6.579002141952514648e-01 6.001972686246650479e-01
6.554839611053466797e-01 6.014531165931962242e-01 6.522646546363830566e-01 6.056494583692413336e-01
6.595097780227661133e-01 5.959089491379711001e-01 6.524733901023864746e-01 6.007667688357011260e-01
6.547682881355285645e-01 5.982741379400851045e-01 6.506991982460021973e-01 5.986147922032363233e-01
6.618357300758361816e-01 5.955034902642251105e-01 6.568565964698791504e-01 6.007049949351792595e-01
6.578547358512878418e-01 5.943244558409600531e-01 6.534126400947570801e-01 5.992829465861112537e-01
6.562891602516174316e-01 5.972332877514719973e-01 6.562304496765136719e-01 6.058021743520021207e-01
6.659062504768371582e-01 5.887277395167702654e-01 6.622834205627441406e-01 5.997969726261129786e-01
6.653694510459899902e-01 5.897583490856476152e-01 6.608223915100097656e-01 5.937049700033936173e-01
6.684111356735229492e-01 5.867931193007747126e-01 6.667710542678833008e-01 5.876208623026387690e-01
6.690374016761779785e-01 5.876042905253104909e-01 6.601961851119995117e-01 5.946208545769015030e-01
6.660851836204528809e-01 5.867532467581885181e-01 6.412022709846496582e-01 6.039497345231863434e-01
6.719449162483215332e-01 5.828900869277876540e-01 6.683364510536193848e-01 5.872406171647622797e-01
6.644748449325561523e-01 5.884172150691563408e-01 6.641619801521301270e-01 5.906786152028111747e-01
6.685006022453308105e-01 5.821896665615436950e-01 6.649968624114990234e-01 5.904981706939144148e-01
6.731526255607604980e-01 5.806687294231754892e-01 6.565434932708740234e-01 5.988258658607974461e-01
6.738682985305786133e-01 5.802828267171358245e-01 6.679190397262573242e-01 5.833302120579182404e-01
6.704240441322326660e-01 5.793216364992435086e-01 6.636401414871215820e-01 5.891936954489532807e-01
6.732420921325683594e-01 5.780598626919137839e-01 6.563348174095153809e-01 5.958290270663233468e-01
6.751207709312438965e-01 5.790965697125045608e-01 6.718847751617431641e-01 5.829233634797846841e-01
6.736893653869628906e-01 5.759044506400956553e-01 6.718847751617431641e-01 5.792066497311068041e-01
6.744945645332336426e-01 5.744847760662918912e-01 6.672928333282470703e-01 5.801394346536163926e-01
6.775809526443481445e-01 5.706743180037270324e-01 6.518472433090209961e-01 5.952768695799848242e-01
6.789228916168212891e-01 5.702338983769876801e-01 6.705280542373657227e-01 5.814315887563439311e-01
6.783860921859741211e-01 5.698419903616803728e-01 6.728240251541137695e-01 5.737912771697334380e-01
6.825013160705566406e-01 5.643765242331397758e-01 6.732414960861206055e-01 5.795341250891975493e-01
6.804884672164916992e-01 5.658976185149040550e-01 6.655187010765075684e-01 5.870069242474231785e-01
6.815172433853149414e-01 5.640583329048026728e-01 6.781465411186218262e-01 5.724686070440010432e-01
6.816514730453491211e-01 5.653998675276414865e-01 6.693800687789916992e-01 5.834028576291744317e-01
6.789228916168212891e-01 5.698372279409646968e-01 6.730327606201171875e-01 5.821263675176134855e-01
6.813830733299255371e-01 5.657841763826576553e-01 6.762679815292358398e-01 5.717956106017313411e-01
6.838432550430297852e-01 5.595588876472046280e-01 6.713629961013793945e-01 5.936997065935272211e-01
6.862139701843261719e-01 5.610566127063507658e-01 6.777290701866149902e-01 5.734661815808924645e-01
6.853641271591186523e-01 5.568919382852098865e-01 6.744938492774963379e-01 5.700919640211042916e-01
6.856772303581237793e-01 5.598557583439817131e-01 6.724066138267517090e-01 5.782489993457280431e-01
6.871980428695678711e-01 5.584331978879646385e-01 6.811730265617370605e-01 5.667455288194908070e-01
6.863034367561340332e-01 5.608238791775289611e-01 6.832602620124816895e-01 5.668464285474907882e-01
6.900160908699035645e-01 5.571546068897953452e-01 6.862868070602416992e-01 5.673002457349988203e-01
6.890767812728881836e-01 5.558490752533949975e-01 6.759549379348754883e-01 5.710302380449561177e-01
6.880032420158386230e-01 5.548598173053261862e-01 6.767898201942443848e-01 5.720697847643816392e-01
6.894345879554748535e-01 5.559317999309281166e-01 6.837821006774902344e-01 5.687396035789572535e-01
6.937735080718994141e-01 5.514583760733510198e-01 6.838864684104919434e-01 5.615824858845213097e-01
6.918500661849975586e-01 5.522404454820462050e-01 6.810686588287353516e-01 5.616130145351017067e-01
6.908212304115295410e-01 5.536316239592811161e-01 6.803381443023681641e-01 5.694446869892756391e-01
6.911343932151794434e-01 5.542311365200424111e-01 6.808599233627319336e-01 5.689249148798795064e-01
6.910001635551452637e-01 5.536422457330703040e-01 6.721978783607482910e-01 5.726898870794590035e-01
6.930577754974365234e-01 5.503952392078849121e-01 6.850344538688659668e-01 5.672001261299075558e-01
6.949812173843383789e-01 5.497275830637600169e-01 6.879565715789794922e-01 5.551238233673375655e-01
6.978887319564819336e-01 5.476559948027507341e-01 6.830515265464782715e-01 5.624745652511905503e-01
6.952048540115356445e-01 5.459249998422999184e-01 6.798163056373596191e-01 5.601519056611607983e-01
6.960547566413879395e-01 5.472685423812790884e-01 6.881653070449829102e-01 5.602837768135476848e-01
6.934156417846679688e-01 5.473245881093936616e-01 6.823210120201110840e-01 5.635760369666108494e-01
6.966362595558166504e-01 5.461061822747390604e-01 6.880609393119812012e-01 5.549110886424102329e-01
6.955627202987670898e-01 5.432421900885201493e-01 6.802337765693664551e-01 5.665158101174210259e-01
6.986491084098815918e-01 5.449817413762465534e-01 6.879565715789794922e-01 5.564985288580382994e-01
6.978887319564819336e-01 5.408118038511080528e-01 6.826341152191162109e-01 5.714791647404077191e-01
6.996779441833496094e-01 5.386801717276649137e-01 6.876435279846191406e-01 5.584563964021850291e-01
6.991859078407287598e-01 5.402228767883801019e-01 6.749113202095031738e-01 5.766529801294465463e-01
7.030774950981140137e-01 5.410076000328288837e-01 6.924441456794738770e-01 5.576653110286782233e-01
6.964126229286193848e-01 5.416573987789499167e-01 6.732414960861206055e-01 5.712071831105423048e-01
6.940866112709045410e-01 5.492485867648927433e-01 6.843038797378540039e-01 5.686428220952336465e-01
6.998121142387390137e-01 5.421273956936146776e-01 6.920267343521118164e-01 5.558485022493903083e-01
7.005725502967834473e-01 5.390927571903978421e-01 6.942183375358581543e-01 5.514241976146782021e-01
6.980676054954528809e-01 5.397263453607803463e-01 6.964099407196044922e-01 5.533464072243801102e-01
