5.666040182113647461e-01 6.767678540643243812e-01 5.770193934440612793e-01 6.734457110542515501e-01
5.890588760375976562e-01 6.671911493079737410e-01 6.025881767272949219e-01 6.603187483727023244e-01
5.941134095191955566e-01 6.606805856293141987e-01 5.940304994583129883e-01 6.640869650256531198e-01
5.981392264366149902e-01 6.590032395575976532e-01 6.047797799110412598e-01 6.541907038501547644e-01
6.031042933464050293e-01 6.540686936066218982e-01 6.049885153770446777e-01 6.596772559399247671e-01
6.058776378631591797e-01 6.514019860545602336e-01 6.091629862785339355e-01 6.502601486908521355e-01
6.095902919769287109e-01 6.496962204796830065e-01 6.178250908851623535e-01 6.454439436535923669e-01
6.071300506591796875e-01 6.505092189507784006e-01 6.188687086105346680e-01 6.439656275370204686e-01
6.146001219749450684e-01 6.474383619075214646e-01 6.187643408775329590e-01 6.448797894106407247e-01
6.138843894004821777e-01 6.438133177059369716e-01 6.204341650009155273e-01 6.460969824304264586e-01
6.206387281417846680e-01 6.408745515408381666e-01 6.236693859100341797e-01 6.386982081354946050e-01
6.247539520263671875e-01 6.378594407520816745e-01 6.260697245597839355e-01 6.342580271797323421e-01
6.216228008270263672e-01 6.357875737868347032e-01 6.246086359024047852e-01 6.353209192134273708e-01
6.269457936286926270e-01 6.346404205645788110e-01 6.222082972526550293e-01 6.343257857548422196e-01
6.220254302024841309e-01 6.334783412685418558e-01 6.174076199531555176e-01 6.351251123071438576e-01
6.319109201431274414e-01 6.322050624210263647e-01 6.297224164009094238e-01 6.347656581053975344e-01
6.320003867149353027e-01 6.301316341532217091e-01 6.225214004516601562e-01 6.357182012149721340e-01
6.325371265411376953e-01 6.307225166034305941e-01 6.272177100181579590e-01 6.292097168410653030e-01
6.334764957427978516e-01 6.265411413532823159e-01 6.327489018440246582e-01 6.263206148665126927e-01
6.340132355690002441e-01 6.246895314137439481e-01 6.385931968688964844e-01 6.270082869277918691e-01
6.386652588844299316e-01 6.219262864342698371e-01 6.354623436927795410e-01 6.252682359923751321e-01
6.400966048240661621e-01 6.231233659211201648e-01 6.447505950927734375e-01 6.214483124531526848e-01
6.413490772247314453e-01 6.180847396383901682e-01 6.347317695617675781e-01 6.237711118049398262e-01
6.402755379676818848e-01 6.183456801241978829e-01 6.373408436775207520e-01 6.218478569554476421e-01
6.410359740257263184e-01 6.181584748071727864e-01 6.441243886947631836e-01 6.163165018419660690e-01
6.464036703109741211e-01 6.142137019594574587e-01 6.452723741531372070e-01 6.155721383860155438e-01
6.496689915657043457e-01 6.134614512540291775e-01 6.429764032363891602e-01 6.141808115597483519e-01
6.444802284240722656e-01 6.150484174239355672e-01 6.410979032516479492e-01 6.166651955702886490e-01
6.463589072227478027e-01 6.140189594436702425e-01 6.522646546363830566e-01 6.102596605229640980e-01
6.447486281394958496e-01 6.110515447203812567e-01 6.530995368957519531e-01 6.089209995695753497e-01
6.541867852210998535e-01 6.062525562404796897e-01 6.476727128028869629e-01 6.084579799648516252e-01
6.487743854522705078e-01 6.072325206203907921e-01 6.436026096343994141e-01 6.084866279153380297e-01
6.521739363670349121e-01 6.030558916233715872e-01 6.425589919090270996e-01 6.168344662175052617e-01
6.522634029388427734e-01 6.051047428773199677e-01 6.351492404937744141e-01 6.141138386686568751e-01
6.569601297378540039e-01 6.011710557363437735e-01 6.546649932861328125e-01 6.060618102189718748e-01
6.642065048217773438e-01 5.970594692068121878e-01 6.423502564430236816e-01 6.198284582836944834e-01
6.576758027076721191e-01 5.977957444917026963e-01 6.538301110267639160e-01 6.016501856979858953e-01
6.626409292221069336e-01 5.960399886644213163e-01 6.569609642028808594e-01 6.026944115250972844e-01
6.618357300758361816e-01 5.932187290625914322e-01 6.598831415176391602e-01 6.010661245113970708e-01
6.593755483627319336e-01 5.934797753202486481e-01 6.585264205932617188e-01 5.936310492211805956e-01
6.636250019073486328e-01 5.918210699959675081e-01 6.556042432785034180e-01 5.990752503384729755e-01
6.572284698486328125e-01 5.952701900380309441e-01 6.607180237770080566e-01 5.950317805058720211e-01
6.659062504768371582e-01 5.918280893093913475e-01 6.623877882957458496e-01 5.994705609826398440e-01
6.699320077896118164e-01 5.855643536904178159e-01 6.618660092353820801e-01 5.944674718083879927e-01
6.675612926483154297e-01 5.889827118275694495e-01 6.661448478698730469e-01 5.909908999980703070e-01
6.641170382499694824e-01 5.878293425308653841e-01 6.586307883262634277e-01 5.912915264930637127e-01
6.702451109886169434e-01 5.822236323787479684e-01 6.700062751770019531e-01 5.875056789951965674e-01
6.737788319587707520e-01 5.810727888195347246e-01 6.599874496459960938e-01 5.877690021391079878e-01
6.756575703620910645e-01 5.785907268268218884e-01 6.656230688095092773e-01 5.833574592432679840e-01
6.745840311050415039e-01 5.809289261999999177e-01 6.635357737541198730e-01 5.878799705857699065e-01
6.778940558433532715e-01 5.760705747252863329e-01 6.688582897186279297e-01 5.865071599529770863e-01
6.754338741302490234e-01 5.763748810508422249e-01 6.633270978927612305e-01 5.927172581877296897e-01
6.777151823043823242e-01 5.728459502827781824e-01 6.630139946937561035e-01 5.875736933315852673e-01
6.768205165863037109e-01 5.761217979374672060e-01 6.669797301292419434e-01 5.916422301333026379e-01
6.771336793899536133e-01 5.735123454937889331e-01 6.719891428947448730e-01 5.843092447978374127e-01
6.750313043594360352e-01 5.721750034802202123e-01 6.648924946784973145e-01 5.872719584340417853e-01
6.737341284751892090e-01 5.739277096484892704e-01 6.671884655952453613e-01 5.847476016775946528e-01
6.808015704154968262e-01 5.705914369933100527e-01 6.761636137962341309e-01 5.753343371677139828e-01
6.830381155014038086e-01 5.645751645983513312e-01 6.820079088211059570e-01 5.747940465916773212e-01
6.843800544738769531e-01 5.648827992018400357e-01 6.772072911262512207e-01 5.734809310245653213e-01
6.851851940155029297e-01 5.650081784999483325e-01 6.708411574363708496e-01 5.798108765089146077e-01
6.848720908164978027e-01 5.620906159113762124e-01 6.804425120353698730e-01 5.722405742787787242e-01
6.881821155548095703e-01 5.622332790687528670e-01 6.790857911109924316e-01 5.723438831118148329e-01
6.825907826423645020e-01 5.628503900795167603e-01 6.700062751770019531e-01 5.847801147112391407e-01
6.835748553276062012e-01 5.632901728142564179e-01 6.832602620124816895e-01 5.728278682988811044e-01
6.810699701309204102e-01 5.637043895502170665e-01 6.718847751617431641e-01 5.822250063373061169e-01
6.848273277282714844e-01 5.603969808468602931e-01 6.772072911262512207e-01 5.701416611198690809e-01
6.845589280128479004e-01 5.629441640120667056e-01 6.814861297607421875e-01 5.693643238295147402e-01
6.893451213836669922e-01 5.562708712067794270e-01 6.741807460784912109e-01 5.718446954807989702e-01
6.892109513282775879e-01 5.572234186551975332e-01 6.797119379043579102e-01 5.729227609585630931e-01
6.871533393859863281e-01 5.584692747589939943e-01 6.859737038612365723e-01 5.729306598865172573e-01
6.898371577262878418e-01 5.562927059590614398e-01 6.785639524459838867e-01 5.731586595836648534e-01
6.925210356712341309e-01 5.537871777062169931e-01 6.720935106277465820e-01 5.727941673400630540e-01
6.896582841873168945e-01 5.529811736999460381e-01 6.800250411033630371e-01 5.711736015227462104e-01
6.897924542427062988e-01 5.555275759259283852e-01 6.874347925186157227e-01 5.632321926254092448e-01
6.924315690994262695e-01 5.520211826669314537e-01 6.723022460937500000e-01 5.768642405133933559e-01
6.939076781272888184e-01 5.539542754299207061e-01 6.812773942947387695e-01 5.653123147326902798e-01
6.922079324722290039e-01 5.494725768127601828e-01 6.784595847129821777e-01 5.683515506058439692e-01
6.908212304115295410e-01 5.519647219245474856e-01 6.768941879272460938e-01 5.661124524356576648e-01
6.964573264122009277e-01 5.447823928259506454e-01 6.876435279846191406e-01 5.644498446917787238e-01
6.969493627548217773e-01 5.459135795806298042e-01 6.874347925186157227e-01 5.611355399393731513e-01
6.958311200141906738e-01 5.433362136695099043e-01 6.893132925033569336e-01 5.606473066990421694e-01
6.980229020118713379e-01 5.437750654029470665e-01 6.873304247856140137e-01 5.611498486868798929e-01
6.963678598403930664e-01 5.458922843362333799e-01 6.884784102439880371e-01 5.624801702525267233e-01
7.008409500122070312e-01 5.414987274286123808e-01 6.903569102287292480e-01 5.653244257470905199e-01
6.974861621856689453e-01 5.446186997229691684e-01 6.911917924880981445e-01 5.626880872152564272e-01
6.967257261276245117e-01 5.439748295860611371e-01 6.799206733703613281e-01 5.673202556027073795e-01
6.974861621856689453e-01 5.412602169416868003e-01 6.947401165962219238e-01 5.612446724111962437e-01
7.021828889846801758e-01 5.406602264346451747e-01 6.879565715789794922e-01 5.622815756627598249e-01
6.993648409843444824e-01 5.383168362743591118e-01 6.949488520622253418e-01 5.534302206358913123e-01
6.987385749816894531e-01 5.393697331279735385e-01 6.979753971099853516e-01 5.551992058256328688e-01
6.984702348709106445e-01 5.391483412358005767e-01 6.894176602363586426e-01 5.674177645716331764e-01
7.018250226974487305e-01 5.373911272436460163e-01 6.969317197799682617e-01 5.499192235042347221e-01
7.025406956672668457e-01 5.374536461172344515e-01 6.835733652114868164e-01 5.634348495622140129e-01
7.033458352088928223e-01 5.341628163141136643e-01 6.963055729866027832e-01 5.561562798088414139e-01
7.065217494964599609e-01 5.364659044562991586e-01 6.905656456947326660e-01 5.555735196979676438e-01
7.056271433830261230e-01 5.339939767355824651e-01 6.977666616439819336e-01 5.536604755807087441e-01
7.050456404685974121e-01 5.332286246967434806e-01 6.939052343368530273e-01 5.528480714632956206e-01
7.056271433830261230e-01 5.305302029838500077e-01 6.947401165962219238e-01 5.478289671393083982e-01
7.046430706977844238e-01 5.299117597362227317e-01 6.995407938957214355e-01 5.549726208399392569e-01
