5.014761090278625488e-01 7.419463488534773221e-01 4.950949549674987793e-01 6.941208163001447717e-01
4.996421635150909424e-01 6.978766402333980157e-01 4.984345734119415283e-01 6.981086541854422123e-01
5.081409811973571777e-01 6.951273398506851997e-01 4.969734847545623779e-01 6.923737189163123862e-01
5.329665541648864746e-01 6.893135253443319899e-01 5.567731261253356934e-01 6.838743095605962496e-01
5.494274497032165527e-01 6.854747122676539961e-01 5.290127396583557129e-01 6.969420484525130632e-01
5.177133679389953613e-01 6.938334979446186823e-01 5.672093629837036133e-01 6.810997960164885123e-01
5.226337313652038574e-01 6.930182117173615541e-01 5.090795159339904785e-01 6.930563854937313861e-01
5.083199143409729004e-01 6.951110262652376859e-01 5.021916031837463379e-01 6.955270417869725552e-01
5.063964724540710449e-01 6.952208666303201223e-01 5.015654563903808594e-01 6.930393610212604028e-01
4.949007034301757812e-01 6.944825664511902197e-01 4.984345734119415283e-01 6.933217342376112313e-01
5.082304477691650391e-01 6.938280108726222473e-01 5.033395886421203613e-01 6.938161923004028120e-01
5.117641687393188477e-01 6.941903451939861469e-01 4.990607500076293945e-01 6.944120243903963985e-01
5.019234418869018555e-01 6.944941279712826265e-01 5.009392499923706055e-01 6.943501477399764976e-01
4.998210668563842773e-01 6.941947376585151375e-01 4.990607500076293945e-01 6.937511059193340879e-01
5.013419389724731445e-01 6.937198058973166326e-01 4.990607500076293945e-01 6.938451649724155512e-01
4.998658001422882080e-01 6.939157492509999692e-01 4.990607500076293945e-01 6.931867949451541167e-01
4.996421635150909424e-01 6.939648186654988615e-01 4.990607500076293945e-01 6.941021623852307032e-01
4.987475275993347168e-01 6.941147015034608847e-01 5.009392499923706055e-01 6.946900206900070707e-01
5.002683997154235840e-01 6.937605540170974638e-01 4.990607500076293945e-01 6.933017304162096828e-01
4.977187216281890869e-01 6.939096422970967293e-01 5.009392499923706055e-01 6.931182210018927980e-01
4.996868968009948730e-01 6.936879246643136154e-01 5.009392499923706055e-01 6.931583800636336168e-01
4.951243400573730469e-01 6.939345248420798473e-01 5.009392499923706055e-01 6.931636058893564378e-01
5.007604360580444336e-01 6.935437007162817968e-01 5.009392499923706055e-01 6.931711027752106569e-01
5.013419389724731445e-01 6.936724594932354160e-01 5.017741322517395020e-01 6.931487385551359237e-01
5.024154782295227051e-01 6.938161704403318364e-01 4.990607500076293945e-01 6.934880871435367133e-01
5.034442543983459473e-01 6.939586940296307294e-01 4.990607500076293945e-01 6.934975598281919451e-01
5.145375132560729980e-01 6.922353592471800487e-01 5.038614273071289062e-01 6.931888036876201475e-01
4.961531460285186768e-01 6.938569970411613275e-01 4.985389411449432373e-01 6.935621917782733847e-01
5.039810538291931152e-01 6.939714859713166373e-01 4.949906170368194580e-01 6.950062500039612123e-01
4.970925152301788330e-01 6.948561234345352888e-01 4.987476468086242676e-01 6.933278542449742288e-01
5.036678910255432129e-01 6.955797003599116790e-01 4.995825588703155518e-01 6.931706077618082773e-01
5.023707151412963867e-01 6.939421059471440056e-01 5.012523531913757324e-01 6.952886109162014217e-01
5.061728358268737793e-01 6.939163492540273426e-01 5.015654563903808594e-01 6.932419465967121219e-01
4.943192005157470703e-01 6.937715647834468147e-01 4.989563822746276855e-01 6.932155943519012764e-01
4.991053938865661621e-01 6.935798985136069073e-01 4.987476468086242676e-01 6.946980409297731640e-01
4.967793822288513184e-01 6.939058078915856242e-01 5.015654563903808594e-01 6.933860853081131870e-01
4.998210668563842773e-01 6.938199374986731005e-01 4.988520145416259766e-01 6.931724666404565083e-01
5.008946061134338379e-01 6.934539046819061525e-01 5.009392499923706055e-01 6.932399756747679165e-01
4.930667281150817871e-01 6.941615087675865325e-01 5.011479854583740234e-01 6.935621974637925513e-01
4.967346489429473877e-01 6.937316291168862392e-01 4.990607500076293945e-01 6.935562728790469755e-01
4.962426126003265381e-01 6.940832498099599457e-01 4.990607500076293945e-01 6.935804393340739837e-01
5.029522180557250977e-01 6.940108494482178925e-01 4.990607500076293945e-01 6.934611883299804935e-01
4.936482310295104980e-01 6.940104567123709378e-01 4.985389411449432373e-01 6.931571951367316853e-01
5.021917819976806641e-01 6.938032301749029740e-01 5.010436177253723145e-01 6.932965635482016831e-01
4.989264607429504395e-01 6.939124592537742053e-01 5.010436177253723145e-01 6.932569124260219429e-01
4.939613640308380127e-01 6.939574723850318039e-01 5.012523531913757324e-01 6.949095642036695608e-01
4.971819519996643066e-01 6.944741701414299806e-01 4.990607500076293945e-01 6.931449384013538273e-01
5.063070058822631836e-01 6.937693048833115661e-01 5.009392499923706055e-01 6.943843729111327523e-01
4.973608851432800293e-01 6.947276487847862114e-01 5.008348822593688965e-01 6.935708524787184137e-01
4.940060973167419434e-01 6.942331590322288193e-01 4.989563822746276855e-01 6.966996881041689349e-01
4.978081881999969482e-01 6.945447555529364880e-01 5.010436177253723145e-01 6.934886337744868845e-01
4.952138066291809082e-01 6.940009275837561997e-01 5.010436177253723145e-01 6.939679326256688041e-01
5.000000000000000000e-01 6.941408034001464999e-01 4.989563822746276855e-01 6.952327107666579353e-01
5.030416846275329590e-01 6.939733708175697124e-01 4.987476468086242676e-01 6.957537148049071085e-01
4.995079636573791504e-01 6.941543202703935878e-01 4.988520145416259766e-01 6.931785107828385417e-01
4.996868968009948730e-01 6.939440195345882856e-01 5.009392499923706055e-01 6.932194777481542891e-01
4.992842972278594971e-01 6.946004284880715751e-01 5.011479854583740234e-01 6.931434776085797500e-01
4.956163763999938965e-01 6.937962050172591377e-01 5.012523531913757324e-01 6.937867683574069355e-01
4.968241155147552490e-01 6.942995108289440331e-01 4.987476468086242676e-01 6.934551158470889654e-01
4.978976547718048096e-01 6.941167949499736922e-01 5.010436177253723145e-01 6.931865183701472199e-01
4.994632303714752197e-01 6.937678421433101095e-01 5.012523531913757324e-01 6.932777289034454116e-01
4.959742426872253418e-01 6.944439947061236129e-01 4.990607500076293945e-01 6.934263552063767433e-01
4.972266852855682373e-01 6.937528214742169075e-01 5.012523531913757324e-01 6.941102416697984001e-01
4.970477819442749023e-01 6.942990297365965180e-01 4.987476468086242676e-01 6.939734578431212553e-01
4.951243400573730469e-01 6.943952390878438408e-01 4.990607500076293945e-01 6.931920093251926485e-01
5.034442543983459473e-01 6.949013464138149576e-01 4.985389411449432373e-01 6.931608894801393195e-01
4.999105334281921387e-01 6.949618337277672087e-01 4.987476468086242676e-01 6.934031718983030279e-01
4.956611096858978271e-01 6.943885931966129466e-01 4.990607500076293945e-01 6.935621740374627864e-01
4.997316300868988037e-01 6.945759733923221324e-01 4.990607500076293945e-01 6.936850940178441727e-01
5.008051395416259766e-01 6.942195899159350203e-01 4.990607500076293945e-01 6.967058541555291029e-01
5.023707151412963867e-01 6.942405105277024147e-01 5.014610886573791504e-01 6.933400107062054341e-01
4.988817274570465088e-01 6.944566679930810338e-01 5.015654563903808594e-01 6.931323824733016670e-01
4.977187216281890869e-01 6.949071688352576048e-01 4.990607500076293945e-01 6.931388200735204563e-01
5.016997456550598145e-01 6.943675977511021280e-01 4.989563822746276855e-01 6.951842562959726912e-01
5.001789331436157227e-01 6.941516835887053816e-01 4.990607500076293945e-01 6.939622426898910401e-01
5.011630058288574219e-01 6.942112163964997418e-01 5.009392499923706055e-01 6.936490840415222570e-01
5.014761090278625488e-01 6.946233332231787072e-01 4.989563822746276855e-01 6.937394690175217038e-01
5.012077093124389648e-01 6.939434194675732082e-01 5.009392499923706055e-01 6.949581269480394896e-01
5.036231875419616699e-01 6.942486453619428621e-01 5.009392499923706055e-01 6.942874298442059944e-01
4.982107579708099365e-01 6.942671653750459582e-01 5.009392499923706055e-01 6.931467692007527992e-01
4.986580908298492432e-01 6.938000448297401146e-01 4.990607500076293945e-01 6.953815701385550607e-01
5.014314055442810059e-01 6.939878956451251968e-01 5.009392499923706055e-01 6.931606811189223727e-01
4.999105334281921387e-01 6.946192689094673467e-01 5.010436177253723145e-01 6.931904675293207863e-01
4.988369941711425781e-01 6.943066002943366621e-01 5.010436177253723145e-01 6.931612240424660509e-01
4.976739883422851562e-01 6.945681409857997757e-01 5.009392499923706055e-01 6.931481886895358713e-01
4.990159273147583008e-01 6.942634409112566907e-01 4.990607500076293945e-01 6.931586788581970415e-01
5.040257573127746582e-01 6.960776943195525757e-01 4.990607500076293945e-01 6.931471838455462997e-01
4.988369941711425781e-01 6.946400390965585814e-01 5.009392499923706055e-01 6.931771667484848409e-01
4.941402673721313477e-01 6.942219383858636572e-01 4.990607500076293945e-01 6.931605857962781503e-01
4.980318546295166016e-01 6.941936829581117907e-01 5.009392499923706055e-01 6.931538532581938972e-01
4.978529214859008789e-01 6.942054271847303282e-01 5.009392499923706055e-01 6.933592696997049609e-01
4.983896911144256592e-01 6.940572950745721448e-01 5.009392499923706055e-01 6.932345240829235200e-01
5.022365450859069824e-01 6.938455302230274180e-01 4.990607500076293945e-01 6.951467486394270479e-01
5.017445087432861328e-01 6.939516076143237289e-01 5.009392499923706055e-01 6.931458871863724891e-01
5.037126541137695312e-01 6.943377922079946307e-01 4.990607500076293945e-01 6.933194462204497199e-01
4.915906190872192383e-01 6.976431011300454621e-01 4.990607500076293945e-01 6.933417260908080193e-01
5.012077093124389648e-01 6.941065894595453978e-01 4.990607500076293945e-01 6.931907131263344013e-01
4.987475275993347168e-01 6.939023037804838978e-01 5.009392499923706055e-01 6.938467607122950076e-01
5.008499026298522949e-01 6.949046585081642968e-01 5.009392499923706055e-01 6.934167604510108607e-01
5.066201686859130859e-01 6.938496259547534128e-01 4.990607500076293945e-01 6.937653387769779911e-01
