4.975398182868957520e-01 1.026195449348339839e+00 5.018784999847412109e-01 6.934086650678394914e-01
5.039362907409667969e-01 8.522706369121719749e-01 5.016698241233825684e-01 6.936187086262600721e-01
4.987027943134307861e-01 9.621384619578711161e-01 5.009392499923706055e-01 7.005927341762153704e-01
4.945875704288482666e-01 6.974639551629745471e-01 4.984345734119415283e-01 6.937710115069064543e-01
5.010735392570495605e-01 7.864181915513729360e-01 5.012523531913757324e-01 6.931428978349092329e-01
4.986580908298492432e-01 6.961439578984073284e-01 5.015654563903808594e-01 6.931649113691716879e-01
4.975845515727996826e-01 7.142970521242295590e-01 4.992694556713104248e-01 6.935339812768622769e-01
4.994632303714752197e-01 6.940910418081803757e-01 4.990607500076293945e-01 6.930171964910527560e-01
5.013419389724731445e-01 6.948764047867540539e-01 5.009392499923706055e-01 6.941312155253801519e-01
4.971372485160827637e-01 7.033129976567439323e-01 4.990607500076293945e-01 6.930950557705356507e-01
4.992842972278594971e-01 7.193676671181536975e-01 5.007305145263671875e-01 6.946852519576371954e-01
5.034442543983459473e-01 6.938905955576730733e-01 4.985389411449432373e-01 6.935376363690375356e-01
4.988369941711425781e-01 6.941452352598370679e-01 4.990607500076293945e-01 6.942034265836278806e-01
5.026391148567199707e-01 6.980028740727084458e-01 5.009392499923706055e-01 6.935955170076243403e-01
4.965557456016540527e-01 6.934773354501326814e-01 5.009392499923706055e-01 6.931815718688837391e-01
5.017445087432861328e-01 6.931916602845054065e-01 5.009392499923706055e-01 6.933422106413621444e-01
5.021470785140991211e-01 6.931753696600169157e-01 4.990607500076293945e-01 6.932868673243569591e-01
4.984344244003295898e-01 7.344066188616538149e-01 4.990607500076293945e-01 6.931734614321494181e-01
5.005815029144287109e-01 6.932947137398889348e-01 4.990607500076293945e-01 6.931776925035021408e-01
5.016997456550598145e-01 7.170641211645187862e-01 5.009392499923706055e-01 6.931458886170830391e-01
4.998658001422882080e-01 6.943652566504363577e-01 4.990607500076293945e-01 6.936886357479815635e-01
5.018339753150939941e-01 6.938309837142689895e-01 5.009392499923706055e-01 6.936657901871207121e-01
4.999552667140960693e-01 7.510298991655488532e-01 4.991650879383087158e-01 6.932768859661240235e-01
5.027285814285278320e-01 6.935435607322832929e-01 5.009392499923706055e-01 6.938844093498122145e-01
4.967793822288513184e-01 7.053541900177807689e-01 5.009392499923706055e-01 6.931544908823337181e-01
4.964662790298461914e-01 6.967078283959711182e-01 4.990607500076293945e-01 6.931709134113412940e-01
4.995526969432830811e-01 6.937254149834016781e-01 5.009392499923706055e-01 6.931516390408137829e-01
4.950796067714691162e-01 6.961820838510680565e-01 4.990607500076293945e-01 6.932626940641242186e-01
4.962426126003265381e-01 6.938363616230620590e-01 5.009392499923706055e-01 6.931455469758494026e-01
5.007156729698181152e-01 7.718251535239384342e-01 5.009392499923706055e-01 6.931633221981197135e-01
4.959295094013214111e-01 6.935078082581200842e-01 4.990607500076293945e-01 6.931819072149910665e-01
4.937824308872222900e-01 7.009022076114129751e-01 4.990607500076293945e-01 6.932150118038963305e-01
4.992395639419555664e-01 6.963038379144830259e-01 5.009392499923706055e-01 6.932701417833000423e-01
5.035784840583801270e-01 6.934950335398196719e-01 5.009392499923706055e-01 6.932154401461880777e-01
4.937824308872222900e-01 6.934195894059437260e-01 4.990607500076293945e-01 6.936340754775108808e-01
5.069332718849182129e-01 6.940739753848219618e-01 5.009392499923706055e-01 6.931457467652442084e-01
5.009840726852416992e-01 6.955243085658834312e-01 5.009392499923706055e-01 6.932645917585711359e-01
4.984791576862335205e-01 6.942695980955906343e-01 5.009392499923706055e-01 6.932215020169397723e-01
5.007156729698181152e-01 6.933031176748631896e-01 5.009392499923706055e-01 6.931553171487672138e-01
5.005367398262023926e-01 6.933779874754881778e-01 5.009392499923706055e-01 6.931614740311390355e-01
4.956611096858978271e-01 6.933748183192411929e-01 5.009392499923706055e-01 6.934486717526884281e-01
4.993737637996673584e-01 6.936693232800457132e-01 4.990607500076293945e-01 6.933540576088033092e-01
4.961531460285186768e-01 6.935249672611746297e-01 4.990607500076293945e-01 6.933070415620439242e-01
4.943639338016510010e-01 6.933805928884667624e-01 4.990607500076293945e-01 6.933441049518677124e-01
4.983449578285217285e-01 6.933798487422333512e-01 5.009392499923706055e-01 6.932043738117349418e-01
4.977634549140930176e-01 6.941325038079606546e-01 4.990607500076293945e-01 6.932604490926882468e-01
5.042493939399719238e-01 6.939645432619656606e-01 5.009392499923706055e-01 6.932049452872844908e-01
4.984344244003295898e-01 6.933521345766995303e-01 4.990607500076293945e-01 6.931664889328068568e-01
5.004025697708129883e-01 6.932561282907664379e-01 4.990607500076293945e-01 6.935985960210944157e-01
5.000894665718078613e-01 6.940254109087944379e-01 5.009392499923706055e-01 6.931470504908839869e-01
5.008499026298522949e-01 6.932430048922260113e-01 5.009392499923706055e-01 6.931553958502872925e-01
4.966899156570434570e-01 6.933951708898921096e-01 5.009392499923706055e-01 6.931673033554452967e-01
5.050545930862426758e-01 6.943016044140971621e-01 5.009392499923706055e-01 6.934968243683337086e-01
4.981213212013244629e-01 6.934395915900131158e-01 4.990607500076293945e-01 6.931502365090607132e-01
5.038915872573852539e-01 6.934579393159385763e-01 5.009392499923706055e-01 6.931469823144169595e-01
4.944981336593627930e-01 6.933468537907371276e-01 4.990607500076293945e-01 6.931682093186757321e-01
4.985238909721374512e-01 6.933110124481707270e-01 5.009392499923706055e-01 6.939782613853003879e-01
4.974503517150878906e-01 6.933464249977593363e-01 4.990607500076293945e-01 6.933093720899695667e-01
4.965110123157501221e-01 6.934573009842132096e-01 5.009392499923706055e-01 6.932419972065420044e-01
4.977187216281890869e-01 6.939616879872546606e-01 4.990607500076293945e-01 6.931490735155733107e-01
4.988369941711425781e-01 6.936222653650047087e-01 5.009392499923706055e-01 6.931883976644127587e-01
4.966004788875579834e-01 6.948983510804530583e-01 4.990607500076293945e-01 6.933780247223101378e-01
5.021917819976806641e-01 6.932738324059721791e-01 4.990607500076293945e-01 6.933408603367638978e-01
5.053229331970214844e-01 6.931793645042962915e-01 5.009392499923706055e-01 6.940333764231098046e-01
4.969135820865631104e-01 6.933876867263597532e-01 5.009392499923706055e-01 6.931815113560487740e-01
5.021023154258728027e-01 6.932401617218757472e-01 5.009392499923706055e-01 6.931883758056439637e-01
5.000447034835815430e-01 6.933475252041600978e-01 5.009392499923706055e-01 6.934813800098950098e-01
4.951690733432769775e-01 6.933305135650313922e-01 4.990607500076293945e-01 6.931675714208347383e-01
5.007604360580444336e-01 6.933634193708441140e-01 5.009392499923706055e-01 6.931634113749290949e-01
5.011182427406311035e-01 6.932423926675270742e-01 5.009392499923706055e-01 6.931664761808216113e-01
4.980765879154205322e-01 6.933778164680666212e-01 5.009392499923706055e-01 6.934625104309197763e-01
4.949454367160797119e-01 6.933580035492737936e-01 4.990607500076293945e-01 6.932161356456790768e-01
4.974503517150878906e-01 6.932603317672993981e-01 4.990607500076293945e-01 6.933116356979653894e-01
4.984344244003295898e-01 6.933165354919809120e-01 4.990607500076293945e-01 6.931998497681884919e-01
5.054123997688293457e-01 6.932700172714565401e-01 4.990607500076293945e-01 6.931929687721150035e-01
5.005815029144287109e-01 6.932960814579929298e-01 4.990607500076293945e-01 6.933574651134111200e-01
4.974503517150878906e-01 6.934154191497485797e-01 5.009392499923706055e-01 6.931549722604427588e-01
4.971819519996643066e-01 6.933080629407453177e-01 4.990607500076293945e-01 6.932846628482494111e-01
4.974503517150878906e-01 6.933080356712737480e-01 5.009392499923706055e-01 6.932691503382256704e-01
4.974503517150878906e-01 6.933618188650881864e-01 5.009392499923706055e-01 6.931973555420963828e-01
5.012077093124389648e-01 6.932788939910277115e-01 5.009392499923706055e-01 6.933725355836449777e-01
4.983896911144256592e-01 6.933875924403221092e-01 5.009392499923706055e-01 6.931467907982613585e-01
4.977187216281890869e-01 6.934256502672947464e-01 4.990607500076293945e-01 6.933198502655443241e-01
4.954822063446044922e-01 6.933518723333259581e-01 4.990607500076293945e-01 6.931550896657928673e-01
4.923510551452636719e-01 6.933858512786957862e-01 4.990607500076293945e-01 6.931579271131207420e-01
4.977634549140930176e-01 6.933504519105959663e-01 4.990607500076293945e-01 6.931817930069678058e-01
4.902039766311645508e-01 6.934473073147643385e-01 4.990607500076293945e-01 6.931690661027869460e-01
4.998658001422882080e-01 6.932314147589180298e-01 5.009392499923706055e-01 6.935318399261916067e-01
4.985238909721374512e-01 6.933608612021983086e-01 4.990607500076293945e-01 6.932075493172996650e-01
4.976292848587036133e-01 6.933046222628922450e-01 4.990607500076293945e-01 6.932160419154779207e-01
5.006709694862365723e-01 6.931499980881977718e-01 4.990607500076293945e-01 6.936041078893955270e-01
4.917248189449310303e-01 6.934765305261446633e-01 5.009392499923706055e-01 6.931567835648555498e-01
4.945875704288482666e-01 6.933004165467859803e-01 5.009392499923706055e-01 6.931949563773881495e-01
4.978081881999969482e-01 6.933494813648271027e-01 5.009392499923706055e-01 6.932520957959517061e-01
4.984344244003295898e-01 6.933120672658851236e-01 5.009392499923706055e-01 6.934120328111356146e-01
4.990606606006622314e-01 6.933665162315306718e-01 4.990607500076293945e-01 6.931831525427591956e-01
4.991501271724700928e-01 6.933710133587872582e-01 5.009392499923706055e-01 6.931455273813356133e-01
4.934693276882171631e-01 6.933455705152127280e-01 4.990607500076293945e-01 6.933206123988231440e-01
4.978976547718048096e-01 6.933854390265669076e-01 4.990607500076293945e-01 6.936667166406141893e-01
5.033100843429565430e-01 6.933786433931965476e-01 5.009392499923706055e-01 6.932999011346080431e-01
