5.327429175376892090e-01 7.315858551226909201e-01 5.748277902603149414e-01 6.773499790349700733e-01
5.470119714736938477e-01 7.056669869284698526e-01 5.763932466506958008e-01 6.755255073203196847e-01
5.493379831314086914e-01 6.955150189543052308e-01 5.775412321090698242e-01 6.736688379628303913e-01
5.589998364448547363e-01 6.887932769363650509e-01 5.811939239501953125e-01 6.717695245735830767e-01
5.638307332992553711e-01 6.854010112150386025e-01 5.841160416603088379e-01 6.700216008113486499e-01
5.687510967254638672e-01 6.811796980374271726e-01 5.872468948364257812e-01 6.689989284766389988e-01
5.710771083831787109e-01 6.787981448648738869e-01 5.889167189598083496e-01 6.684559246265074917e-01
5.706745386123657227e-01 6.782626313543805852e-01 5.892298221588134766e-01 6.674141847273672434e-01
5.755054354667663574e-01 6.749945857973213004e-01 5.912126898765563965e-01 6.663991113317159209e-01
5.820809006690979004e-01 6.731574825447943500e-01 5.941348075866699219e-01 6.664125351038936440e-01
5.797548890113830566e-01 6.703287787718131829e-01 5.850552916526794434e-01 6.656930782281886838e-01
5.774735808372497559e-01 6.717602807350588900e-01 5.848466157913208008e-01 6.653268318463904096e-01
5.839595794677734375e-01 6.699889241358657488e-01 5.965351462364196777e-01 6.640092424101282642e-01
5.815441012382507324e-01 6.697288688787472744e-01 5.976831316947937012e-01 6.634375371631414664e-01
5.846305489540100098e-01 6.679104753525147986e-01 5.983093380928039551e-01 6.627027741853988019e-01
5.875380039215087891e-01 6.672662398772070125e-01 5.998747944831848145e-01 6.616990480535439589e-01
5.901324152946472168e-01 6.645833468859514426e-01 6.005009412765502930e-01 6.622460155814506866e-01
5.907139182090759277e-01 6.653139315856166913e-01 5.955958962440490723e-01 6.612978719440787412e-01
5.916532278060913086e-01 6.644622162344374638e-01 6.017532944679260254e-01 6.598637604534289824e-01
5.946502089500427246e-01 6.630834430738774543e-01 6.031100153923034668e-01 6.596609628591176833e-01
6.023439168930053711e-01 6.602014702171391525e-01 6.054059863090515137e-01 6.581661375871259434e-01
5.966183543205261230e-01 6.602754725136981140e-01 5.989354848861694336e-01 6.579711690772129806e-01
5.944265723228454590e-01 6.612286202744179775e-01 5.929868221282958984e-01 6.583528412306539623e-01
6.006888747215270996e-01 6.600262952588883403e-01 6.029012799263000488e-01 6.567024912423118366e-01
5.995258688926696777e-01 6.593676097684393334e-01 6.062408685684204102e-01 6.558005557356834103e-01
6.025227904319763184e-01 6.583105671446317642e-01 6.050928831100463867e-01 6.549412264402911799e-01
5.997942090034484863e-01 6.587866116538416694e-01 6.093717217445373535e-01 6.546734930503047556e-01
6.051172018051147461e-01 6.578659731984713988e-01 6.078063249588012695e-01 6.556956286943921297e-01
6.010914444923400879e-01 6.568052203055037008e-01 6.079106926918029785e-01 6.545862245101865540e-01
6.062354445457458496e-01 6.565243902221777894e-01 6.081193685531616211e-01 6.533592867592484810e-01
6.056092381477355957e-01 6.556359526935726656e-01 6.106240749359130859e-01 6.525050084940752226e-01
6.050277352333068848e-01 6.550025777838954788e-01 5.978918671607971191e-01 6.571304706436337240e-01
6.086509227752685547e-01 6.540749545898478789e-01 6.105197072029113770e-01 6.518068052338449325e-01
6.074432134628295898e-01 6.545528477602043926e-01 6.128156781196594238e-01 6.509147619210809976e-01
6.068169474601745605e-01 6.543719728745081010e-01 6.105197072029113770e-01 6.508273888893302273e-01
6.146001219749450684e-01 6.521884884000741511e-01 6.136506199836730957e-01 6.518220688748822544e-01
6.146448254585266113e-01 6.517659873756788125e-01 6.118764281272888184e-01 6.518147286207286450e-01
6.097691655158996582e-01 6.522510018240341712e-01 6.128156781196594238e-01 6.495190540103518151e-01
6.120951771736145020e-01 6.506817872802821423e-01 6.104153394699096680e-01 6.494482886042283187e-01
6.144658923149108887e-01 6.514570624206803551e-01 6.058233976364135742e-01 6.523191710400247922e-01
6.150921583175659180e-01 6.501216259854150081e-01 6.162596344947814941e-01 6.482383079330747977e-01
6.124082803726196289e-01 6.506261577075529434e-01 6.141723990440368652e-01 6.499269711550778039e-01
6.143764257431030273e-01 6.500217431153396674e-01 6.116676926612854004e-01 6.507223696978399197e-01
6.079799532890319824e-01 6.505499284325867437e-01 6.155291199684143066e-01 6.475229720759805296e-01
6.133476495742797852e-01 6.487379845576372039e-01 6.162596344947814941e-01 6.467696670151235061e-01
6.119162440299987793e-01 6.509261443760425703e-01 6.144855022430419922e-01 6.468973697363969988e-01
6.137949824333190918e-01 6.491970667196612643e-01 6.142767667770385742e-01 6.461487701082996304e-01
6.136607527732849121e-01 6.495230859007214974e-01 6.156334877014160156e-01 6.474164759433486127e-01
6.182680130004882812e-01 6.480264102949783167e-01 6.163640022277832031e-01 6.451332747650107002e-01
6.170603036880493164e-01 6.483935173924183504e-01 6.192861795425415039e-01 6.449496935912298889e-01
6.152263283729553223e-01 6.483684016012040141e-01 6.182425618171691895e-01 6.455694453946684286e-01
6.162104010581970215e-01 6.466315129848814180e-01 6.146942377090454102e-01 6.450602262061415626e-01
6.153157949447631836e-01 6.467662089454144780e-01 6.170945763587951660e-01 6.438757681791877907e-01
6.192968487739562988e-01 6.457927617879134496e-01 6.156334877014160156e-01 6.445799015355094808e-01
6.170155405998229980e-01 6.464650353030541030e-01 6.211646795272827148e-01 6.436416199973171715e-01
6.197888851165771484e-01 6.457161847392014487e-01 6.249217391014099121e-01 6.439751002589986228e-01
6.167919039726257324e-01 6.460888883064632715e-01 6.182425618171691895e-01 6.446309778641071686e-01
6.194757819175720215e-01 6.452023829857550519e-01 6.209559440612792969e-01 6.434399833686166303e-01
6.196546554565429688e-01 6.446998810529239732e-01 6.159465909004211426e-01 6.437788928284124967e-01
6.175075769424438477e-01 6.450117399769746962e-01 6.180338263511657715e-01 6.423313002500771196e-01
6.168813705444335938e-01 6.439252451614096984e-01 6.235650181770324707e-01 6.414316099139399929e-01
6.210860610008239746e-01 6.442488349492914157e-01 6.193905472755432129e-01 6.412007614357490004e-01
6.244408488273620605e-01 6.425763806923063814e-01 6.252348423004150391e-01 6.415223740406709174e-01
6.191179156303405762e-01 6.436753493128319903e-01 6.234606504440307617e-01 6.425792995138174257e-01
6.235910058021545410e-01 6.427217936511542273e-01 6.211646795272827148e-01 6.426039728882466662e-01
6.222937703132629395e-01 6.417758406904264801e-01 6.228345036506652832e-01 6.423513073683332353e-01
6.239041090011596680e-01 6.436736943321207383e-01 6.234606504440307617e-01 6.404642902518383751e-01
6.245303153991699219e-01 6.405551468756527367e-01 6.167814731597900391e-01 6.453269580365521563e-01
6.231883764266967773e-01 6.422896580462337246e-01 6.254435181617736816e-01 6.401610236107195817e-01
6.221148967742919922e-01 6.413450109380625097e-01 6.258609890937805176e-01 6.415693003258956528e-01
6.258722543716430664e-01 6.412369545424511097e-01 6.232519149780273438e-01 6.394978421537096391e-01
6.264537572860717773e-01 6.408928202204893232e-01 6.241911649703979492e-01 6.378741645783130298e-01
6.234120726585388184e-01 6.411494966333082246e-01 6.249217391014099121e-01 6.379733520692735249e-01
6.242619156837463379e-01 6.404716664487634104e-01 6.248173713684082031e-01 6.389975924751649661e-01
6.258274912834167480e-01 6.391878757691805690e-01 6.273220777511596680e-01 6.378690504475392764e-01
6.298085451126098633e-01 6.389907240910273067e-01 6.253391504287719727e-01 6.374473904075415032e-01
6.256486177444458008e-01 6.387197034882398095e-01 6.230431795120239258e-01 6.395793501431547012e-01
6.243066787719726562e-01 6.402827005284825734e-01 6.223126649856567383e-01 6.398095027237440391e-01
6.249776482582092285e-01 6.393506097482172246e-01 6.228345036506652832e-01 6.369885641531763953e-01
6.259617209434509277e-01 6.379705190786545410e-01 6.238781213760375977e-01 6.369659112281575997e-01
6.282877326011657715e-01 6.365622242035816614e-01 6.226257681846618652e-01 6.368744615547046184e-01
6.285113692283630371e-01 6.391613839307823675e-01 6.253391504287719727e-01 6.364627204317560016e-01
6.262301206588745117e-01 6.387718703606448667e-01 6.178250908851623535e-01 6.406881194029091509e-01
6.289586424827575684e-01 6.364308515139355249e-01 6.271133422851562500e-01 6.361618631818154457e-01
6.284219026565551758e-01 6.364622323089431655e-01 6.190774440765380859e-01 6.416262466483015903e-01
6.301216483116149902e-01 6.352670244761924323e-01 6.228345036506652832e-01 6.400651568362221155e-01
6.291375756263732910e-01 6.371709869167718754e-01 6.259653568267822266e-01 6.357144874263421785e-01
6.307031512260437012e-01 6.367400149941593313e-01 6.319140195846557617e-01 6.362196181791357485e-01
6.294506788253784180e-01 6.382481265332536902e-01 6.305572986602783203e-01 6.340066119390896926e-01
6.326712965965270996e-01 6.351853695895212093e-01 6.321227550506591797e-01 6.343153455988446154e-01
6.329844594001770020e-01 6.348327931425272741e-01 6.307660341262817383e-01 6.348607179964790292e-01
6.327160596847534180e-01 6.342043084265571729e-01 6.299310922622680664e-01 6.356648990118137776e-01
6.295401453971862793e-01 6.346521890212478700e-01 6.349405050277709961e-01 6.337825672483673456e-01
6.320003867149353027e-01 6.348957856965419255e-01 6.308704018592834473e-01 6.339195430888384664e-01
6.306136846542358398e-01 6.346480035359540750e-01 6.321227550506591797e-01 6.324422396167388438e-01
6.307031512260437012e-01 6.338922138993909883e-01 6.312878131866455078e-01 6.335472602282902210e-01
6.306584477424621582e-01 6.349319300107226782e-01 6.296180486679077148e-01 6.331920042288773365e-01
6.339685320854187012e-01 6.329370727690927234e-01 6.302441954612731934e-01 6.329474064980835646e-01
6.369654536247253418e-01 6.314575122814312103e-01 6.308704018592834473e-01 6.342980909063880013e-01
6.337895989418029785e-01 6.334118471522731664e-01 6.353579759597778320e-01 6.328931862266395925e-01
