5.591787695884704590e-01 6.880021525060667775e-01 5.778543353080749512e-01 6.704565937920667906e-01
5.871801972389221191e-01 6.688375486246608270e-01 5.867251157760620117e-01 6.652395389593113162e-01
5.917426943778991699e-01 6.651087685270372640e-01 5.947610139846801758e-01 6.621652513002209695e-01
5.978708267211914062e-01 6.607392740966296918e-01 6.064496040344238281e-01 6.582517189587414608e-01
5.984075665473937988e-01 6.589277030679829839e-01 6.006053090095520020e-01 6.564992252333730072e-01
6.072642803192138672e-01 6.541758379413225022e-01 6.133375167846679688e-01 6.498896464677474949e-01
6.064143776893615723e-01 6.542926168352189986e-01 6.154247522354125977e-01 6.502890030617655137e-01
6.126319766044616699e-01 6.503573920458454172e-01 6.116676926612854004e-01 6.466945182229600908e-01
6.109321713447570801e-01 6.492719147964248760e-01 6.109371781349182129e-01 6.489907127908663975e-01
6.170603036880493164e-01 6.457900210407173658e-01 6.166771054267883301e-01 6.427091467457657359e-01
6.175075769424438477e-01 6.451385964496678671e-01 6.128156781196594238e-01 6.428800138419964449e-01
6.155394315719604492e-01 6.450816892003475855e-01 6.182425618171691895e-01 6.407340626282672646e-01
6.186705827713012695e-01 6.434240410400003940e-01 6.183469295501708984e-01 6.392283980444810609e-01
6.138396859169006348e-01 6.426429273319022029e-01 6.277394890785217285e-01 6.361297354322962283e-01
6.215780973434448242e-01 6.376146149029563448e-01 6.301398277282714844e-01 6.341687106956795938e-01
6.219359636306762695e-01 6.386375223658212752e-01 6.350448727607727051e-01 6.358624494317129949e-01
6.235910058021545410e-01 6.377480320671117253e-01 6.342099905014038086e-01 6.325313067092848129e-01
6.264089941978454590e-01 6.340185937802125249e-01 6.252348423004150391e-01 6.346390933961615355e-01
6.292718052864074707e-01 6.331659499979078731e-01 6.343143582344055176e-01 6.270898281470441704e-01
6.303005814552307129e-01 6.306340868154394208e-01 6.395324468612670898e-01 6.256125116865810520e-01
6.266326904296875000e-01 6.325912860579259167e-01 6.250261068344116211e-01 6.374783359796113436e-01
6.300321817398071289e-01 6.335459087909836029e-01 6.333750486373901367e-01 6.250738423792759901e-01
6.340579986572265625e-01 6.298204632687598448e-01 6.222082972526550293e-01 6.294938306474058276e-01
6.329396963119506836e-01 6.289533922616389328e-01 6.401586532592773438e-01 6.228885779771942133e-01
6.366523504257202148e-01 6.233727740226181480e-01 6.252348423004150391e-01 6.348193548860791013e-01
6.346394419670104980e-01 6.273351811321802307e-01 6.360884904861450195e-01 6.205907659101674856e-01
6.400519013404846191e-01 6.223274923689059435e-01 6.318096518516540527e-01 6.242038118294349625e-01
6.366076469421386719e-01 6.215428263348913296e-01 6.366103291511535645e-01 6.211363879481279771e-01
6.411701440811157227e-01 6.217419646105797337e-01 6.375495791435241699e-01 6.199168322156500821e-01
6.425567865371704102e-01 6.205909762576177213e-01 6.399499177932739258e-01 6.151816141777062263e-01
6.466273069381713867e-01 6.168358717030415495e-01 6.417240500450134277e-01 6.205938142691094228e-01
6.447038650512695312e-01 6.194282550358733985e-01 6.436026096343994141e-01 6.167678821810947953e-01
6.454643011093139648e-01 6.152253409983924337e-01 6.362972259521484375e-01 6.180002248453909663e-01
6.471640467643737793e-01 6.112505600648225901e-01 6.451680064201354980e-01 6.141018595906494459e-01
6.480139493942260742e-01 6.130587409019981893e-01 6.518472433090209961e-01 6.056655042979145476e-01
6.495348215103149414e-01 6.108423048811322253e-01 6.412022709846496582e-01 6.163644225954187927e-01
6.499373912811279297e-01 6.083219663724422910e-01 6.452723741531372070e-01 6.134264458447501456e-01
6.521739363670349121e-01 6.074790221182897465e-01 6.464203596115112305e-01 6.068124288284462153e-01
6.532474756240844727e-01 6.068742089886681734e-01 6.547693610191345215e-01 6.063343828442548933e-01
6.563338637351989746e-01 6.017478026288377579e-01 6.395324468612670898e-01 6.211222146578060377e-01
6.535158157348632812e-01 6.068407267166775476e-01 6.538301110267639160e-01 6.038814789441203645e-01
6.582573056221008301e-01 5.991846798549378406e-01 6.559173464775085449e-01 5.980610283275556993e-01
6.613436937332153320e-01 5.982599577722022000e-01 6.496555805206298828e-01 6.097916754320702459e-01
6.578994393348693848e-01 5.980538673382962411e-01 6.573784351348876953e-01 5.988898492386932615e-01
6.616120934486389160e-01 5.950819131064913892e-01 6.564391851425170898e-01 5.994066344350544862e-01
6.600018143653869629e-01 5.958326561951342581e-01 6.538301110267639160e-01 6.004403606756970602e-01
6.582125425338745117e-01 5.971584793791444579e-01 6.584220528602600098e-01 6.045895889416986746e-01
6.655931472778320312e-01 5.917781080579390673e-01 6.620747447013854980e-01 5.970445224920809535e-01
6.659062504768371582e-01 5.918232799749464368e-01 6.596744060516357422e-01 5.945886217137016372e-01
6.633566021919250488e-01 5.886940420217816605e-01 6.487163305282592773e-01 6.057493975430733313e-01
6.655483841896057129e-01 5.899966456080020238e-01 6.592569351196289062e-01 5.955927465285968392e-01
6.685453653335571289e-01 5.891598233555527253e-01 6.530995368957519531e-01 6.019419769085266880e-01
6.698873043060302734e-01 5.865331414582414249e-01 6.629096269607543945e-01 5.882770304290717567e-01
6.692163348197937012e-01 5.842827678601245633e-01 6.613441705703735352e-01 5.938226421624328566e-01
6.694399714469909668e-01 5.816501022494314777e-01 6.609267592430114746e-01 5.936566149981925555e-01
6.681874990463256836e-01 5.864282657153535583e-01 6.689626574516296387e-01 5.904903261205195486e-01
6.713634133338928223e-01 5.790730020850176629e-01 6.604049205780029297e-01 6.014471237083686139e-01
6.699320077896118164e-01 5.817613337308269461e-01 6.611354351043701172e-01 5.908994843133230646e-01
6.743603348731994629e-01 5.784437564900020146e-01 6.668753623962402344e-01 5.949840834409004797e-01
6.703793406486511230e-01 5.761328073707371322e-01 6.683364510536193848e-01 5.902648677260610155e-01
6.722132563591003418e-01 5.776970088108640544e-01 6.607180237770080566e-01 5.985298318346365942e-01
6.668903231620788574e-01 5.817551583632903922e-01 6.600918173789978027e-01 5.945985824074980775e-01
6.763732433319091797e-01 5.776096582412719727e-01 6.701106429100036621e-01 5.825612422096732024e-01
6.763284802436828613e-01 5.745772952938745792e-01 6.762679815292358398e-01 5.807371322035267402e-01
6.755681037902832031e-01 5.750301250257098262e-01 6.632227301597595215e-01 5.885821833811580861e-01
6.762390136718750000e-01 5.712485749705743521e-01 6.662492156028747559e-01 5.859195491984452442e-01
6.754338741302490234e-01 5.728958765367080375e-01 6.701106429100036621e-01 5.817344342833693505e-01
6.776257157325744629e-01 5.696429503392738125e-01 6.678146719932556152e-01 5.830356253012066725e-01
6.818304061889648438e-01 5.667776719980790467e-01 6.583176851272583008e-01 5.972498812324142925e-01
6.785650253295898438e-01 5.684072966544908567e-01 6.745982170104980469e-01 5.778384260558007135e-01
6.797280311584472656e-01 5.621493489675305488e-01 6.688582897186279297e-01 5.795712749312601497e-01
6.831275820732116699e-01 5.633820766177495276e-01 6.757462024688720703e-01 5.819160556449842758e-01
6.737341284751892090e-01 5.704719058130823806e-01 6.781465411186218262e-01 5.782817008972566120e-01
6.779388189315795898e-01 5.676826296221231249e-01 6.757462024688720703e-01 5.840985100569393573e-01
6.818304061889648438e-01 5.665225287438462320e-01 6.660404801368713379e-01 5.884272459030549518e-01
6.816514730453491211e-01 5.630574537573442839e-01 6.801294088363647461e-01 5.755826027551091961e-01
6.857666969299316406e-01 5.603568608314198896e-01 6.809642910957336426e-01 5.700315132914443028e-01
6.887189149856567383e-01 5.572682651515339369e-01 6.729283928871154785e-01 5.721274939167602103e-01
6.817856431007385254e-01 5.583629644733995034e-01 6.726153492927551270e-01 5.787557066544389839e-01
6.885847449302673340e-01 5.552805285693537263e-01 6.803381443023681641e-01 5.804908465204495771e-01
6.819198131561279297e-01 5.646561201942438268e-01 6.751199960708618164e-01 5.815299209312266848e-01
6.830381155014038086e-01 5.625394573576827373e-01 6.777290701866149902e-01 5.813923855336466939e-01
6.813383698463439941e-01 5.600326080765061221e-01 6.822166442871093750e-01 5.691754102731790832e-01
6.823671460151672363e-01 5.612344574813105114e-01 6.747025847434997559e-01 5.725316354661613705e-01
6.867954730987548828e-01 5.575282128771380519e-01 6.803381443023681641e-01 5.710324238222990179e-01
6.876453757286071777e-01 5.543325678311257221e-01 6.744938492774963379e-01 5.760258619085131260e-01
6.892556548118591309e-01 5.558487196518070439e-01 6.828428506851196289e-01 5.691673763110328688e-01
6.886741518974304199e-01 5.534696228113001881e-01 6.832602620124816895e-01 5.724995360447105996e-01
6.905528903007507324e-01 5.510670180545976793e-01 6.812773942947387695e-01 5.703983226142927965e-01
6.863481998443603516e-01 5.551345102325025982e-01 6.838864684104919434e-01 5.757395302271499649e-01
6.889425516128540039e-01 5.546796828865642182e-01 6.833646297454833984e-01 5.723300757101597025e-01
6.914921998977661133e-01 5.524551215549768912e-01 6.795032620429992676e-01 5.722424377357007153e-01
6.884058117866516113e-01 5.521864707620525170e-01 6.833646297454833984e-01 5.668861854302811309e-01
6.916711330413818359e-01 5.485958451127553870e-01 6.775203347206115723e-01 5.675605203209130867e-01
6.941313147544860840e-01 5.446769002512414914e-01 6.795032620429992676e-01 5.703348707391384664e-01
6.948470473289489746e-01 5.458826479427203449e-01 6.756418347358703613e-01 5.746045265633684673e-01
6.917605996131896973e-01 5.464945881945606487e-01 6.855562329292297363e-01 5.679955877110197671e-01
6.962336897850036621e-01 5.417414741218357088e-01 6.783552765846252441e-01 5.716705329979020478e-01
6.943997144699096680e-01 5.460378874028639640e-01 6.840952038764953613e-01 5.641663976214270626e-01
6.971729993820190430e-01 5.447284569892160144e-01 6.854518651962280273e-01 5.638447100721553085e-01
