5.627571940422058105e-01 6.836184208946378682e-01 5.825506448745727539e-01 6.676514180809838273e-01
5.881642699241638184e-01 6.683236241106015330e-01 5.857858657836914062e-01 6.654596171232783908e-01
5.947843790054321289e-01 6.606761148970292652e-01 6.064496040344238281e-01 6.567205338083959010e-01
6.044015288352966309e-01 6.571691862413635565e-01 5.918388366699218750e-01 6.597988276560254883e-01
6.046251654624938965e-01 6.555205180662478925e-01 6.012314558029174805e-01 6.552231584379554219e-01
6.084272861480712891e-01 6.520041724099394642e-01 5.943435430526733398e-01 6.524899198724790628e-01
6.094560623168945312e-01 6.494118144376095358e-01 6.137549281120300293e-01 6.464420146968016256e-01
6.078457832336425781e-01 6.500546637130010241e-01 6.099979281425476074e-01 6.526845257408159240e-01
6.205493211746215820e-01 6.422700252424606848e-01 6.005009412765502930e-01 6.498376157059347902e-01
6.169708371162414551e-01 6.443506423700557928e-01 6.281569600105285645e-01 6.362707544234021961e-01
6.236357092857360840e-01 6.399493027851052007e-01 6.180338263511657715e-01 6.383174102457150889e-01
6.228305697441101074e-01 6.392042110464956073e-01 6.156334877014160156e-01 6.414471863953860042e-01
6.201019883155822754e-01 6.353608802491510499e-01 6.293049454689025879e-01 6.331505447010286058e-01
6.260958909988403320e-01 6.358790139346583992e-01 6.314965486526489258e-01 6.284863500200963404e-01
6.294954419136047363e-01 6.336225582845609328e-01 6.351492404937744141e-01 6.271436952693655309e-01
6.261853575706481934e-01 6.335992849583402808e-01 6.229388713836669922e-01 6.330283828977004701e-01
6.265432238578796387e-01 6.328441591953032352e-01 6.386975646018981934e-01 6.297302777322790757e-01
6.315530538558959961e-01 6.295548943420453680e-01 6.325401663780212402e-01 6.236733545393118305e-01
6.328055262565612793e-01 6.269304210799689914e-01 6.422458887100219727e-01 6.268427040427145824e-01
6.358919143676757812e-01 6.260032967135569226e-01 6.306616663932800293e-01 6.260951472284200792e-01
6.348631381988525391e-01 6.259386741340767779e-01 6.431851387023925781e-01 6.199600341001051396e-01
6.341474056243896484e-01 6.248200994566827093e-01 6.413066387176513672e-01 6.195570779752442858e-01
6.385310292243957520e-01 6.205897795469352829e-01 6.297224164009094238e-01 6.281619052801369341e-01
6.435408592224121094e-01 6.190411783348236385e-01 6.468378305435180664e-01 6.214449994376446407e-01
6.422436833381652832e-01 6.201314952275817083e-01 6.377583146095275879e-01 6.228524806155613103e-01
6.442565917968750000e-01 6.149383247869132374e-01 6.320183873176574707e-01 6.229885253993834304e-01
6.442565917968750000e-01 6.147341135576684934e-01 6.438112854957580566e-01 6.163984426151259965e-01
6.441671252250671387e-01 6.132019346889516775e-01 6.431851387023925781e-01 6.164403988607888296e-01
6.471640467643737793e-01 6.100825015132212981e-01 6.392193436622619629e-01 6.122324786811251807e-01
6.506530642509460449e-01 6.099303333293050189e-01 6.528908610343933105e-01 6.047314991037324727e-01
6.499820947647094727e-01 6.058947940827439371e-01 6.477770805358886719e-01 6.085528942842469702e-01
6.542315483093261719e-01 6.042888711189451367e-01 6.532039046287536621e-01 6.023771243188954516e-01
6.549024581909179688e-01 6.035234184699400650e-01 6.527864933013916016e-01 6.001441277683315922e-01
6.566917300224304199e-01 6.026432929578204867e-01 6.460029482841491699e-01 6.074741040831740380e-01
6.524870395660400391e-01 6.005692149151371506e-01 6.516385078430175781e-01 6.009629913571731263e-01
6.560654640197753906e-01 6.002144438995618003e-01 6.468378305435180664e-01 6.081480159562456800e-01
6.560207605361938477e-01 5.970842174093888843e-01 6.536213755607604980e-01 6.016028661042159831e-01
6.596439480781555176e-01 5.954808096570861631e-01 6.453767418861389160e-01 6.079956103879060603e-01
6.590177416801452637e-01 5.931731372362472055e-01 6.517428755760192871e-01 5.987021462500804470e-01
6.605385541915893555e-01 5.950679794089869246e-01 6.647881269454956055e-01 5.907653785528208523e-01
6.642959117889404297e-01 5.892845068768794992e-01 6.568565964698791504e-01 5.934144755391133064e-01
6.656378507614135742e-01 5.899508190850363265e-01 6.546649932861328125e-01 5.907156498291328273e-01
6.631776690483093262e-01 5.875100296988515769e-01 6.505948901176452637e-01 5.981684959624012921e-01
6.645643115043640137e-01 5.867070731013549478e-01 6.549780964851379395e-01 5.967079496562817109e-01
6.659509539604187012e-01 5.847615982066072249e-01 6.608223915100097656e-01 5.902344513053909836e-01
6.714975833892822266e-01 5.806540033326291761e-01 6.590481996536254883e-01 5.853309734109994888e-01
6.666666865348815918e-01 5.843763990891941429e-01 6.661448478698730469e-01 5.846359720933763660e-01
6.691268682479858398e-01 5.815543611823051906e-01 6.660404801368713379e-01 5.851303306035969820e-01
6.651011109352111816e-01 5.819408317055039248e-01 6.676059365272521973e-01 5.862810383059987585e-01
6.748076677322387695e-01 5.765449461878935367e-01 6.620747447013854980e-01 5.928342743597705411e-01
6.741814017295837402e-01 5.763047670908532094e-01 6.601961851119995117e-01 5.954476794229124348e-01
6.732867956161499023e-01 5.756538976153825482e-01 6.600918173789978027e-01 5.851408213072195608e-01
6.771336793899536133e-01 5.764841082953963136e-01 6.639532446861267090e-01 5.848235671442103545e-01
6.730184555053710938e-01 5.752806121216496038e-01 6.662492156028747559e-01 5.897309032667904516e-01
6.777598857879638672e-01 5.707405200369735088e-01 6.665623188018798828e-01 5.816105940699751731e-01
6.800858974456787109e-01 5.670986032097768970e-01 6.688582897186279297e-01 5.801019601273501580e-01
6.747182011604309082e-01 5.740262972559906363e-01 6.655187010765075684e-01 5.822469719614272732e-01
6.775362491607666016e-01 5.711264559633510984e-01 6.638488769531250000e-01 5.822171998208113264e-01
6.777151823043823242e-01 5.677604983500919023e-01 6.646837592124938965e-01 6.008806295196836844e-01
6.773125529289245605e-01 5.703646249070665197e-01 6.779378056526184082e-01 5.768220049432711827e-01
6.796385645866394043e-01 5.674739333593177282e-01 6.721978783607482910e-01 5.751991711760632286e-01
6.746734380722045898e-01 5.694159090273664958e-01 6.692757010459899902e-01 5.855684721427579786e-01
6.811146736145019531e-01 5.656744333643630718e-01 6.777290701866149902e-01 5.783493225098252921e-01
6.789228916168212891e-01 5.690706066825902409e-01 6.766854524612426758e-01 5.814709204817285482e-01
6.801753640174865723e-01 5.670170770452496178e-01 6.711542606353759766e-01 5.730285394467931059e-01
6.836643218994140625e-01 5.631398464234619317e-01 6.793988943099975586e-01 5.744687716166178015e-01
6.832170486450195312e-01 5.629829305786846483e-01 6.752243638038635254e-01 5.711886743318808080e-01
6.840668916702270508e-01 5.582283823791738264e-01 6.721978783607482910e-01 5.749438246290262677e-01
6.844695210456848145e-01 5.603006167730889553e-01 6.752243638038635254e-01 5.724097270976524765e-01
6.837537884712219238e-01 5.611205461371199243e-01 6.811730265617370605e-01 5.674938004665298630e-01
6.876006722450256348e-01 5.567258705946088737e-01 6.831558942794799805e-01 5.662941455069724350e-01
6.897924542427062988e-01 5.553070873390009154e-01 6.747025847434997559e-01 5.739889784860501276e-01
6.895240545272827148e-01 5.561411713291140035e-01 6.822166442871093750e-01 5.624118534141681058e-01
6.823224425315856934e-01 5.623038468302885562e-01 6.742851138114929199e-01 5.690730703173139116e-01
6.914027333259582520e-01 5.559566699982884108e-01 6.819035410881042480e-01 5.687890641501690547e-01
6.874664425849914551e-01 5.580164476613235225e-01 6.694844365119934082e-01 5.695647907590497550e-01
6.868849396705627441e-01 5.564014560358535588e-01 6.802337765693664551e-01 5.687692559628814148e-01
6.903739571571350098e-01 5.551560914757469600e-01 6.750156283378601074e-01 5.658036670588272310e-01
6.883610486984252930e-01 5.583430348301769985e-01 6.811730265617370605e-01 5.647160134691705524e-01
6.914474964141845703e-01 5.508684141091144681e-01 6.839908361434936523e-01 5.612766085947961114e-01
6.901055574417114258e-01 5.490922800200764842e-01 6.711542606353759766e-01 5.865636501151021420e-01
6.927446722984313965e-01 5.494359865622009398e-01 6.821122765541076660e-01 5.679136854301934934e-01
6.969940662384033203e-01 5.479190518293381995e-01 6.795032620429992676e-01 5.681850667339206629e-01
6.910896301269531250e-01 5.484342080660765673e-01 6.780421733856201172e-01 5.699002233309975463e-01
6.900160908699035645e-01 5.544832673668328438e-01 6.885827779769897461e-01 5.588921147780238075e-01
6.948470473289489746e-01 5.456730427010837436e-01 6.834689974784851074e-01 5.696955347230354683e-01
6.905528903007507324e-01 5.505762005944353499e-01 6.813817620277404785e-01 5.648637382129716444e-01
6.930577754974365234e-01 5.503960895205592951e-01 6.874347925186157227e-01 5.665497138141416533e-01
6.946681141853332520e-01 5.480666952432641237e-01 6.909831166267395020e-01 5.609192688836854845e-01
6.951601505279541016e-01 5.454133763085496911e-01 6.843038797378540039e-01 5.585545672302428821e-01
6.990964412689208984e-01 5.398762103141495627e-01 6.860780715942382812e-01 5.603309589969019955e-01
6.962783932685852051e-01 5.426863565985002857e-01 6.812773942947387695e-01 5.629531832956565784e-01
6.881374120712280273e-01 5.548857299687290912e-01 6.768941879272460938e-01 5.672780565716881718e-01
6.971729993820190430e-01 5.430526720707521404e-01 6.837821006774902344e-01 5.538026430218186968e-01
6.959205865859985352e-01 5.450564017820963558e-01 6.930703520774841309e-01 5.565640505358959711e-01
6.976203322410583496e-01 5.438281337889389055e-01 6.834689974784851074e-01 5.661334496180415732e-01
6.988728046417236328e-01 5.384960347434279981e-01 6.865998506546020508e-01 5.571781832672713097e-01
6.986044049263000488e-01 5.406717798069564651e-01 6.805468797683715820e-01 5.672273406328525169e-01
6.962336897850036621e-01 5.430630452732297941e-01 6.859737038612365723e-01 5.564548390764105790e-01
7.016013860702514648e-01 5.376290331097574038e-01 6.828428506851196289e-01 5.639660813270493955e-01
