5.569869279861450195e-01 6.865760899865578359e-01 5.772281289100646973e-01 6.702990620749849082e-01
5.803363919258117676e-01 6.719950596342191274e-01 5.894385576248168945e-01 6.661330007531403030e-01
5.903560519218444824e-01 6.680868915462988555e-01 5.911083221435546875e-01 6.698428917170018426e-01
5.934424996376037598e-01 6.677012757296041379e-01 5.775412321090698242e-01 6.738778395534332777e-01
5.923689603805541992e-01 6.656195833401894468e-01 5.904821753501892090e-01 6.661275736824303628e-01
5.843173861503601074e-01 6.675496263161906363e-01 5.779586434364318848e-01 6.716169793554547240e-01
5.954553484916687012e-01 6.635816618866817729e-01 5.915257930755615234e-01 6.639762893396885524e-01
5.916979908943176270e-01 6.635361798527543709e-01 5.900647044181823730e-01 6.655765953379467748e-01
5.982733964920043945e-01 6.620546589279072691e-01 5.961177349090576172e-01 6.629175528109484405e-01
5.960368514060974121e-01 6.620896704125690535e-01 6.008140444755554199e-01 6.605332932325923556e-01
5.975577235221862793e-01 6.604656187317883287e-01 5.961177349090576172e-01 6.623211231567097679e-01
5.992127656936645508e-01 6.609917447826776371e-01 5.994573235511779785e-01 6.588245431208904490e-01
6.034621596336364746e-01 6.591924927724795991e-01 5.958046317100524902e-01 6.601118916784440849e-01
6.018518805503845215e-01 6.577911389750686899e-01 6.016489267349243164e-01 6.572470909567322828e-01
6.032832264900207520e-01 6.580580367046341417e-01 6.015445590019226074e-01 6.571870723514162682e-01
6.076220870018005371e-01 6.557864563732587193e-01 6.111459136009216309e-01 6.592597427584139247e-01
6.042672991752624512e-01 6.570288694743117164e-01 5.986224412918090820e-01 6.602378380594708940e-01
6.052066683769226074e-01 6.566562840392111688e-01 6.069713830947875977e-01 6.532524184303825088e-01
6.068169474601745605e-01 6.542512328365788221e-01 6.058233976364135742e-01 6.568772768307468146e-01
6.081588864326477051e-01 6.516618752739770093e-01 5.943435430526733398e-01 6.629843761741281982e-01
6.086956262588500977e-01 6.520439455048047117e-01 6.078063249588012695e-01 6.513480820528427806e-01
6.090982556343078613e-01 6.516545968632468933e-01 6.121895313262939453e-01 6.520874512591209315e-01
6.150473952293395996e-01 6.497070861003505504e-01 5.992485880851745605e-01 6.538331866189697195e-01
6.111558675765991211e-01 6.498650861545760549e-01 6.138592958450317383e-01 6.550510352400841230e-01
6.139738559722900391e-01 6.481651294997136104e-01 6.110415458679199219e-01 6.575956645178112625e-01
6.130345463752746582e-01 6.462471624844657869e-01 6.112502813339233398e-01 6.482890588558931633e-01
6.160762310028076172e-01 6.448436858594727150e-01 6.048841476440429688e-01 6.508788316166741472e-01
6.170603036880493164e-01 6.468986966439747022e-01 6.014401912689208984e-01 6.523388866416797160e-01
6.198783516883850098e-01 6.444179440338126952e-01 6.158422231674194336e-01 6.470034212290780573e-01
6.212202310562133789e-01 6.418122776635197813e-01 6.194949150085449219e-01 6.430232811884799560e-01
6.193863153457641602e-01 6.397299926829991268e-01 6.199123263359069824e-01 6.373986979785928320e-01
6.192073822021484375e-01 6.406335410181920320e-01 6.189730763435363770e-01 6.449586341262137923e-01
6.184022426605224609e-01 6.420967756560758133e-01 6.224170327186584473e-01 6.429546631917752997e-01
6.235910058021545410e-01 6.374533890526076219e-01 6.120851635932922363e-01 6.413093151540603110e-01
6.239935755729675293e-01 6.366788796543285667e-01 6.209559440612792969e-01 6.436054598212714861e-01
6.255591511726379395e-01 6.362582418909651372e-01 6.068670153617858887e-01 6.440914889587238124e-01
6.262301206588745117e-01 6.352866184180357978e-01 6.273220777511596680e-01 6.356551509340430117e-01
6.236357092857360840e-01 6.356228737076913271e-01 6.268002390861511230e-01 6.336132594897636583e-01
6.269457936286926270e-01 6.313348505615996586e-01 6.281569600105285645e-01 6.360634348009802652e-01
6.312846541404724121e-01 6.302173597737147359e-01 6.248173713684082031e-01 6.335649059899189917e-01
6.340132355690002441e-01 6.278348040721523082e-01 5.965351462364196777e-01 6.514681549192694598e-01
6.242172122001647949e-01 6.358425000162238883e-01 6.283656954765319824e-01 6.303973824588223751e-01
6.338343024253845215e-01 6.269817061790265988e-01 6.166771054267883301e-01 6.345989302289035683e-01
6.376811861991882324e-01 6.247041853047117232e-01 6.300354599952697754e-01 6.319479404125798450e-01
6.388888955116271973e-01 6.236675329083810615e-01 6.302441954612731934e-01 6.322759870720466857e-01
6.370102167129516602e-01 6.242416933282881608e-01 6.253391504287719727e-01 6.307327106511062542e-01
6.385310292243957520e-01 6.240927124411630444e-01 6.325401663780212402e-01 6.241052205342138004e-01
6.398282051086425781e-01 6.218654830205374573e-01 6.434982419013977051e-01 6.240044677090829106e-01
6.427804827690124512e-01 6.203671694015172600e-01 6.303485631942749023e-01 6.291214441412104064e-01
6.456432342529296875e-01 6.147820920226697572e-01 6.470465660095214844e-01 6.178000887334533786e-01
6.442565917968750000e-01 6.155176184048996024e-01 6.345230937004089355e-01 6.192754857153465187e-01
6.527554392814636230e-01 6.110170593008327211e-01 6.381757259368896484e-01 6.186621682525950128e-01
6.456879377365112305e-01 6.110703395291333662e-01 6.449592709541320801e-01 6.190701075671137810e-01
6.475666761398315430e-01 6.103895735732129957e-01 6.376539468765258789e-01 6.188972979267711727e-01
6.483270525932312012e-01 6.101595750220198955e-01 6.236693859100341797e-01 6.312536049849601927e-01
6.476113796234130859e-01 6.134078778869074267e-01 6.441243886947631836e-01 6.187829653820148268e-01
6.511898636817932129e-01 6.062319349316924733e-01 6.376539468765258789e-01 6.140805165495460960e-01
6.498479247093200684e-01 6.052581222758222079e-01 6.423502564430236816e-01 6.173854073261920705e-01
6.506530642509460449e-01 6.056537493692781826e-01 6.447505950927734375e-01 6.094647916043584024e-01
6.558865904808044434e-01 6.015448653755556263e-01 6.426633000373840332e-01 6.093894917291630131e-01
6.559312939643859863e-01 6.036709489240524862e-01 6.361928582191467285e-01 6.192131147731000373e-01
6.554392576217651367e-01 6.015282090927284164e-01 6.512210369110107422e-01 6.075447775381538351e-01
6.613884568214416504e-01 5.962541824079067299e-01 6.400542855262756348e-01 6.105592653786705570e-01
6.614331603050231934e-01 5.959052545564890169e-01 6.495512127876281738e-01 6.060670167612048909e-01
6.535605788230895996e-01 5.988333566091977866e-01 6.445418596267700195e-01 6.069595614198204370e-01
6.596439480781555176e-01 5.949429765458310593e-01 6.497599482536315918e-01 6.080783478055710178e-01
6.627750992774963379e-01 5.957600624622311214e-01 6.484032273292541504e-01 6.076000826240854913e-01
6.553050875663757324e-01 5.962377356424978236e-01 6.441243886947631836e-01 6.041230135734333428e-01
6.613884568214416504e-01 5.896770619155896620e-01 6.556042432785034180e-01 5.983015190109383097e-01
6.559312939643859863e-01 6.011431355833858348e-01 6.538301110267639160e-01 6.032570558334785504e-01
6.643406748771667480e-01 5.874191615167297931e-01 6.505948901176452637e-01 6.043212705652789563e-01
6.683664321899414062e-01 5.909828606584370814e-01 6.536213755607604980e-01 6.016952945080810133e-01
6.657720804214477539e-01 5.857615273163898628e-01 6.526821255683898926e-01 6.018579539912300991e-01
6.635355353355407715e-01 5.871345388545911037e-01 6.518472433090209961e-01 6.064750070836643081e-01
6.660404205322265625e-01 5.867849064547295823e-01 6.519515514373779297e-01 5.983027677599708216e-01
6.655483841896057129e-01 5.865451860436388110e-01 6.556042432785034180e-01 6.024843272225290924e-01
6.590177416801452637e-01 5.939334428871354543e-01 6.523690223693847656e-01 6.037428923599706954e-01
6.708266139030456543e-01 5.837809905785741327e-01 6.603005528450012207e-01 5.954661728991916814e-01
6.721685528755187988e-01 5.822527308458931294e-01 6.540388464927673340e-01 5.981257402108124399e-01
6.725264191627502441e-01 5.796823718505589307e-01 6.499686837196350098e-01 6.017995492025099979e-01
6.698873043060302734e-01 5.820192262319699994e-01 6.503861546516418457e-01 6.097928103338674521e-01
6.683217287063598633e-01 5.824525944553988754e-01 6.657273769378662109e-01 5.930348283511516216e-01
6.709160804748535156e-01 5.774830329885293212e-01 6.529952287673950195e-01 5.955090781786923637e-01
6.719449162483215332e-01 5.778657056432564554e-01 6.569609642028808594e-01 5.947039105329352537e-01
6.713634133338928223e-01 5.777711556665499071e-01 6.565434932708740234e-01 5.978269004244516349e-01
6.710950136184692383e-01 5.801051889534051265e-01 6.623877882957458496e-01 5.962817431416846947e-01
6.748971343040466309e-01 5.757773452441580231e-01 6.664579510688781738e-01 5.870234178640827416e-01
6.731526255607604980e-01 5.756016361583300434e-01 6.563348174095153809e-01 5.985856707000055676e-01
6.719896197319030762e-01 5.765270900056579384e-01 6.615529060363769531e-01 5.923608443080644603e-01
6.741366982460021973e-01 5.724564968078587057e-01 6.631183624267578125e-01 5.981402009246593598e-01
6.786992549896240234e-01 5.671779383143876752e-01 6.640576124191284180e-01 5.894058410197253739e-01
6.711844801902770996e-01 5.764429255490823856e-01 6.558129787445068359e-01 6.066998304914666962e-01
6.726158261299133301e-01 5.745889211537096308e-01 6.519515514373779297e-01 5.995835358453081021e-01
6.820092797279357910e-01 5.644843746626562186e-01 6.653099656105041504e-01 5.906997817813217644e-01
6.783860921859741211e-01 5.668649144496019643e-01 6.689626574516296387e-01 5.899984603434758057e-01
6.740025281906127930e-01 5.740412689424153614e-01 6.517428755760192871e-01 6.044609979731233596e-01
6.746287345886230469e-01 5.736870278205571383e-01 6.624921560287475586e-01 5.865449573968303243e-01
6.760153770446777344e-01 5.732598881278700986e-01 6.577958464622497559e-01 5.883588758298236021e-01
6.800858974456787109e-01 5.660603611322949646e-01 6.554998755455017090e-01 5.970053085203933518e-01
6.836196184158325195e-01 5.675519850497638963e-01 6.610311269760131836e-01 5.931442934942753320e-01
