5.490248799324035645e-01 7.103460619969622636e-01 6.006053090095520020e-01 6.692752838881222965e-01
5.746108293533325195e-01 6.769956801760536047e-01 5.891254544258117676e-01 6.667143390612123577e-01
5.895509123802185059e-01 6.690184015732030254e-01 5.786892175674438477e-01 6.695351383801020351e-01
5.853462219238281250e-01 6.692697764466798427e-01 5.921519398689270020e-01 6.647755575314415744e-01
5.899534821510314941e-01 6.676415639479059694e-01 5.947610139846801758e-01 6.664356014420508290e-01
5.902665853500366211e-01 6.672175405148765837e-01 5.979962348937988281e-01 6.663956487136503126e-01
5.911611914634704590e-01 6.651860321969417233e-01 5.931955575942993164e-01 6.674669006626732237e-01
5.937108397483825684e-01 6.665921329513477822e-01 5.831767916679382324e-01 6.684571085830144366e-01
5.926373004913330078e-01 6.663761138916015625e-01 5.887079834938049316e-01 6.676408968970064528e-01
5.971998572349548340e-01 6.649387660553809365e-01 5.966395139694213867e-01 6.652336685176284403e-01
5.923689603805541992e-01 6.650605915611855767e-01 6.011270880699157715e-01 6.668137882104673286e-01
5.973340272903442383e-01 6.639150124177201073e-01 5.938217639923095703e-01 6.627422748092718363e-01
5.939345359802246094e-01 6.638035434562333803e-01 6.006053090095520020e-01 6.720843937794616085e-01
5.930398702621459961e-01 6.643662526497027265e-01 6.019620299339294434e-01 6.623207895523370858e-01
5.959473848342895508e-01 6.661809612139539816e-01 6.037361621856689453e-01 6.606647629151636281e-01
5.925925970077514648e-01 6.656033284315633347e-01 5.849509239196777344e-01 6.669408561192582408e-01
5.957237482070922852e-01 6.634906087797898255e-01 5.875599980354309082e-01 6.724652606419296852e-01
5.957684516906738281e-01 6.642158934331618969e-01 6.018576622009277344e-01 6.645081811472758337e-01
5.998389720916748047e-01 6.618167452766123837e-01 6.069713830947875977e-01 6.646385614370856620e-01
6.005546450614929199e-01 6.620826765662933822e-01 6.018576622009277344e-01 6.615869820652912070e-01
6.055644750595092773e-01 6.608895620840737894e-01 6.035274267196655273e-01 6.615389070065975652e-01
5.966631174087524414e-01 6.624062672713336708e-01 6.061365008354187012e-01 6.578950033235639872e-01
6.000626087188720703e-01 6.610793616162107256e-01 6.023794412612915039e-01 6.642752583254306620e-01
6.020307540893554688e-01 6.617170065924016242e-01 5.918388366699218750e-01 6.616148427268752075e-01
5.995258688926696777e-01 6.613157027350873296e-01 6.090586781501770020e-01 6.582547332045679545e-01
6.056539416313171387e-01 6.593866999449211619e-01 6.058233976364135742e-01 6.603671606560883589e-01
6.021202206611633301e-01 6.604265276189992262e-01 5.973700881004333496e-01 6.583063309836103549e-01
6.037752628326416016e-01 6.576844429282985294e-01 6.029012799263000488e-01 6.610399287942804181e-01
6.041331291198730469e-01 6.583287827890532684e-01 6.056147217750549316e-01 6.596902078015648430e-01
6.057881712913513184e-01 6.584163404978501388e-01 6.089543104171752930e-01 6.550561717770289061e-01
6.082483530044555664e-01 6.574973031881137242e-01 6.118764281272888184e-01 6.515290201941952297e-01
6.081588864326477051e-01 6.561236569334982782e-01 6.040492653846740723e-01 6.565888753466804229e-01
6.082035899162292480e-01 6.563991898073239240e-01 6.018576622009277344e-01 6.569929396874768512e-01
6.095455288887023926e-01 6.538184353097603596e-01 6.007096767425537109e-01 6.572008074088824259e-01
6.091429591178894043e-01 6.568102196730789544e-01 6.084324717521667480e-01 6.520956228182973602e-01
6.118715405464172363e-01 6.523613690967358103e-01 6.050928831100463867e-01 6.539629149775344485e-01
6.053856015205383301e-01 6.579981666277593400e-01 6.123982667922973633e-01 6.517975871783411312e-01
6.101270318031311035e-01 6.525153134542749367e-01 6.114589571952819824e-01 6.495566998362117817e-01
6.128108501434326172e-01 6.509459576574330164e-01 6.113546490669250488e-01 6.509143857312983394e-01
6.123188138008117676e-01 6.509151530299934763e-01 6.138592958450317383e-01 6.504106270547849178e-01
6.141080856323242188e-01 6.506391185237333508e-01 6.136506199836730957e-01 6.563708003516287581e-01
6.102612018585205078e-01 6.516334711385554090e-01 6.019620299339294434e-01 6.555077663495082474e-01
6.134818196296691895e-01 6.501902097729157504e-01 6.133375167846679688e-01 6.468856084996189582e-01
6.129450798034667969e-01 6.494242295017607081e-01 6.189730763435363770e-01 6.459590551425709037e-01
6.171050071716308594e-01 6.458764352553602039e-01 6.174076199531555176e-01 6.446945675353470406e-01
6.180443763732910156e-01 6.459063916390644922e-01 6.213734149932861328e-01 6.463534737573837230e-01
6.151368618011474609e-01 6.464231086984519870e-01 6.203297972679138184e-01 6.444920419377689891e-01
6.181785464286804199e-01 6.437909090256601630e-01 6.134418845176696777e-01 6.421566207457175546e-01
6.189389824867248535e-01 6.405702334735192682e-01 6.173032522201538086e-01 6.419989364402475251e-01
6.225174665451049805e-01 6.421885949210076605e-01 6.113546490669250488e-01 6.483399897869781547e-01
6.179102063179016113e-01 6.435918106250417825e-01 6.105197072029113770e-01 6.450451666093076630e-01
6.198335886001586914e-01 6.402727782374354470e-01 6.240868568420410156e-01 6.363241173882147050e-01
6.160762310028076172e-01 6.399033963733590236e-01 6.057190299034118652e-01 6.482643744587723855e-01
6.222490668296813965e-01 6.378406746205329547e-01 6.203297972679138184e-01 6.376070704919961640e-01
6.226516366004943848e-01 6.354715005403172023e-01 6.275308132171630859e-01 6.358563204668579161e-01
6.307031512260437012e-01 6.311378234677119670e-01 6.279482245445251465e-01 6.321315099167390539e-01
6.289586424827575684e-01 6.311754471373954845e-01 6.281569600105285645e-01 6.404794310383845612e-01
6.274378299713134766e-01 6.292548550222529791e-01 6.280525922775268555e-01 6.340774963056834412e-01
6.264984607696533203e-01 6.291038021245312084e-01 6.224170327186584473e-01 6.335414294483915354e-01
6.283324360847473145e-01 6.277261815977173143e-01 6.321227550506591797e-01 6.289901701922805399e-01
6.328949928283691406e-01 6.251195438391493608e-01 6.269046068191528320e-01 6.286965568288087614e-01
6.315977573394775391e-01 6.267330505528418971e-01 6.185556054115295410e-01 6.406940195162842411e-01
6.353551745414733887e-01 6.239932184250074343e-01 6.252348423004150391e-01 6.280339854516506781e-01
6.340579986572265625e-01 6.233968493080582762e-01 6.351492404937744141e-01 6.232889765141478300e-01
6.365181803703308105e-01 6.181904271093031644e-01 6.332707405090332031e-01 6.230603807581115428e-01
6.399624347686767578e-01 6.194512841846120388e-01 6.350448727607727051e-01 6.231768256660992211e-01
6.406334042549133301e-01 6.153203310725897657e-01 6.173032522201538086e-01 6.290452154238570515e-01
6.445249319076538086e-01 6.122812059787757777e-01 6.384888291358947754e-01 6.117286723930536185e-01
6.419752836227416992e-01 6.145922832123003055e-01 6.404716968536376953e-01 6.111493765673341461e-01
6.447486281394958496e-01 6.111507328641416770e-01 6.361928582191467285e-01 6.139342888763617001e-01
6.464036703109741211e-01 6.094909362810885245e-01 6.365059614181518555e-01 6.169164296207734210e-01
6.480139493942260742e-01 6.059407400602858651e-01 6.460029482841491699e-01 6.095667381645916150e-01
6.483718156814575195e-01 6.037127078592638973e-01 6.252348423004150391e-01 6.171440715905247565e-01
6.444355249404907227e-01 6.087375921626320130e-01 6.368190646171569824e-01 6.157744868616300549e-01
6.479244828224182129e-01 6.040980720225676004e-01 6.373408436775207520e-01 6.156046608872315362e-01
6.498031616210937500e-01 6.016585091013967324e-01 6.362972259521484375e-01 6.107567580725100642e-01
6.483718156814575195e-01 6.049195372859956787e-01 6.413066387176513672e-01 6.118618543251052033e-01
6.401860713958740234e-01 6.121297334489977926e-01 6.414110064506530762e-01 6.115831357779371036e-01
6.534263491630554199e-01 5.986597722705861990e-01 6.468378305435180664e-01 6.057464419439375636e-01
6.507872343063354492e-01 5.997110116266355373e-01 6.450636386871337891e-01 6.110544214540273300e-01
6.541867852210998535e-01 5.984141686709627539e-01 6.416196823120117188e-01 6.105141798580546730e-01
6.547682881355285645e-01 5.974550264042506331e-01 6.380713582038879395e-01 6.078713179082517737e-01
6.583467721939086914e-01 5.962678077908145635e-01 6.470465660095214844e-01 6.066957733323096180e-01
6.540078520774841309e-01 5.970216952617575235e-01 6.511166691780090332e-01 6.017400581312687402e-01
6.599570512771606445e-01 5.926254654020246537e-01 6.441243886947631836e-01 6.230260872736377298e-01
6.551261544227600098e-01 5.932834893971612455e-01 6.456898450851440430e-01 6.044886934187436722e-01
6.597781181335449219e-01 5.900979334584159908e-01 6.401586532592773438e-01 6.110531299702933739e-01
6.570495367050170898e-01 5.923672746856943894e-01 6.503861546516418457e-01 6.145785903661938887e-01
6.532921791076660156e-01 5.963317020397148616e-01 6.402630209922790527e-01 6.098753256057304339e-01
6.610753536224365234e-01 5.865615909503555381e-01 6.468378305435180664e-01 6.061852117018718955e-01
6.600465178489685059e-01 5.923540594859761921e-01 6.496555805206298828e-01 5.971947755253257384e-01
6.602254509925842285e-01 5.870434039392844472e-01 6.409935355186462402e-01 6.031359978171038083e-01
6.625066995620727539e-01 5.872052598989251360e-01 6.532039046287536621e-01 5.929219655691022606e-01
6.595544815063476562e-01 5.883228071133935755e-01 6.430807709693908691e-01 6.072930549808893685e-01
6.606727242469787598e-01 5.879535255928673987e-01 6.505948901176452637e-01 5.963662254539120466e-01
6.641170382499694824e-01 5.854281015783457942e-01 6.498643159866333008e-01 5.991898322125313037e-01
6.634907722473144531e-01 5.840317384035094150e-01 6.359841227531433105e-01 5.994916031764211395e-01
6.612095236778259277e-01 5.809937431957752363e-01 6.478814482688903809e-01 5.962232675390137793e-01
6.659509539604187012e-01 5.791068291659857703e-01 6.538301110267639160e-01 5.997538245985787331e-01
6.629092693328857422e-01 5.826443820034674648e-01 6.521602869033813477e-01 5.944917009285362042e-01
