5.472803711891174316e-01 6.998740084419994290e-01 5.214986205101013184e-01 7.098527064380155682e-01
5.658436417579650879e-01 6.799763182681710649e-01 5.726361870765686035e-01 6.744990880667006694e-01
5.863749980926513672e-01 6.729507264457036397e-01 5.370486378669738770e-01 6.970075427478152896e-01
5.861066579818725586e-01 6.710572563102450427e-01 5.833855271339416504e-01 6.832167046773262031e-01
5.864197611808776855e-01 6.695574506874650833e-01 5.718013048171997070e-01 6.729459186929970249e-01
5.858829617500305176e-01 6.693306767059622464e-01 5.841160416603088379e-01 6.858782387929329705e-01
5.916532278060913086e-01 6.660621027695640128e-01 5.895428657531738281e-01 6.681612303425688015e-01
5.932635664939880371e-01 6.643057645678968059e-01 5.811939239501953125e-01 6.709902094814329532e-01
5.901771187782287598e-01 6.657478218962498140e-01 5.968482494354248047e-01 6.652421454775186982e-01
5.916979908943176270e-01 6.644432274039816511e-01 5.936130285263061523e-01 6.679899055184961298e-01
5.994811058044433594e-01 6.623701311049339235e-01 5.737841725349426270e-01 6.725043751356920563e-01
6.004651784896850586e-01 6.628176650243361445e-01 6.055103540420532227e-01 6.737021899029248528e-01
6.026122570037841797e-01 6.589420371798714315e-01 5.849509239196777344e-01 6.653558343269461162e-01
5.974682569503784180e-01 6.598167421993106352e-01 6.130244135856628418e-01 6.612740921914465053e-01
5.995705723762512207e-01 6.600859551997960706e-01 5.998747944831848145e-01 6.717622131700183852e-01
6.002415418624877930e-01 6.595086551220221693e-01 6.053016185760498047e-01 6.612178554641406913e-01
6.074879169464111328e-01 6.558948022390568289e-01 5.834898948669433594e-01 6.648851386492049542e-01
6.033279895782470703e-01 6.571925898041062197e-01 5.972657203674316406e-01 6.662798472646133119e-01
6.085614562034606934e-01 6.553127898643515969e-01 6.082237362861633301e-01 6.510144437411911067e-01
6.075773835182189941e-01 6.544505122160523269e-01 6.132331490516662598e-01 6.519969564916395788e-01
6.087850928306579590e-01 6.529632474681221765e-01 6.108328104019165039e-01 6.513699381591829818e-01
6.083825230598449707e-01 6.526406707245797634e-01 6.151116490364074707e-01 6.596774037136610147e-01
6.111111044883728027e-01 6.507422978751324916e-01 5.946566462516784668e-01 6.594485884866294612e-01
6.103059649467468262e-01 6.496711539164236049e-01 6.182425618171691895e-01 6.478251509292218824e-01
6.104401350021362305e-01 6.486228789449655086e-01 6.168858408927917480e-01 6.485031323153249705e-01
6.154499650001525879e-01 6.464749367873983132e-01 6.034230589866638184e-01 6.546229021058055375e-01
6.137502193450927734e-01 6.456653456245131650e-01 6.181381940841674805e-01 6.507728002783501609e-01
6.140633225440979004e-01 6.447595920027806571e-01 5.975787639617919922e-01 6.486496139831717800e-01
6.212202310562133789e-01 6.442268924202085856e-01 6.128156781196594238e-01 6.459991175504846694e-01
6.228305697441101074e-01 6.414048450964467962e-01 6.197035908699035645e-01 6.481586955977590714e-01
6.149132251739501953e-01 6.407689794932692751e-01 6.147986054420471191e-01 6.506769548774238299e-01
6.189389824867248535e-01 6.403944527426737032e-01 6.239824891090393066e-01 6.348777136308020319e-01
6.187153458595275879e-01 6.392928568360033426e-01 6.222082972526550293e-01 6.433666634723852473e-01
6.244856119155883789e-01 6.349886598964991080e-01 6.080150008201599121e-01 6.475348538159080292e-01
6.264537572860717773e-01 6.347458241642385257e-01 6.185556054115295410e-01 6.389011101343516907e-01
6.219359636306762695e-01 6.358674629192314631e-01 6.163640022277832031e-01 6.504631512499979840e-01
6.225174665451049805e-01 6.327110795988382108e-01 6.326445341110229492e-01 6.355247394547435258e-01
6.272588968276977539e-01 6.316532325416157612e-01 6.274264454841613770e-01 6.332135195399694050e-01
6.272141933441162109e-01 6.301813638792586048e-01 6.347317695617675781e-01 6.304928949520698378e-01
6.321345567703247070e-01 6.280391698959454372e-01 6.233562827110290527e-01 6.334486236355295619e-01
6.360261440277099609e-01 6.260319821713840049e-01 6.272177100181579590e-01 6.297910551989011063e-01
6.311057209968566895e-01 6.272807509789506408e-01 6.046754121780395508e-01 6.424431622687721832e-01
6.303005814552307129e-01 6.244196180240223493e-01 6.354623436927795410e-01 6.317899849688028979e-01
6.371443867683410645e-01 6.229010643462500330e-01 6.254435181617736816e-01 6.281548498493474408e-01
6.356235742568969727e-01 6.206591273275550158e-01 6.248173713684082031e-01 6.301622059693094968e-01
6.366970539093017578e-01 6.212275171134867824e-01 6.234606504440307617e-01 6.366645087157727367e-01
6.380837559700012207e-01 6.200682326236806041e-01 6.184512376785278320e-01 6.490050548925899720e-01
6.400519013404846191e-01 6.180021646283440084e-01 6.307660341262817383e-01 6.252838053451502676e-01
6.414832472801208496e-01 6.171079514853791137e-01 6.386975646018981934e-01 6.274816896840292868e-01
6.404991745948791504e-01 6.156860968149034941e-01 6.420371532440185547e-01 6.173968449362482458e-01
6.448827981948852539e-01 6.136310691589489386e-01 6.325401663780212402e-01 6.271865983716979898e-01
6.483718156814575195e-01 6.100671197075945296e-01 6.242955327033996582e-01 6.297200782715565159e-01
6.474772095680236816e-01 6.127385504985030096e-01 6.380713582038879395e-01 6.151495209269721709e-01
6.490874886512756348e-01 6.109735192329432962e-01 6.261740922927856445e-01 6.257424725542684030e-01
6.487743854522705078e-01 6.088349859282377041e-01 6.358797550201416016e-01 6.194550017801960795e-01
6.487743854522705078e-01 6.075599439926065992e-01 6.266958713531494141e-01 6.424829366808767483e-01
6.476113796234130859e-01 6.075167604541283906e-01 6.397411823272705078e-01 6.529631699408003920e-01
6.480587124824523926e-01 6.059316069415610073e-01 6.361928582191467285e-01 6.378375420339469359e-01
6.503399610519409180e-01 6.048301133833923204e-01 6.375495791435241699e-01 6.109907816083912646e-01
6.491769552230834961e-01 6.067507607093499677e-01 6.366103291511535645e-01 6.412146693976928935e-01
6.542315483093261719e-01 6.035647800088590476e-01 6.444374918937683105e-01 6.112553213912145234e-01
6.540526151657104492e-01 6.046164182115910668e-01 6.493425369262695312e-01 6.124378697057527576e-01
6.532027125358581543e-01 6.029309943294371976e-01 6.427676677703857422e-01 6.109565963105154651e-01
6.520397067070007324e-01 6.003661740655911183e-01 6.420371532440185547e-01 6.128084281122377908e-01
6.554392576217651367e-01 5.995676935860201340e-01 6.348361372947692871e-01 6.268034155247879102e-01
6.561549305915832520e-01 6.001606893082982452e-01 6.329576373100280762e-01 6.342475445378525922e-01
6.564680337905883789e-01 5.994753301154310821e-01 6.466290950775146484e-01 6.116962936969073672e-01
6.586598753929138184e-01 5.975125595823258529e-01 6.397411823272705078e-01 6.302894397036712393e-01
6.552156209945678711e-01 5.992504926929962394e-01 6.419327855110168457e-01 6.050146089618326783e-01
6.623725295066833496e-01 5.919144796885751347e-01 6.467334628105163574e-01 6.201891546158819768e-01
6.620594263076782227e-01 5.940148211011819779e-01 6.466290950775146484e-01 6.094616668952379523e-01
6.593308448791503906e-01 5.950556150551750134e-01 6.393237113952636719e-01 6.089322785324952081e-01
6.635802388191223145e-01 5.923822880708418115e-01 6.463159918785095215e-01 6.069794694458211515e-01
6.611200571060180664e-01 5.922473698379869811e-01 6.260697245597839355e-01 6.472835056569277157e-01
6.634013056755065918e-01 5.930807077409031569e-01 6.472552418708801270e-01 6.097736733861965908e-01
6.624172329902648926e-01 5.922377527261338814e-01 6.603005528450012207e-01 6.086545208878418878e-01
6.596886515617370605e-01 5.917705187730999405e-01 6.486119627952575684e-01 6.241816859408525486e-01
6.629540324211120605e-01 5.939281853287479152e-01 6.458985805511474609e-01 6.094390736370687289e-01
6.680533289909362793e-01 5.879802522878566640e-01 6.523690223693847656e-01 6.146871640024840211e-01
6.650563478469848633e-01 5.890760987831753503e-01 6.533082723617553711e-01 6.053378402477663789e-01
6.669797897338867188e-01 5.886114518786185190e-01 6.488206982612609863e-01 6.056284912442195800e-01
6.639828085899353027e-01 5.890812298589922502e-01 6.501774191856384277e-01 6.089717137791174073e-01
6.646090745925903320e-01 5.865812958790548315e-01 6.500730514526367188e-01 6.019220928811399585e-01
6.668903231620788574e-01 5.882074457094523812e-01 6.294093132019042969e-01 6.411219930205905859e-01
6.659509539604187012e-01 5.867819647324876708e-01 6.453767418861389160e-01 6.124848861257409238e-01
6.700661778450012207e-01 5.857345476242654669e-01 6.496555805206298828e-01 6.068120838032712294e-01
6.697978377342224121e-01 5.861276748313057894e-01 6.418284177780151367e-01 6.349575965819043155e-01
6.697978377342224121e-01 5.842140024325612746e-01 6.600918173789978027e-01 6.026233678395552795e-01
6.709160804748535156e-01 5.851789990932917407e-01 6.532039046287536621e-01 5.998865564290976060e-01
6.705135107040405273e-01 5.834893915281672561e-01 6.362972259521484375e-01 6.308446609881844802e-01
6.700661778450012207e-01 5.835784264702045254e-01 6.476727128028869629e-01 6.462143693804317524e-01
6.729736924171447754e-01 5.813074095301645761e-01 6.438112854957580566e-01 6.171509378440592775e-01
6.743156313896179199e-01 5.807945174967417135e-01 6.554998755455017090e-01 6.094386350185431178e-01
6.742261648178100586e-01 5.820415258343605291e-01 6.504905223846435547e-01 6.037021973043014134e-01
6.731526255607604980e-01 5.791447267781474340e-01 6.550824642181396484e-01 6.223356504700074954e-01
6.724369525909423828e-01 5.805615214632627863e-01 6.504905223846435547e-01 6.074057011533644523e-01
6.740919947624206543e-01 5.780755498260392589e-01 6.585264205932617188e-01 5.999028361607533499e-01
6.740025281906127930e-01 5.781902062229573591e-01 6.349405050277709961e-01 6.271711990246566781e-01
6.741366982460021973e-01 5.770506117846846417e-01 6.543518900871276855e-01 5.981277781522141845e-01
6.764179468154907227e-01 5.761321508238153033e-01 6.565434932708740234e-01 5.983867623367580268e-01
