5.656647086143493652e-01 6.785834624464854858e-01 5.875599980354309082e-01 6.696228395297616487e-01
5.798443555831909180e-01 6.702162384837572207e-01 5.857858657836914062e-01 6.755731605806670759e-01
5.915190577507019043e-01 6.644840659065437416e-01 5.973700881004333496e-01 6.629290675922864251e-01
5.919216275215148926e-01 6.638580613794086149e-01 5.776455998420715332e-01 6.685863322864318281e-01
5.887457728385925293e-01 6.637982788378574694e-01 5.927781462669372559e-01 6.656526322903252302e-01
5.937108397483825684e-01 6.614260755107406187e-01 6.020663976669311523e-01 6.575558097619796927e-01
5.991680026054382324e-01 6.595653407495635223e-01 5.896472334861755371e-01 6.603475690783749963e-01
6.033726930618286133e-01 6.557115532563141391e-01 6.146942377090454102e-01 6.522027070227208734e-01
5.986312627792358398e-01 6.567124630645980732e-01 6.140680313110351562e-01 6.497892937066036545e-01
6.023439168930053711e-01 6.544792093089962792e-01 5.972657203674316406e-01 6.556869775361642283e-01
6.026122570037841797e-01 6.525840721631182006e-01 6.151116490364074707e-01 6.458871565141799387e-01
6.051619052886962891e-01 6.539583711360515972e-01 6.016489267349243164e-01 6.481114739019122606e-01
6.062354445457458496e-01 6.513939042982079819e-01 6.135462522506713867e-01 6.490019969665489219e-01
6.096349954605102539e-01 6.485956433442607860e-01 6.083281040191650391e-01 6.492017079210808950e-01
6.086956262588500977e-01 6.508306959891579924e-01 6.099979281425476074e-01 6.511414860838068419e-01
6.140633225440979004e-01 6.478622360356615095e-01 6.063452363014221191e-01 6.492285964832851253e-01
6.100375652313232422e-01 6.467967630072556373e-01 6.068670153617858887e-01 6.481292484150478206e-01
6.153157949447631836e-01 6.448035823848811132e-01 6.156334877014160156e-01 6.385386636823981998e-01
6.099033951759338379e-01 6.465945712652801936e-01 6.170945763587951660e-01 6.409437451126729357e-01
6.123635768890380859e-01 6.435420165059391184e-01 6.194949150085449219e-01 6.373448635013534425e-01
6.172392368316650391e-01 6.417972146238318798e-01 6.178250908851623535e-01 6.369879334835338858e-01
6.147342920303344727e-01 6.413936228183924060e-01 6.248173713684082031e-01 6.383649823287911307e-01
6.163893342018127441e-01 6.409242942670650978e-01 5.955958962440490723e-01 6.395689696166839688e-01
6.161209344863891602e-01 6.395639112990068043e-01 6.261740922927856445e-01 6.335029054150853600e-01
6.196099519729614258e-01 6.396170315151245012e-01 6.265915036201477051e-01 6.333304869558835648e-01
6.233673095703125000e-01 6.373739024568572109e-01 6.166771054267883301e-01 6.336376108299140997e-01
6.182680130004882812e-01 6.392040528046420977e-01 6.229388713836669922e-01 6.302340517484975591e-01
6.194757819175720215e-01 6.390386070115640083e-01 6.185556054115295410e-01 6.360850204159436139e-01
6.245750784873962402e-01 6.350364013186591272e-01 6.254435181617736816e-01 6.358693774297375922e-01
6.223832368850708008e-01 6.383683858307684922e-01 6.214777827262878418e-01 6.370364809130806272e-01
6.230095028877258301e-01 6.347894839639846021e-01 6.266958713531494141e-01 6.306661787298819544e-01
6.287350058555603027e-01 6.294874581545831793e-01 6.294093132019042969e-01 6.263290407438164564e-01
6.253802180290222168e-01 6.321565613995768773e-01 6.171989440917968750e-01 6.400323559187369726e-01
6.234567761421203613e-01 6.335942384637431868e-01 6.255478858947753906e-01 6.281053036967639835e-01
6.275720000267028809e-01 6.293450892131557950e-01 6.302441954612731934e-01 6.255657355637571637e-01
6.248881816864013672e-01 6.280037179831892136e-01 6.242955327033996582e-01 6.275648279494617787e-01
6.224279999732971191e-01 6.306750854048368549e-01 6.157378554344177246e-01 6.365448623628164881e-01
6.237698793411254883e-01 6.295435601173178242e-01 6.264871358871459961e-01 6.287612597172506090e-01
6.294506788253784180e-01 6.268539556899849208e-01 6.126069426536560059e-01 6.328482662205705545e-01
6.285560727119445801e-01 6.267410189441244839e-01 6.180338263511657715e-01 6.415744156136788945e-01
6.290928721427917480e-01 6.248417776201296014e-01 6.294093132019042969e-01 6.208604024561829027e-01
6.324476599693298340e-01 6.233230495329170617e-01 6.286787986755371094e-01 6.210106116101578033e-01
6.273036599159240723e-01 6.247066555647714514e-01 6.357753872871398926e-01 6.257740959347825038e-01
6.281982660293579102e-01 6.260195016263742085e-01 6.293049454689025879e-01 6.278468026569455906e-01
6.283324360847473145e-01 6.239958851276431462e-01 6.285744309425354004e-01 6.288554943371754691e-01
6.349973082542419434e-01 6.213294763773237195e-01 6.186599731445312500e-01 6.290701353034900967e-01
6.318661570549011230e-01 6.212717758924553024e-01 6.243999004364013672e-01 6.321345497536225988e-01
6.352657079696655273e-01 6.191682668379795418e-01 6.402630209922790527e-01 6.172711953467900914e-01
6.311951875686645508e-01 6.208509549853157283e-01 6.229388713836669922e-01 6.338249937623608998e-01
6.325371265411376953e-01 6.188607418189472353e-01 6.449592709541320801e-01 6.154894369351692207e-01
6.363392472267150879e-01 6.166073088036770899e-01 6.258609890937805176e-01 6.200517985671976096e-01
6.409017443656921387e-01 6.152398848409920129e-01 6.189730763435363770e-01 6.217004734298874347e-01
6.348631381988525391e-01 6.157346922183724036e-01 6.383844614028930664e-01 6.186538557124471316e-01
6.413043737411499023e-01 6.114550483506189238e-01 6.248173713684082031e-01 6.324729272752434017e-01
6.322240233421325684e-01 6.244172546449341388e-01 6.328532695770263672e-01 6.198301980899038055e-01
6.338790655136108398e-01 6.178157452202628352e-01 6.388019323348999023e-01 6.122519925152725140e-01
6.401413679122924805e-01 6.087154739976761153e-01 6.373408436775207520e-01 6.212920034834945593e-01
6.369207501411437988e-01 6.145553499497546923e-01 6.340012550354003906e-01 6.248522846864474900e-01
6.407228708267211914e-01 6.123329483347217383e-01 6.367146968841552734e-01 6.202637035546634259e-01
6.438540220260620117e-01 6.088282642007876166e-01 6.453767418861389160e-01 6.074372945138393209e-01
6.422436833381652832e-01 6.052711042186446067e-01 6.381757259368896484e-01 6.152051048148426959e-01
6.377258896827697754e-01 6.125541021602485259e-01 6.465247273445129395e-01 6.099485686292630549e-01
6.460458040237426758e-01 6.066940357079764201e-01 6.365059614181518555e-01 6.231382149068529497e-01
6.451959013938903809e-01 6.066291589582514243e-01 6.428720355033874512e-01 6.126013706333078845e-01
6.476113796234130859e-01 6.030167552072133175e-01 6.476727128028869629e-01 6.068509509209625286e-01
6.464036703109741211e-01 6.043333253380138714e-01 6.424546241760253906e-01 6.097281928028599474e-01
6.458668708801269531e-01 6.063199104488929958e-01 6.470465660095214844e-01 6.127322528536944812e-01
6.475666761398315430e-01 6.031955537204772844e-01 6.481945514678955078e-01 6.100104193029560751e-01
6.506978273391723633e-01 5.982627041716549465e-01 6.537257432937622070e-01 6.066059129667590311e-01
6.441671252250671387e-01 6.077865254667838002e-01 6.274264454841613770e-01 6.236005863375018166e-01
6.485059857368469238e-01 6.039216770727362515e-01 6.460029482841491699e-01 6.127149919158754177e-01
6.511003971099853516e-01 5.987866238482119075e-01 6.508035659790039062e-01 6.035119628662407587e-01
6.534263491630554199e-01 5.957468891745284489e-01 6.514297723770141602e-01 6.046624846384784924e-01
6.464483737945556641e-01 6.028332155065216913e-01 6.508035659790039062e-01 6.042378520547559972e-01
6.509661674499511719e-01 5.999388554096648507e-01 6.468378305435180664e-01 6.061769673008681192e-01
6.538289785385131836e-01 5.954541215254168796e-01 6.568565964698791504e-01 6.013362760385574379e-01
6.510556340217590332e-01 5.930137832319615221e-01 6.551868319511413574e-01 6.029867748332357058e-01
6.551708579063415527e-01 5.951358999521750848e-01 6.541432142257690430e-01 6.002087155530010376e-01
6.568259000778198242e-01 5.916456160721955682e-01 6.580045819282531738e-01 5.980603101606335459e-01
6.542315483093261719e-01 5.904242518997977474e-01 6.527864933013916016e-01 5.996813226084548587e-01
6.581230759620666504e-01 5.908249597639874118e-01 6.605092883110046387e-01 5.988533645526175064e-01
6.574521660804748535e-01 5.872575721729631493e-01 6.441243886947631836e-01 6.154843595674356349e-01
6.534263491630554199e-01 5.904982365677151623e-01 6.536213755607604980e-01 5.986692184099099423e-01
6.599123477935791016e-01 5.870189155485446841e-01 6.538301110267639160e-01 6.014750005680841172e-01
6.602701544761657715e-01 5.864813346452417697e-01 6.582133173942565918e-01 5.963971631259714634e-01
6.577205061912536621e-01 5.917938259702011372e-01 6.506991982460021973e-01 6.075930736354039352e-01
6.597334146499633789e-01 5.871398364800122227e-01 6.486119627952575684e-01 6.003423948622377271e-01
6.569153666496276855e-01 5.878925607272263987e-01 6.513254046440124512e-01 5.966843818105403985e-01
6.639381051063537598e-01 5.837267387700350030e-01 6.504905223846435547e-01 5.980976977743452938e-01
6.572284698486328125e-01 5.893521287463009406e-01 6.545606255531311035e-01 6.016752753220926397e-01
6.595097780227661133e-01 5.873252982571974812e-01 6.525777578353881836e-01 6.006938285753986584e-01
6.637144684791564941e-01 5.818741523445259967e-01 6.690670251846313477e-01 5.915697369389383287e-01
6.591519117355346680e-01 5.882291863036722690e-01 6.472552418708801270e-01 6.031410920547807253e-01
6.572732329368591309e-01 5.879242070289860678e-01 6.601961851119995117e-01 5.894918223558002213e-01
6.586151123046875000e-01 5.819567046922228259e-01 6.607180237770080566e-01 5.883027606880308902e-01
6.616120934486389160e-01 5.831221692206757234e-01 6.611354351043701172e-01 5.901488870525379848e-01
6.629987359046936035e-01 5.786965465285437427e-01 6.603005528450012207e-01 5.925976220861254307e-01
6.604490876197814941e-01 5.880391169136123253e-01 6.505948901176452637e-01 6.013017130082197736e-01
6.627750992774963379e-01 5.822897080893933985e-01 6.548737287521362305e-01 5.873051496244775516e-01
6.615673899650573730e-01 5.780198156972289336e-01 6.544562578201293945e-01 5.996728521054235372e-01
