5.609232187271118164e-01 6.833158170287479960e-01 5.887079834938049316e-01 6.681548843949106642e-01
5.822150707244873047e-01 6.690442281623372178e-01 5.986224412918090820e-01 6.616898867412639440e-01
5.956342816352844238e-01 6.629066440516921954e-01 6.114589571952819824e-01 6.597170216309156121e-01
6.020307540893554688e-01 6.602369808280461605e-01 6.092673540115356445e-01 6.553729440145267260e-01
6.012256145477294922e-01 6.587121287768376021e-01 6.096848249435424805e-01 6.550243444393980541e-01
6.050724387168884277e-01 6.562973394720685860e-01 6.134418845176696777e-01 6.547943244794544038e-01
6.106638312339782715e-01 6.544493886007778372e-01 6.062408685684204102e-01 6.528630104375467980e-01
6.079352498054504395e-01 6.548499365914249859e-01 6.108328104019165039e-01 6.525140480217866967e-01
6.082483530044555664e-01 6.551677889976631475e-01 6.213734149932861328e-01 6.464224040719767084e-01
6.127214431762695312e-01 6.515288254318435390e-01 6.040492653846740723e-01 6.499877432098818408e-01
6.201914548873901367e-01 6.475318372729511607e-01 6.236693859100341797e-01 6.432906573238265091e-01
6.134371161460876465e-01 6.492424938733770690e-01 6.159465909004211426e-01 6.441482748549359760e-01
6.203703880310058594e-01 6.465373796114748384e-01 6.204341650009155273e-01 6.407709805459325114e-01
6.217570304870605469e-01 6.430583802803532256e-01 6.139636635780334473e-01 6.453839704577845060e-01
6.128108501434326172e-01 6.445854105619224228e-01 6.271133422851562500e-01 6.406282793502672268e-01
6.235910058021545410e-01 6.400038779560409674e-01 6.272177100181579590e-01 6.332353010129838644e-01
6.232778429985046387e-01 6.372454665197330170e-01 6.223126649856567383e-01 6.419264106754469790e-01
6.279298663139343262e-01 6.365100005846540121e-01 6.323314309120178223e-01 6.334594250148334327e-01
6.293612718582153320e-01 6.336997037689807710e-01 6.335837841033935547e-01 6.278760724688741135e-01
6.312846541404724121e-01 6.320790560903735145e-01 6.263828277587890625e-01 6.315559893504385514e-01
6.311951875686645508e-01 6.298926317280147957e-01 6.383844614028930664e-01 6.225552156309424046e-01
6.346842050552368164e-01 6.302195977260311999e-01 6.351492404937744141e-01 6.303635457193544900e-01
6.377258896827697754e-01 6.286798506351293225e-01 6.311834454536437988e-01 6.246585683219494367e-01
6.320450901985168457e-01 6.293409551953902392e-01 6.377583146095275879e-01 6.231956749663076778e-01
6.373680233955383301e-01 6.261793347927085973e-01 6.365059614181518555e-01 6.227850272047870117e-01
6.410806775093078613e-01 6.232236011187406444e-01 6.288874745368957520e-01 6.264921871288612332e-01
6.397387981414794922e-01 6.229662658021155597e-01 6.381757259368896484e-01 6.244444954845657092e-01
6.410806775093078613e-01 6.197388732682871382e-01 6.418284177780151367e-01 6.156299663495728991e-01
6.426910161972045898e-01 6.179384532032807797e-01 6.422458887100219727e-01 6.212025701041710146e-01
6.433172225952148438e-01 6.184380747248563459e-01 6.393237113952636719e-01 6.139172057820819761e-01
6.487296223640441895e-01 6.138377421805333300e-01 6.416196823120117188e-01 6.145302684166267237e-01
6.463142037391662598e-01 6.156920844528708248e-01 6.445418596267700195e-01 6.110259490703844332e-01
6.483718156814575195e-01 6.141711443710634599e-01 6.389063000679016113e-01 6.136558677179284604e-01
6.464483737945556641e-01 6.138628657036080405e-01 6.476727128028869629e-01 6.080925480305737763e-01
6.503399610519409180e-01 6.108810540324013383e-01 6.477770805358886719e-01 6.108647312582522471e-01
6.517713069915771484e-01 6.090443687482476331e-01 6.480901837348937988e-01 6.071412959070948689e-01
6.558418273925781250e-01 6.037926991375343055e-01 6.464203596115112305e-01 6.074056006303985011e-01
6.441223621368408203e-01 6.140861470171624648e-01 6.564391851425170898e-01 6.058671950447960253e-01
6.531580090522766113e-01 6.042892340578019938e-01 6.529952287673950195e-01 6.021927600488162780e-01
6.574521660804748535e-01 5.999018730684690937e-01 6.583176851272583008e-01 6.011046223191571780e-01
6.531580090522766113e-01 6.051092437585280370e-01 6.559173464775085449e-01 6.056172246351742006e-01
6.599123477935791016e-01 6.009577243352409726e-01 6.528908610343933105e-01 6.027905742949419832e-01
6.599570512771606445e-01 5.992008890336091298e-01 6.517428755760192871e-01 5.959401269517395905e-01
6.601806879043579102e-01 5.961326554692224500e-01 6.492381691932678223e-01 5.990695215993374623e-01
6.620146632194519043e-01 5.968183247363509913e-01 6.596744060516357422e-01 6.006774841507449558e-01
6.582573056221008301e-01 5.971257158822206312e-01 6.468378305435180664e-01 6.072646356952685620e-01
6.636250019073486328e-01 5.934068431771490904e-01 6.642663478851318359e-01 5.929234843616369988e-01
6.629540324211120605e-01 5.912593162258146240e-01 6.645793914794921875e-01 5.921622409971838419e-01
6.666666865348815918e-01 5.893062176634447091e-01 6.630139946937561035e-01 5.923851037468349512e-01
6.670692563056945801e-01 5.890873524685796836e-01 6.579002141952514648e-01 5.985259881126087089e-01
6.677849292755126953e-01 5.888700085838912690e-01 6.664579510688781738e-01 5.841101029550722634e-01
6.684111356735229492e-01 5.858607462382866560e-01 6.528908610343933105e-01 5.933968106432863099e-01
6.699320077896118164e-01 5.866558271841662009e-01 6.723022460937500000e-01 5.862611651395711609e-01
6.762837767601013184e-01 5.812127972080021188e-01 6.655187010765075684e-01 5.864095580251896811e-01
6.713634133338928223e-01 5.790794773634184711e-01 6.685451865196228027e-01 5.828233585679140072e-01
6.711844801902770996e-01 5.795922957735339942e-01 6.680233478546142578e-01 5.853462568331651017e-01
6.748523712158203125e-01 5.786603952396915940e-01 6.714673638343811035e-01 5.834020318603794220e-01
6.732420921325683594e-01 5.757526967239243731e-01 6.703193783760070801e-01 5.838108172971055998e-01
6.746287345886230469e-01 5.774343539743224119e-01 6.568565964698791504e-01 5.911684218639372546e-01
6.747182011604309082e-01 5.776067039347607679e-01 6.633270978927612305e-01 5.857637275661164988e-01
6.738682985305786133e-01 5.780031804450617150e-01 6.639532446861267090e-01 5.839057151695502546e-01
6.768205165863037109e-01 5.763264591183255847e-01 6.487163305282592773e-01 6.092623220781920867e-01
6.766416430473327637e-01 5.761463517130839262e-01 6.571696996688842773e-01 5.926304809162845633e-01
6.772231459617614746e-01 5.736279143142154480e-01 6.795032620429992676e-01 5.744990381859110817e-01
6.783413887023925781e-01 5.711145446005736481e-01 6.630139946937561035e-01 5.842974114159257271e-01
6.767758131027221680e-01 5.748947697027912973e-01 6.728240251541137695e-01 5.799886480648714926e-01
6.826355457305908203e-01 5.661466494722514620e-01 6.777290701866149902e-01 5.734063338272956667e-01
6.828144788742065430e-01 5.652564475437805713e-01 6.801294088363647461e-01 5.778253821559301562e-01
6.839774847030639648e-01 5.633775941810277299e-01 6.749113202095031738e-01 5.700738793796896742e-01
6.846483945846557617e-01 5.648341784645308783e-01 6.651012301445007324e-01 5.844731380511016816e-01
6.875112056732177734e-01 5.605427717710356195e-01 6.718847751617431641e-01 5.761920197028452817e-01
6.836196184158325195e-01 5.622708895249536321e-01 6.793988943099975586e-01 5.739557370838952455e-01
6.905528903007507324e-01 5.576153855819483418e-01 6.801294088363647461e-01 5.676285534182711201e-01
6.899713873863220215e-01 5.577390382703247829e-01 6.631183624267578125e-01 5.902376664976216603e-01
6.874217391014099121e-01 5.583463801128702997e-01 6.850344538688659668e-01 5.686474549101031561e-01
6.851404309272766113e-01 5.592059895121618274e-01 6.677103042602539062e-01 5.865393420321736162e-01
6.910001635551452637e-01 5.575735241382657748e-01 6.822166442871093750e-01 5.679335363770645628e-01
6.902844905853271484e-01 5.543794827227473965e-01 6.844082474708557129e-01 5.610715808213515565e-01
6.884952783584594727e-01 5.581376741559118670e-01 6.653099656105041504e-01 5.783535570646471946e-01
6.877795457839965820e-01 5.570106586652358027e-01 6.680233478546142578e-01 5.794416107680547823e-01
6.930577754974365234e-01 5.521278913939525745e-01 6.837821006774902344e-01 5.700207519844762150e-01
6.915369629859924316e-01 5.521945331407629443e-01 6.778334379196166992e-01 5.757842025834467581e-01
6.910449266433715820e-01 5.508830224407617049e-01 6.802337765693664551e-01 5.632013367526691461e-01
6.939523816108703613e-01 5.489634290793475868e-01 6.840952038764953613e-01 5.609790119092714633e-01
6.950259208679199219e-01 5.482526545576640320e-01 6.797119379043579102e-01 5.700688741446486851e-01
6.935945749282836914e-01 5.490763054207156157e-01 6.885827779769897461e-01 5.620828724385203978e-01
6.909106969833374023e-01 5.523837415641782433e-01 6.814861297607421875e-01 5.703829372757737159e-01
6.898371577262878418e-01 5.500497936477258820e-01 6.637445092201232910e-01 5.907451281142468424e-01
6.926105022430419922e-01 5.513176890141764375e-01 6.884784102439880371e-01 5.622753848663278875e-01
6.912685632705688477e-01 5.524523384798445402e-01 6.872260570526123047e-01 5.609643202289811281e-01
6.971282958984375000e-01 5.458935120703389821e-01 6.808599233627319336e-01 5.657949614838353458e-01
6.965020298957824707e-01 5.445811700833720348e-01 6.917136311531066895e-01 5.569405125392251632e-01
7.014671564102172852e-01 5.413574876587342599e-01 6.718847751617431641e-01 5.602322401942700925e-01
6.947128176689147949e-01 5.456822598251380718e-01 6.684408187866210938e-01 5.783449083199657670e-01
6.996779441833496094e-01 5.408158546953855117e-01 6.932790875434875488e-01 5.584274082660575234e-01
6.952048540115356445e-01 5.482714376033237524e-01 6.769985556602478027e-01 5.739103834356850120e-01
7.026749253273010254e-01 5.377189425145348922e-01 6.846169829368591309e-01 5.571379908886365806e-01
7.009304165840148926e-01 5.405118440681631053e-01 6.864954829216003418e-01 5.690366587218848027e-01
6.994095444679260254e-01 5.398532847083516995e-01 6.901481747627258301e-01 5.572835841225671771e-01
7.027196288108825684e-01 5.384613892797025514e-01 6.979753971099853516e-01 5.515373223162821636e-01
