4.939613640308380127e-01 7.486194888345455434e-01 4.858067333698272705e-01 7.069825129826465826e-01
4.869386255741119385e-01 7.523316749734685338e-01 4.730745255947113037e-01 7.063939137688710623e-01
4.906512796878814697e-01 7.487513094068661834e-01 4.734919667243957520e-01 7.058877852261128405e-01
4.913669824600219727e-01 7.443500561947941074e-01 4.770402908325195312e-01 7.054338816361297448e-01
4.862229526042938232e-01 7.464290120175495202e-01 4.834063947200775146e-01 7.049178782297659263e-01
4.953927397727966309e-01 7.419233547700584408e-01 4.842412769794464111e-01 7.044375672690730283e-01
4.901145100593566895e-01 7.410885618163426392e-01 4.823627769947052002e-01 7.039572128769849835e-01
4.925299584865570068e-01 7.403864118489367208e-01 4.819453060626983643e-01 7.033749657193795191e-01
4.964662790298461914e-01 7.377124890421131731e-01 4.822584092617034912e-01 7.028875067920282715e-01
4.935587644577026367e-01 7.376684665061382651e-01 4.835107624530792236e-01 7.022555938371162210e-01
4.926194250583648682e-01 7.377920980145497021e-01 4.837194681167602539e-01 7.016749621880773446e-01
5.006709694862365723e-01 7.355188542027489840e-01 4.867459833621978760e-01 7.011055870833463599e-01
4.961978793144226074e-01 7.349916190404887084e-01 4.893550276756286621e-01 7.006030673523880870e-01
4.998210668563842773e-01 7.346719088441763246e-01 4.899812042713165283e-01 7.000924075005622305e-01
4.963768124580383301e-01 7.345131757989256105e-01 4.924859106540679932e-01 6.996625242465175365e-01
4.984791576862335205e-01 7.328753703223676030e-01 4.934251606464385986e-01 6.991549936447629676e-01
4.960189759731292725e-01 7.344171480664116736e-01 4.953036904335021973e-01 6.985848737494528837e-01
4.998658001422882080e-01 7.299439235628557565e-01 4.949906170368194580e-01 6.981230092755291716e-01
5.004025697708129883e-01 7.303429771075417021e-01 4.957211315631866455e-01 6.976236493496426050e-01
4.992842972278594971e-01 7.278055520193332795e-01 5.003131031990051270e-01 6.971730194492893329e-01
5.008051395416259766e-01 7.301796394781725486e-01 5.022959709167480469e-01 6.966895306938950538e-01
4.973608851432800293e-01 7.288714883408108358e-01 5.034439563751220703e-01 6.963508281272827727e-01
5.029969811439514160e-01 7.290251292681562134e-01 5.043832063674926758e-01 6.959364192019522610e-01
4.995079636573791504e-01 7.287578643018859381e-01 5.073053836822509766e-01 6.955791553433815499e-01
5.013866424560546875e-01 7.255753346879316723e-01 5.074097514152526855e-01 6.951938218275208747e-01
5.016550421714782715e-01 7.249839450383489536e-01 5.102275013923645020e-01 6.948280504042956274e-01
5.053229331970214844e-01 7.252125919003844512e-01 5.098100900650024414e-01 6.945100132818387006e-01
5.086777806282043457e-01 7.245898918957077717e-01 5.145063400268554688e-01 6.942171354279889073e-01
5.010288357734680176e-01 7.271441999968827341e-01 5.142976641654968262e-01 6.938244296971454173e-01
5.011630058288574219e-01 7.260927492997624189e-01 5.160717964172363281e-01 6.935766581776395823e-01
4.974503517150878906e-01 7.269533537094954312e-01 5.162805318832397461e-01 6.932831760911896124e-01
5.011630058288574219e-01 7.251684355445701113e-01 5.198288559913635254e-01 6.929413739213164947e-01
5.093934535980224609e-01 7.204880060567734334e-01 5.222291946411132812e-01 6.926443930384859060e-01
5.025496482849121094e-01 7.247099861046734093e-01 5.227509737014770508e-01 6.923711408630240927e-01
5.004920363426208496e-01 7.249728815780382973e-01 5.224379301071166992e-01 6.921210402463030542e-01
5.085435509681701660e-01 7.189138678216959732e-01 5.257775187492370605e-01 6.918768235448257142e-01
5.092592835426330566e-01 7.205443925626334734e-01 5.286996364593505859e-01 6.916105574542359413e-01
5.017445087432861328e-01 7.230567767573589100e-01 5.309956073760986328e-01 6.913868001621567005e-01
5.101538896560668945e-01 7.190922891268215489e-01 5.303694605827331543e-01 6.911315413985414935e-01
5.087672472000122070e-01 7.187677575343621728e-01 5.305781960487365723e-01 6.909575362813619170e-01
5.088566541671752930e-01 7.190666246081447444e-01 5.328741669654846191e-01 6.907169912060973083e-01
5.096170902252197266e-01 7.193855347115487575e-01 5.356919169425964355e-01 6.904238533112779796e-01
5.115852355957031250e-01 7.162447928699787747e-01 5.368399024009704590e-01 6.902119854974040347e-01
5.078278779983520508e-01 7.195961085153321779e-01 5.379878878593444824e-01 6.900038538410080413e-01
5.055913329124450684e-01 7.224050413881821786e-01 5.360050201416015625e-01 6.897993787821437017e-01
5.084988474845886230e-01 7.186720337759384680e-01 5.377791523933410645e-01 6.895983325890174820e-01
5.109143257141113281e-01 7.166750188653638887e-01 5.387184023857116699e-01 6.894193382483140287e-01
5.107353925704956055e-01 7.170077878858518439e-01 5.395533442497253418e-01 6.892591090322760516e-01
5.129719376564025879e-01 7.159762460145866481e-01 5.401794910430908203e-01 6.889970951875548089e-01
5.152531862258911133e-01 7.134586772395707932e-01 5.405969619750976562e-01 6.888129546308388029e-01
5.144032835960388184e-01 7.153791179595554439e-01 5.405969619750976562e-01 6.885719680258636233e-01
5.167739987373352051e-01 7.144571588491152037e-01 5.424754619598388672e-01 6.883354475517606819e-01
5.108248591423034668e-01 7.138730986512055177e-01 5.426841974258422852e-01 6.882202055229819093e-01
5.123456716537475586e-01 7.156315362715810480e-01 5.427885651588439941e-01 6.880494762850415391e-01
5.143138170242309570e-01 7.136621397794477017e-01 5.431016683578491211e-01 6.878786566759593768e-01
5.207997560501098633e-01 7.133285342036643772e-01 5.437278151512145996e-01 6.877182008478144315e-01
5.117641687393188477e-01 7.165324130197355812e-01 5.433103442192077637e-01 6.875617631764133764e-01
5.142243504524230957e-01 7.137699792670486598e-01 5.439365506172180176e-01 6.874149879018839338e-01
5.127930045127868652e-01 7.132780974229944171e-01 5.517637133598327637e-01 6.871837919476484480e-01
5.117641687393188477e-01 7.138162033036178356e-01 5.537465810775756836e-01 6.870123912212720008e-01
5.195473432540893555e-01 7.106853102630953378e-01 5.527029633522033691e-01 6.868760718281148314e-01
5.168634653091430664e-01 7.124370200878435977e-01 5.593822002410888672e-01 6.866839479315233197e-01
5.154768228530883789e-01 7.125975155600027255e-01 5.592778325080871582e-01 6.865121150185982124e-01
5.207550525665283203e-01 7.105539690127929964e-01 5.588603615760803223e-01 6.863642011224240225e-01
5.161477923393249512e-01 7.126214117968865391e-01 5.593822002410888672e-01 6.862234113684677617e-01
5.143585801124572754e-01 7.126209788020426705e-01 5.586516261100769043e-01 6.860760973878803348e-01
5.195025801658630371e-01 7.101160689807146653e-01 5.615738034248352051e-01 6.859091838798053731e-01
5.203077197074890137e-01 7.116158655598842087e-01 5.605301856994628906e-01 6.858240508431060478e-01
5.132850408554077148e-01 7.118733188913597409e-01 5.599039793014526367e-01 6.856913184776258774e-01
5.180712342262268066e-01 7.114036007715820453e-01 5.602170825004577637e-01 6.855599372627291244e-01
5.192341804504394531e-01 7.102240714772610763e-01 5.597996115684509277e-01 6.854726131239556874e-01
5.212470889091491699e-01 7.087712061385985640e-01 5.613650679588317871e-01 6.853634549242249019e-01
5.206208825111389160e-01 7.090454063383107020e-01 5.614694356918334961e-01 6.852445607393377047e-01
5.190553069114685059e-01 7.092098859794495613e-01 5.618868470191955566e-01 6.850909642351119544e-01
5.216496586799621582e-01 7.103489613806034386e-01 5.620955824851989746e-01 6.849850541339540522e-01
5.203077197074890137e-01 7.098470954012841005e-01 5.623043179512023926e-01 6.848816119586965678e-01
5.267042517662048340e-01 7.067697208796658304e-01 5.625130534172058105e-01 6.847984612149800032e-01
5.254964828491210938e-01 7.078449008694742695e-01 5.648090243339538574e-01 6.846871845559471259e-01
5.216049551963806152e-01 7.079259938685236175e-01 5.632435679435729980e-01 6.845771120948648258e-01
5.244677066802978516e-01 7.081732857225192523e-01 5.635566711425781250e-01 6.844647811265809345e-01
5.281803607940673828e-01 7.051751452687602395e-01 5.623043179512023926e-01 6.843509588354043105e-01
5.218285918235778809e-01 7.077041260990095672e-01 5.634523034095764160e-01 6.842530230295431615e-01
5.278672575950622559e-01 7.072879356057342193e-01 5.613650679588317871e-01 6.841381231769593230e-01
5.212918519973754883e-01 7.075327262402348882e-01 5.631392002105712891e-01 6.839754211581641208e-01
5.216496586799621582e-01 7.062950766050318796e-01 5.616781711578369141e-01 6.839038295229300513e-01
5.231257677078247070e-01 7.074598636625490933e-01 5.602170825004577637e-01 6.837876825261977043e-01
5.255412459373474121e-01 7.066724030249318389e-01 5.624086856842041016e-01 6.837058092328108794e-01
5.284039974212646484e-01 7.049161698699188960e-01 5.628261566162109375e-01 6.836394007010391238e-01
5.240651369094848633e-01 7.049289328571209934e-01 5.625130534172058105e-01 6.835506297158090439e-01
5.218732953071594238e-01 7.085746783522549608e-01 5.648090243339538574e-01 6.834490856082273691e-01
5.297906398773193359e-01 7.030382637667046408e-01 5.643915534019470215e-01 6.833755432427289778e-01
5.297011733055114746e-01 7.055101729096272534e-01 5.629305243492126465e-01 6.832930550672793313e-01
5.273752212524414062e-01 7.070482824351668194e-01 5.625130534172058105e-01 6.831796885631548077e-01
5.300590395927429199e-01 7.040123567638338908e-01 5.627217888832092285e-01 6.831111074414588646e-01
5.260779857635498047e-01 7.038327458186788288e-01 5.588603615760803223e-01 6.830482572609486436e-01
5.290302634239196777e-01 7.050614030870091531e-01 5.619912147521972656e-01 6.829523165249371530e-01
5.278224945068359375e-01 7.037357064708867904e-01 5.601127147674560547e-01 6.828854788422111799e-01
5.317140817642211914e-01 7.022948301548734840e-01 5.597996115684509277e-01 6.828110334993130470e-01
5.316246151924133301e-01 7.023400043114542690e-01 5.605301856994628906e-01 6.827342360434216495e-01
5.260779857635498047e-01 7.041268010304980729e-01 5.602170825004577637e-01 6.826603958288729457e-01
