5.633834600448608398e-01 6.829651614958025529e-01 5.811939239501953125e-01 6.743819078854692561e-01
5.832438468933105469e-01 6.712418411025038445e-01 5.915257930755615234e-01 6.645473141905112735e-01
5.908928513526916504e-01 6.644414986879844109e-01 5.989354848861694336e-01 6.632719079479248991e-01
5.963947176933288574e-01 6.617782696625652550e-01 6.037361621856689453e-01 6.600935994098291459e-01
5.989890694618225098e-01 6.590198809312651784e-01 6.182425618171691895e-01 6.556021311640913840e-01
5.999731421470642090e-01 6.575878148834827241e-01 5.998747944831848145e-01 6.515912339075750070e-01
6.082035899162292480e-01 6.547497414075148514e-01 6.155291199684143066e-01 6.505280687450193389e-01
6.094560623168945312e-01 6.512685803442228583e-01 6.184512376785278320e-01 6.462235006602317089e-01
6.069064140319824219e-01 6.516328832825473150e-01 6.049885153770446777e-01 6.553674857418861910e-01
6.100823283195495605e-01 6.490872424581776157e-01 6.118764281272888184e-01 6.484694510132255063e-01
6.127661466598510742e-01 6.472789942951615583e-01 6.194949150085449219e-01 6.406253834553039539e-01
6.154499650001525879e-01 6.433370605545706278e-01 6.183469295501708984e-01 6.410752266888030126e-01
6.147342920303344727e-01 6.451039680920169772e-01 6.190774440765380859e-01 6.474884527009754365e-01
6.171497702598571777e-01 6.450971480472972308e-01 6.227301359176635742e-01 6.373447645459486832e-01
6.180443763732910156e-01 6.413691158072000187e-01 6.217908859252929688e-01 6.376177381682908152e-01
6.177312731742858887e-01 6.394206808043797485e-01 6.256522536277770996e-01 6.376234550885132579e-01
6.198783516883850098e-01 6.381585300448627818e-01 6.221039295196533203e-01 6.391547493336470209e-01
6.254249215126037598e-01 6.372261002145228614e-01 6.308704018592834473e-01 6.328611221624003136e-01
6.277062296867370605e-01 6.359941951489274103e-01 6.324357986450195312e-01 6.287446719598381861e-01
6.282429695129394531e-01 6.330410621635046420e-01 6.359841227531433105e-01 6.286322607473550095e-01
6.311951875686645508e-01 6.322172895103218559e-01 6.342099905014038086e-01 6.284652530487632172e-01
6.341921687126159668e-01 6.291213035796788811e-01 6.240868568420410156e-01 6.315159290201652897e-01
6.337895989418029785e-01 6.274651763775754842e-01 6.362972259521484375e-01 6.227798421729757727e-01
6.345052719116210938e-01 6.277367981458354951e-01 6.292005777359008789e-01 6.290318237618001129e-01
6.349078416824340820e-01 6.267787316315159840e-01 6.343143582344055176e-01 6.289825997927870338e-01
6.362497806549072266e-01 6.271244995196020300e-01 6.311834454536437988e-01 6.265704165020558047e-01
6.403650045394897461e-01 6.220915693570429061e-01 6.319140195846557617e-01 6.258269877603969134e-01
6.375022530555725098e-01 6.221505539066186641e-01 6.440200209617614746e-01 6.169149140628885641e-01
6.355341076850891113e-01 6.246319491036954608e-01 6.369233727455139160e-01 6.260467556716753368e-01
6.366076469421386719e-01 6.251706922175868097e-01 6.418284177780151367e-01 6.168503817400238232e-01
6.428699493408203125e-01 6.175313217948343869e-01 6.414110064506530762e-01 6.180876922915957694e-01
6.413490772247314453e-01 6.190806610316790248e-01 6.362972259521484375e-01 6.178699564371445963e-01
6.412596106529235840e-01 6.163044073198195028e-01 6.476727128028869629e-01 6.144409222608815391e-01
6.403650045394897461e-01 6.184722398320940950e-01 6.358797550201416016e-01 6.224776533296426662e-01
6.484165191650390625e-01 6.148408094444691718e-01 6.376539468765258789e-01 6.190662570149981780e-01
6.481928825378417969e-01 6.126069066391837126e-01 6.452723741531372070e-01 6.084161297659415046e-01
6.447933316230773926e-01 6.118068426319558384e-01 6.434982419013977051e-01 6.128422892857533499e-01
6.477008461952209473e-01 6.128288225595246441e-01 6.449592709541320801e-01 6.140772640095502055e-01
6.481481194496154785e-01 6.092032598967116463e-01 6.376539468765258789e-01 6.229746942852564251e-01
6.487743854522705078e-01 6.091097943640753076e-01 6.590481996536254883e-01 6.086879059084520094e-01
6.519502401351928711e-01 6.069376815685668669e-01 6.557086110115051270e-01 6.063266645963792945e-01
6.526212096214294434e-01 6.057466681260801344e-01 6.429764032363891602e-01 6.162241754042183661e-01
6.516371369361877441e-01 6.066098141529453480e-01 6.508035659790039062e-01 6.088651975045694664e-01
6.515476703643798828e-01 6.040139423220374226e-01 6.560217142105102539e-01 5.997393094679678294e-01
6.554392576217651367e-01 6.031390436434920233e-01 6.553955078125000000e-01 5.992654316909525880e-01
6.551261544227600098e-01 6.041841778266321406e-01 6.551868319511413574e-01 6.022617469946642821e-01
6.553497910499572754e-01 6.002004031291223729e-01 6.607180237770080566e-01 6.027927966487106604e-01
6.602701544761657715e-01 5.988862964756737073e-01 6.553955078125000000e-01 6.012608497631970472e-01
6.543210148811340332e-01 6.009280686302547192e-01 6.541432142257690430e-01 6.045345355364107887e-01
6.569153666496276855e-01 5.994370048834015696e-01 6.616572737693786621e-01 5.972803846278436080e-01
6.604043841361999512e-01 5.958419989165946173e-01 6.620747447013854980e-01 5.984117441599365872e-01
6.597334146499633789e-01 5.944531466521950636e-01 6.583176851272583008e-01 6.021379252436563911e-01
6.637591719627380371e-01 5.966064377640714067e-01 6.568565964698791504e-01 5.992282941654414330e-01
6.647432446479797363e-01 5.899442356032492674e-01 6.587351560592651367e-01 6.005936248445281622e-01
6.640275716781616211e-01 5.907170369215996031e-01 6.545606255531311035e-01 5.998098198965928773e-01
6.583467721939086914e-01 5.944909501276239849e-01 6.368190646171569824e-01 6.201972021137939217e-01
6.584362387657165527e-01 5.919476202869909942e-01 6.601961851119995117e-01 5.955470637672009016e-01
6.626856327056884766e-01 5.908622064068314028e-01 6.610311269760131836e-01 5.959033450386613806e-01
6.649668812751770020e-01 5.875561413621620543e-01 6.628052592277526855e-01 5.901507090561775026e-01
6.683217287063598633e-01 5.844340565849190927e-01 6.534126400947570801e-01 6.037394142404673980e-01
6.664429903030395508e-01 5.866422573426772757e-01 6.623877882957458496e-01 5.911340290632707273e-01
6.670692563056945801e-01 5.831202032165506699e-01 6.637445092201232910e-01 5.895446523622788204e-01
6.679190993309020996e-01 5.838611101843970141e-01 6.671884655952453613e-01 5.908545510576304061e-01
6.714528799057006836e-01 5.807251898776143451e-01 6.596744060516357422e-01 5.946748795625785844e-01
6.680085659027099609e-01 5.815448256015862682e-01 6.737633347511291504e-01 5.831186696995874774e-01
6.723027229309082031e-01 5.788951175736279930e-01 6.503861546516418457e-01 6.016940085108108960e-01
6.691715717315673828e-01 5.803711960153175031e-01 6.614485383033752441e-01 5.905031935577973456e-01
6.706476807594299316e-01 5.823083178134057514e-01 6.646837592124938965e-01 5.897214228811803460e-01
6.714975833892822266e-01 5.783209297456091136e-01 6.554998755455017090e-01 6.010312862496762776e-01
6.731973290443420410e-01 5.760962800575211151e-01 6.635357737541198730e-01 5.969817232075426139e-01
6.700214743614196777e-01 5.764621851439551969e-01 6.694844365119934082e-01 5.927248701524744368e-01
6.748076677322387695e-01 5.762384596483548505e-01 6.721978783607482910e-01 5.839399676734982059e-01
6.753444075584411621e-01 5.725278362517153274e-01 6.699019074440002441e-01 5.803347476910658553e-01
6.752549409866333008e-01 5.716739065277275378e-01 6.783552765846252441e-01 5.804400897752614030e-01
6.769099831581115723e-01 5.701442351919697726e-01 6.641619801521301270e-01 5.897365402165147819e-01
6.794596314430236816e-01 5.689983884514838719e-01 6.609267592430114746e-01 5.967324394518884745e-01
6.755233407020568848e-01 5.715329413828642569e-01 6.703193783760070801e-01 5.765445043413157666e-01
6.757469773292541504e-01 5.740456505823400279e-01 6.740763783454895020e-01 5.825189868335409749e-01
6.775809526443481445e-01 5.675558721279070351e-01 6.695888042449951172e-01 5.802593217516114343e-01
6.757022738456726074e-01 5.696434230492183337e-01 6.726153492927551270e-01 5.797760134772402818e-01
6.795938611030578613e-01 5.703114845454533288e-01 6.672928333282470703e-01 5.875109290061477640e-01
6.793254613876342773e-01 5.656480023143841684e-01 6.624921560287475586e-01 5.910097462004795243e-01
6.804884672164916992e-01 5.666981487053198707e-01 6.701106429100036621e-01 5.815291680291410081e-01
6.778940558433532715e-01 5.687236710276409868e-01 6.761636137962341309e-01 5.783505821198169361e-01
6.836643218994140625e-01 5.670927549159298087e-01 6.694844365119934082e-01 5.822459750920938593e-01
6.741366982460021973e-01 5.711289529916446783e-01 6.675015687942504883e-01 5.811002836598655463e-01
6.850062608718872070e-01 5.632517016366974660e-01 6.771029233932495117e-01 5.744263549309835959e-01
6.809357404708862305e-01 5.636298878927907818e-01 6.737633347511291504e-01 5.775868625935470790e-01
6.783860921859741211e-01 5.690297637008814302e-01 6.761636137962341309e-01 5.740982010428727911e-01
6.837090849876403809e-01 5.622065217182704577e-01 6.636401414871215820e-01 5.905449971901900463e-01
6.798622012138366699e-01 5.671610700612760292e-01 6.731371283531188965e-01 5.852520936616799618e-01
6.868402361869812012e-01 5.610684736254049065e-01 6.652055978775024414e-01 5.787496989640730227e-01
6.762390136718750000e-01 5.655371045187518320e-01 6.728240251541137695e-01 5.833904195045832575e-01
6.824566125869750977e-01 5.628646197419704400e-01 6.815904974937438965e-01 5.726601369966671795e-01
6.866165399551391602e-01 5.557487992422165402e-01 6.738676428794860840e-01 5.752011889879898865e-01
6.836643218994140625e-01 5.586657650484810889e-01 6.823210120201110840e-01 5.720110250599224067e-01
6.845589280128479004e-01 5.564915071469680452e-01 6.755374670028686523e-01 5.720259163181111717e-01
6.853641271591186523e-01 5.592852725520247592e-01 6.725109815597534180e-01 5.741431367369937977e-01
6.861692667007446289e-01 5.538381178256628345e-01 6.844082474708557129e-01 5.694759261058233157e-01
6.810252070426940918e-01 5.646696515044067333e-01 6.740763783454895020e-01 5.761690289435270618e-01
