4.972266852855682373e-01 4.604297185927432423e+01 5.009392499923706055e-01 7.134003820112766459e-01
5.024154782295227051e-01 7.140537129038880826e-01 5.009392499923706055e-01 6.964555394174261060e-01
5.008499026298522949e-01 7.032072233437084430e-01 4.990607500076293945e-01 6.936201040666651885e-01
4.998210668563842773e-01 7.013599947134909751e-01 5.009392499923706055e-01 7.065705986068732125e-01
5.015208721160888672e-01 7.059549530923078242e-01 4.990607500076293945e-01 6.937856615597408627e-01
5.024154782295227051e-01 7.047751001263159454e-01 5.009392499923706055e-01 7.167821669847277422e-01
4.973161518573760986e-01 6.993715009528934656e-01 5.009392499923706055e-01 6.960102161343971749e-01
4.944534003734588623e-01 6.962518355120783653e-01 4.990607500076293945e-01 6.935669921728893073e-01
5.006262063980102539e-01 6.955769244514140581e-01 5.009392499923706055e-01 6.937261471616975594e-01
5.025944113731384277e-01 6.968718350818788876e-01 4.990607500076293945e-01 6.943046549893798769e-01
4.944981336593627930e-01 6.976086993958873217e-01 4.990607500076293945e-01 6.948342431539584751e-01
5.037573575973510742e-01 6.945538258249676078e-01 4.990607500076293945e-01 6.944973639470504168e-01
5.031311511993408203e-01 6.950409695636737828e-01 4.990607500076293945e-01 6.933605619050147162e-01
4.983449578285217285e-01 6.958562472592229042e-01 5.009392499923706055e-01 6.933244519033653352e-01
5.036231875419616699e-01 6.945183484130691420e-01 4.990607500076293945e-01 6.945565814788793313e-01
4.971819519996643066e-01 6.943275468318316213e-01 4.990607500076293945e-01 6.932772837409741928e-01
5.021023154258728027e-01 6.959921791443011152e-01 5.009392499923706055e-01 6.961381546616479676e-01
4.983896911144256592e-01 6.948445852060056716e-01 4.990607500076293945e-01 6.932090496598890539e-01
4.937824308872222900e-01 6.945360574766654693e-01 4.990607500076293945e-01 6.936785239462711639e-01
5.028627514839172363e-01 6.948126728535978236e-01 4.990607500076293945e-01 6.946598595827413458e-01
5.000447034835815430e-01 6.951046308329588141e-01 5.009392499923706055e-01 6.934851816690333903e-01
5.021917819976806641e-01 6.951327016878733334e-01 4.990607500076293945e-01 6.935010048298565488e-01
5.036678910255432129e-01 6.951309161933595382e-01 4.990607500076293945e-01 6.931933753551657862e-01
4.978081881999969482e-01 6.966379502203964291e-01 4.990607500076293945e-01 6.931679101757654005e-01
5.001789331436157227e-01 6.953573033578879237e-01 5.009392499923706055e-01 6.932242205286792691e-01
4.991501271724700928e-01 6.962260957544019746e-01 5.009392499923706055e-01 6.948903273177580164e-01
5.023260116577148438e-01 6.951269131053174899e-01 5.009392499923706055e-01 6.937673456781817682e-01
4.938718974590301514e-01 6.953351337040744040e-01 5.009392499923706055e-01 6.941789114955471129e-01
4.987475275993347168e-01 6.959520880086922379e-01 5.009392499923706055e-01 6.937801404353647339e-01
5.012971758842468262e-01 6.960710287520701645e-01 5.009392499923706055e-01 6.932913329700317595e-01
5.019234418869018555e-01 6.956903192220166288e-01 4.990607500076293945e-01 6.932416945303986333e-01
4.955269396305084229e-01 6.966027416426160412e-01 5.009392499923706055e-01 6.931642731603065988e-01
4.989264607429504395e-01 6.969150901587283231e-01 4.990607500076293945e-01 6.932331826114077611e-01
4.970925152301788330e-01 6.977384137347977244e-01 4.990607500076293945e-01 6.939281039585327715e-01
4.969583153724670410e-01 6.965258388959523206e-01 5.009392499923706055e-01 6.960513010524653765e-01
4.941402673721313477e-01 6.967624890119621384e-01 4.990607500076293945e-01 6.945208550693844352e-01
4.967793822288513184e-01 6.966641823429394753e-01 5.009392499923706055e-01 6.933290126353061078e-01
4.929325580596923828e-01 6.979064657407021421e-01 5.009392499923706055e-01 6.956127768293399738e-01
5.050992965698242188e-01 6.962435786637494184e-01 4.990607500076293945e-01 6.961481920166469051e-01
5.003131031990051270e-01 6.986495631712453802e-01 5.009392499923706055e-01 6.934131656352923168e-01
5.013419389724731445e-01 6.973549970084896854e-01 4.990607500076293945e-01 6.987084664996893180e-01
5.004920363426208496e-01 6.985973353291223820e-01 4.990607500076293945e-01 6.932553885824569440e-01
5.023260116577148438e-01 6.961105744662534622e-01 4.990607500076293945e-01 6.948075992805776702e-01
5.022812485694885254e-01 6.995026422306258596e-01 4.990607500076293945e-01 6.951431928385625181e-01
5.021023154258728027e-01 6.978235401841049734e-01 4.990607500076293945e-01 6.949525292371065976e-01
4.986580908298492432e-01 6.991570865047875838e-01 4.990607500076293945e-01 6.951808444992333413e-01
4.983449578285217285e-01 6.984576988911282980e-01 5.009392499923706055e-01 7.016410055301851578e-01
5.016102790832519531e-01 6.966172572772560967e-01 5.009392499923706055e-01 6.931479616419952139e-01
4.982107579708099365e-01 7.015658523597451124e-01 4.990607500076293945e-01 7.560952621918584082e-01
4.992842972278594971e-01 7.068644308152320921e-01 5.009392499923706055e-01 6.985467013101491762e-01
5.027732849121093750e-01 6.984753948798821943e-01 4.990607500076293945e-01 7.180669933862313670e-01
4.940508008003234863e-01 7.055179079160385225e-01 5.009392499923706055e-01 7.079749169441236223e-01
4.995079636573791504e-01 7.072789828793096811e-01 4.990607500076293945e-01 6.935473821949943440e-01
4.985686242580413818e-01 6.998651741356815004e-01 4.990607500076293945e-01 7.068814016961025848e-01
5.008499026298522949e-01 7.032563839195068445e-01 4.990607500076293945e-01 6.958015516689589619e-01
4.983896911144256592e-01 6.980206236512529472e-01 4.990607500076293945e-01 6.939608122157393533e-01
4.985238909721374512e-01 6.966466321930686600e-01 5.009392499923706055e-01 6.931863002303347843e-01
5.023707151412963867e-01 7.024485178253138118e-01 4.990607500076293945e-01 6.994821966702144955e-01
5.058597326278686523e-01 6.980866936243248499e-01 5.009392499923706055e-01 7.008894850007927335e-01
4.969583153724670410e-01 7.024456101019281862e-01 5.009392499923706055e-01 7.014113295628168210e-01
5.011630058288574219e-01 7.103618731927863195e-01 4.990607500076293945e-01 6.967544995327629165e-01
4.964662790298461914e-01 2.500506224796925192e+00 5.009392499923706055e-01 4.289627580716350508e+01
5.003131031990051270e-01 2.576067982150395252e+01 5.009392499923706055e-01 1.027594051152573407e+00
4.966899156570434570e-01 7.230644329307884810e-01 5.009392499923706055e-01 6.992657006570676126e-01
4.961084127426147461e-01 7.004042275797853767e-01 5.009392499923706055e-01 6.970782073945945845e-01
5.034442543983459473e-01 6.960722699982682116e-01 5.009392499923706055e-01 6.934515343307577906e-01
5.061281323432922363e-01 6.954402666672928612e-01 5.009392499923706055e-01 6.932693079154393923e-01
4.948112368583679199e-01 6.973351738089886842e-01 5.009392499923706055e-01 6.934528604501275506e-01
4.991501271724700928e-01 6.961617640315110878e-01 4.990607500076293945e-01 6.932098893998833722e-01
5.010735392570495605e-01 6.955172793236843454e-01 4.990607500076293945e-01 6.932229442602406699e-01
4.976292848587036133e-01 6.980992697884516041e-01 4.990607500076293945e-01 6.933812010240962831e-01
4.988369941711425781e-01 6.970719500674952274e-01 5.009392499923706055e-01 6.933438963667133415e-01
5.007156729698181152e-01 6.969947386756312202e-01 5.009392499923706055e-01 6.931470966219678287e-01
4.994632303714752197e-01 6.980879053081546770e-01 4.990607500076293945e-01 6.940561668829539066e-01
5.043388605117797852e-01 6.970856159013634201e-01 4.990607500076293945e-01 6.939578212593920936e-01
4.957505762577056885e-01 6.979233591516876833e-01 4.990607500076293945e-01 6.931784657216774059e-01
4.933351278305053711e-01 6.977780806098988764e-01 4.990607500076293945e-01 6.952663755347200381e-01
4.972714185714721680e-01 6.990965505920938572e-01 5.009392499923706055e-01 6.931668117011023922e-01
4.905618131160736084e-01 7.013085134917965702e-01 4.990607500076293945e-01 6.933495223186280088e-01
5.035784840583801270e-01 6.971476598254340296e-01 5.009392499923706055e-01 6.948093136574624573e-01
4.967346489429473877e-01 6.977331866772662483e-01 4.990607500076293945e-01 6.945212195397816313e-01
5.007604360580444336e-01 6.985454329823227448e-01 4.990607500076293945e-01 6.937679753525474169e-01
5.012524724006652832e-01 7.002523885278331139e-01 4.990607500076293945e-01 6.967870605636354853e-01
4.971819519996643066e-01 6.993891357906305561e-01 5.009392499923706055e-01 6.950548029821767004e-01
5.031311511993408203e-01 6.989954945588500168e-01 5.009392499923706055e-01 7.026969719171971551e-01
5.022812485694885254e-01 6.999945709244214109e-01 5.009392499923706055e-01 6.934487756595958396e-01
4.996421635150909424e-01 7.008296278385169886e-01 5.009392499923706055e-01 6.941439053306149853e-01
4.950349032878875732e-01 6.994997173371778620e-01 5.009392499923706055e-01 7.674143224413423336e-01
4.970925152301788330e-01 7.014147131957911840e-01 4.990607500076293945e-01 6.941247627098657835e-01
5.016102790832519531e-01 7.001289517556561481e-01 5.009392499923706055e-01 7.080347309453929316e-01
4.992842972278594971e-01 7.017191184358363421e-01 4.990607500076293945e-01 6.935924527242521842e-01
4.949901700019836426e-01 6.981041786452699682e-01 5.009392499923706055e-01 6.978027569279743325e-01
5.013866424560546875e-01 6.987604930887582055e-01 5.009392499923706055e-01 6.976466794099570601e-01
5.006262063980102539e-01 6.979014640589010776e-01 5.009392499923706055e-01 6.933120568867043865e-01
4.999552667140960693e-01 6.976208984051989193e-01 4.990607500076293945e-01 6.931627753681142146e-01
5.004920363426208496e-01 7.010070989993203439e-01 4.990607500076293945e-01 6.934560814522870986e-01
4.980318546295166016e-01 6.987900241988143080e-01 5.009392499923706055e-01 6.931459131008945729e-01
5.040705204010009766e-01 6.995350108161171310e-01 4.990607500076293945e-01 6.945691860386484784e-01
5.052334666252136230e-01 7.015095907580897183e-01 5.009392499923706055e-01 7.014374269918618454e-01
5.004025697708129883e-01 7.055123084601189198e-01 5.009392499923706055e-01 7.280146035464316601e-01
