5.698246359825134277e-01 6.830728789159918879e-01 5.731580257415771484e-01 6.726432793873432514e-01
5.831544399261474609e-01 6.706374101187466685e-01 5.766019821166992188e-01 6.718970783392289592e-01
5.884326100349426270e-01 6.681772815688477030e-01 5.910039544105529785e-01 6.665677796746812822e-01
5.905796885490417480e-01 6.667324234833975627e-01 5.924650430679321289e-01 6.676913112296214425e-01
5.912506580352783203e-01 6.662806060280478393e-01 5.815069675445556641e-01 6.703494381516443834e-01
5.935319662094116211e-01 6.645125619177956189e-01 5.886036157608032227e-01 6.662070090823968282e-01
5.984075665473937988e-01 6.610296882740989144e-01 5.985180735588073730e-01 6.653401951679380755e-01
6.027017235755920410e-01 6.600391910634542114e-01 6.045710444450378418e-01 6.594836707280389287e-01
5.996600389480590820e-01 6.602079881327505007e-01 5.985180735588073730e-01 6.619259390868814652e-01
6.031937599182128906e-01 6.592262712227122678e-01 5.863076448440551758e-01 6.707611674307980554e-01
6.061907410621643066e-01 6.589209463605302242e-01 5.827593207359313965e-01 6.691960294419354582e-01
6.032385230064392090e-01 6.586441099483737460e-01 6.001878380775451660e-01 6.648755972157985861e-01
6.070853471755981445e-01 6.558199142872231935e-01 6.083281040191650391e-01 6.566004822782175454e-01
6.064591407775878906e-01 6.562985610846735485e-01 5.998747944831848145e-01 6.583041706231510526e-01
6.068169474601745605e-01 6.561427252261492482e-01 6.033187508583068848e-01 6.548347625795124527e-01
6.065933108329772949e-01 6.545838535013299708e-01 6.058233976364135742e-01 6.549769519291549491e-01
6.088298559188842773e-01 6.532896225493801667e-01 6.040492653846740723e-01 6.552292144738963708e-01
6.087403893470764160e-01 6.550459152877085023e-01 6.103109717369079590e-01 6.490084991104740908e-01
6.103059649467468262e-01 6.509280607576211075e-01 6.086412072181701660e-01 6.540741309495590183e-01
6.069511771202087402e-01 6.525165908749147592e-01 6.090586781501770020e-01 6.552737416939405923e-01
6.100823283195495605e-01 6.507021302527616902e-01 6.024838089942932129e-01 6.541041096972165514e-01
6.151816248893737793e-01 6.497427116866870689e-01 6.114589571952819824e-01 6.484325484850291810e-01
6.112900376319885254e-01 6.513862029280553800e-01 6.140680313110351562e-01 6.463883363536244708e-01
6.125872135162353516e-01 6.481361655136151922e-01 6.144855022430419922e-01 6.467771031144415872e-01
6.125872135162353516e-01 6.463717752885980161e-01 6.022750735282897949e-01 6.488492030784894782e-01
6.154052615165710449e-01 6.475095885941926088e-01 6.169902086257934570e-01 6.460081673295481330e-01
6.136607527732849121e-01 6.444697679208928331e-01 6.044667363166809082e-01 6.488714012117332564e-01
6.205493211746215820e-01 6.426154666007535265e-01 6.137549281120300293e-01 6.453988185956019974e-01
6.183574795722961426e-01 6.440005986138945815e-01 6.060321331024169922e-01 6.490379729168421763e-01
6.182233095169067383e-01 6.403361401290880162e-01 6.256522536277770996e-01 6.407363706504942691e-01
6.228305697441101074e-01 6.392521752315506456e-01 6.158422231674194336e-01 6.429106579446961511e-01
6.174181699752807617e-01 6.396924948240141351e-01 6.177207231521606445e-01 6.454428542857129081e-01
6.213991641998291016e-01 6.389630620862231103e-01 6.191818118095397949e-01 6.370218086904534394e-01
6.246197819709777832e-01 6.336772643532260219e-01 6.292005777359008789e-01 6.325423438945659838e-01
6.256038546562194824e-01 6.339801854493473110e-01 6.184512376785278320e-01 6.393345548250162214e-01
6.250671148300170898e-01 6.353703351092478968e-01 6.193905472755432129e-01 6.356020971768784333e-01
6.270352602005004883e-01 6.307765640135761798e-01 6.219995617866516113e-01 6.385447397358455790e-01
6.249328851699829102e-01 6.306051677487835017e-01 6.020663976669311523e-01 6.470788703833659783e-01
6.226069331169128418e-01 6.346960276775868159e-01 6.140680313110351562e-01 6.376922277014829277e-01
6.267221570014953613e-01 6.300907040307807128e-01 6.292005777359008789e-01 6.329474876753549140e-01
6.303900480270385742e-01 6.262917962371182812e-01 6.237737536430358887e-01 6.358900105398349600e-01
6.306584477424621582e-01 6.259157983214596044e-01 6.241911649703979492e-01 6.271318642885593819e-01
6.311504840850830078e-01 6.220565190104513364e-01 6.246086359024047852e-01 6.340812404751404729e-01
6.275720000267028809e-01 6.221570035365724394e-01 6.268002390861511230e-01 6.264566377293613320e-01
6.370549201965332031e-01 6.207254313786995104e-01 6.188687086105346680e-01 6.270624668283170111e-01
6.333422660827636719e-01 6.191745477320790281e-01 6.256522536277770996e-01 6.240334476714989309e-01
6.355341076850891113e-01 6.165960995364773156e-01 6.275308132171630859e-01 6.190375023335062954e-01
6.382626295089721680e-01 6.173353897136703017e-01 6.251304745674133301e-01 6.244846136528672265e-01
6.370996832847595215e-01 6.179761872839301118e-01 6.393237113952636719e-01 6.168202243650464656e-01
6.441671252250671387e-01 6.122133080872723676e-01 6.397411823272705078e-01 6.172026220628996640e-01
6.419305801391601562e-01 6.132040712099251500e-01 6.294093132019042969e-01 6.265812473913195957e-01
6.400071382522583008e-01 6.127567848273649531e-01 6.357753872871398926e-01 6.192926585462789069e-01
6.444355249404907227e-01 6.065742116982021370e-01 6.444374918937683105e-01 6.162796712349660755e-01
6.462247371673583984e-01 6.069395337383783895e-01 6.356710791587829590e-01 6.196753909806322902e-01
6.472088098526000977e-01 6.051892014858568647e-01 6.407848000526428223e-01 6.167872086543674248e-01
6.456879377365112305e-01 6.103448702282716631e-01 6.322270631790161133e-01 6.168325037305326664e-01
6.453301310539245605e-01 6.081994325749070507e-01 6.359841227531433105e-01 6.196829689193483759e-01
6.474772095680236816e-01 6.029554834240428152e-01 6.375495791435241699e-01 6.145822703029686362e-01
6.502951979637145996e-01 6.031648817184381839e-01 6.400542855262756348e-01 6.106192074596347164e-01
6.467167735099792480e-01 6.031723519966157854e-01 6.385931968688964844e-01 6.155437921288365866e-01
6.530237793922424316e-01 6.001709892873923202e-01 6.372364759445190430e-01 6.093190899474514310e-01
6.481481194496154785e-01 6.038022701355058031e-01 6.269046068191528320e-01 6.258524775977822863e-01
6.515476703643798828e-01 6.006414193568705429e-01 6.356710791587829590e-01 6.204860628186176230e-01
6.560207605361938477e-01 5.979615497363021115e-01 6.453767418861389160e-01 6.070627849576269996e-01
6.508767008781433105e-01 5.984108054396888310e-01 6.412022709846496582e-01 6.064269724207714818e-01
6.505635976791381836e-01 6.000485118311235100e-01 6.452723741531372070e-01 6.176532526848287352e-01
6.581678390502929688e-01 5.934628994205937147e-01 6.440200209617614746e-01 5.976514307448869134e-01
6.600018143653869629e-01 5.918287056719687689e-01 6.429764032363891602e-01 6.049046281159882188e-01
6.575863361358642578e-01 5.958120448364514488e-01 6.452723741531372070e-01 6.048809417078874207e-01
6.556628942489624023e-01 5.925567364581775243e-01 6.468378305435180664e-01 6.081680014272294876e-01
6.526659727096557617e-01 5.985991365795677588e-01 6.489250659942626953e-01 6.074273798142761915e-01
6.604490876197814941e-01 5.891322897636179778e-01 6.506991982460021973e-01 5.994093851191194533e-01
6.607174873352050781e-01 5.850992133332015843e-01 6.421415209770202637e-01 6.025865815348178112e-01
6.616567969322204590e-01 5.859469296595644083e-01 6.559173464775085449e-01 5.992121322621285495e-01
6.562443971633911133e-01 5.922085302932720285e-01 6.385931968688964844e-01 6.111115255900251286e-01
6.618357300758361816e-01 5.875928536321421980e-01 6.566478610038757324e-01 5.993542369883534393e-01
6.591519117355346680e-01 5.898756941543492616e-01 6.447505950927734375e-01 6.075492405214629743e-01
6.638038754463195801e-01 5.836063726555364983e-01 6.499686837196350098e-01 6.093594057155387045e-01
6.646090745925903320e-01 5.838230643871326064e-01 6.570653319358825684e-01 6.051930742009002939e-01
6.646537780761718750e-01 5.835689276398177139e-01 6.545606255531311035e-01 5.945728526959411786e-01
6.671139597892761230e-01 5.801817291771327323e-01 6.563348174095153809e-01 6.031550847396699444e-01
6.698425412178039551e-01 5.794686515848715969e-01 6.423502564430236816e-01 6.454695978360742714e-01
6.658167839050292969e-01 5.827727470420984712e-01 6.558129787445068359e-01 6.051943762967740836e-01
6.739130616188049316e-01 5.746444804678237928e-01 6.634314060211181641e-01 5.949079873441928124e-01
6.465825438499450684e-01 6.089622570526026513e-01 6.546649932861328125e-01 5.983211619076164167e-01
6.715870499610900879e-01 5.811616354241185833e-01 6.663535833358764648e-01 5.888885533702669095e-01
6.728842258453369141e-01 5.751244065948837303e-01 6.388019323348999023e-01 6.243137958352835692e-01
6.687690019607543945e-01 5.791518493359023578e-01 6.517428755760192871e-01 6.216880480946043175e-01
6.733762621879577637e-01 5.776638347361591208e-01 6.569609642028808594e-01 5.982873022145752673e-01
6.723474860191345215e-01 5.739748593753726258e-01 6.603005528450012207e-01 5.930036237209481698e-01
6.743156313896179199e-01 5.707077314994868367e-01 6.619703769683837891e-01 5.972643851039554086e-01
6.723027229309082031e-01 5.744399833943681921e-01 6.628052592277526855e-01 5.958437099757361022e-01
6.709608435630798340e-01 5.796770964609017085e-01 6.549780964851379395e-01 6.023630371573472919e-01
6.752549409866333008e-01 5.766055585126966809e-01 6.618660092353820801e-01 5.877893032745985513e-01
6.759706735610961914e-01 5.688304106287803696e-01 6.583176851272583008e-01 5.990935414998422859e-01
6.757022738456726074e-01 5.713093799466757439e-01 6.609267592430114746e-01 5.897212132012215058e-01
6.743156313896179199e-01 5.689240952343479485e-01 6.689626574516296387e-01 5.886726148490292188e-01
6.689479351043701172e-01 5.805414718109030980e-01 6.440200209617614746e-01 6.144495001667303891e-01
6.762390136718750000e-01 5.711438219136469874e-01 6.672928333282470703e-01 5.843639206946008580e-01
6.743156313896179199e-01 5.755727077281246329e-01 6.320183873176574707e-01 6.395725833053406140e-01
