5.288065671920776367e-01 6.921192502949868874e-01 5.726361870765686035e-01 6.817329071603670521e-01
5.690194964408874512e-01 6.804952093453884299e-01 5.656439065933227539e-01 6.789750346956310301e-01
5.710771083831787109e-01 6.760113176686922687e-01 5.847422480583190918e-01 6.708809173174328233e-01
5.808731317520141602e-01 6.731619023107889843e-01 5.936130285263061523e-01 6.678365451934764607e-01
5.811862349510192871e-01 6.689677970698191256e-01 5.945522785186767578e-01 6.663982738435355602e-01
5.887010097503662109e-01 6.676003239005083856e-01 5.994573235511779785e-01 6.651700162185902876e-01
5.887010097503662109e-01 6.664204596833266381e-01 5.963264703750610352e-01 6.645103378376515657e-01
5.886563062667846680e-01 6.650346239642479507e-01 5.959089994430541992e-01 6.630584645982924297e-01
5.904902219772338867e-01 6.638039167184568434e-01 5.965351462364196777e-01 6.617654819275535782e-01
5.931293368339538574e-01 6.647276295108047739e-01 6.013358235359191895e-01 6.617737641490791800e-01
5.931293368339538574e-01 6.634244170912392269e-01 6.014401912689208984e-01 6.610969012053817817e-01
5.941581726074218750e-01 6.641764387629671695e-01 6.000834703445434570e-01 6.606957768751967608e-01
5.977813601493835449e-01 6.618156580384078058e-01 6.031100153923034668e-01 6.598524395893521355e-01
6.018965840339660645e-01 6.595491367432401164e-01 6.070757508277893066e-01 6.603905883295205781e-01
5.959921479225158691e-01 6.604969274018697156e-01 6.084324717521667480e-01 6.591945225126034646e-01
6.012256145477294922e-01 6.599929004369043950e-01 6.070757508277893066e-01 6.587955190677081685e-01
5.982286930084228516e-01 6.591145882006727019e-01 6.053016185760498047e-01 6.571154808903556521e-01
5.998836755752563477e-01 6.588949740924825438e-01 6.040492653846740723e-01 6.572081432713767768e-01
5.990338325500488281e-01 6.587572262333637463e-01 6.096848249435424805e-01 6.575925860766254072e-01
5.999731421470642090e-01 6.576928868983124010e-01 6.083281040191650391e-01 6.564304245038312668e-01
5.989443659782409668e-01 6.584547294084149849e-01 6.084324717521667480e-01 6.561487883646636154e-01
6.001520752906799316e-01 6.579039803790927010e-01 6.086412072181701660e-01 6.557857361001078189e-01
6.040883660316467285e-01 6.572114040438231664e-01 6.128156781196594238e-01 6.547879249983404870e-01
6.062802076339721680e-01 6.568099945532995809e-01 6.059277653694152832e-01 6.589133590428720710e-01
6.033726930618286133e-01 6.551345379136290781e-01 6.096848249435424805e-01 6.546305390893231158e-01
6.018518805503845215e-01 6.561808897954531927e-01 6.134418845176696777e-01 6.547395087462878349e-01
6.035516262054443359e-01 6.563196072191943564e-01 6.095804572105407715e-01 6.564530174882993174e-01
6.008677482604980469e-01 6.571013306671316112e-01 6.121895313262939453e-01 6.541298949079009661e-01
6.053408384323120117e-01 6.560469005269555787e-01 6.162596344947814941e-01 6.533422720902549719e-01
6.025227904319763184e-01 6.557573969280129367e-01 6.075975894927978516e-01 6.536198840014896261e-01
6.092324256896972656e-01 6.528940105890412848e-01 6.134418845176696777e-01 6.521660346398645558e-01
6.027911901473999023e-01 6.552556404425006198e-01 6.114589571952819824e-01 6.529467083720568166e-01
6.050724387168884277e-01 6.543476793586429086e-01 6.143811345100402832e-01 6.514991832859355902e-01
6.064143776893615723e-01 6.539520224042091323e-01 6.122938990592956543e-01 6.525204162760881443e-01
6.058776378631591797e-01 6.531205340369397039e-01 6.147986054420471191e-01 6.511714571553912645e-01
6.074432134628295898e-01 6.533762699142724450e-01 6.152160167694091797e-01 6.511132751096392335e-01
6.106638312339782715e-01 6.537001233639241349e-01 6.143811345100402832e-01 6.508886013665992065e-01
6.068169474601745605e-01 6.530977322048951983e-01 6.130244135856628418e-01 6.517921972936638886e-01
6.057881712913513184e-01 6.526418174394534866e-01 6.170945763587951660e-01 6.499288947889287904e-01
6.077563166618347168e-01 6.532970222170098040e-01 6.111459136009216309e-01 6.494322383834235657e-01
6.088298559188842773e-01 6.504825067170341146e-01 6.138592958450317383e-01 6.485330182285304890e-01
6.048488020896911621e-01 6.519737132633494081e-01 6.112502813339233398e-01 6.492098745038727969e-01
6.103506684303283691e-01 6.497972740707254058e-01 6.154247522354125977e-01 6.493425189117577601e-01
6.113795042037963867e-01 6.508793116234393716e-01 6.174076199531555176e-01 6.486300177898618458e-01
6.097691655158996582e-01 6.513012838952335626e-01 6.134418845176696777e-01 6.498313659517881424e-01
6.100375652313232422e-01 6.510257245197900167e-01 6.153203845024108887e-01 6.483656228322670634e-01
6.091429591178894043e-01 6.501883379695112541e-01 6.166771054267883301e-01 6.475268296074753183e-01
6.121846437454223633e-01 6.491730277046446895e-01 6.183469295501708984e-01 6.472805344195038391e-01
6.116926074028015137e-01 6.495746905549009131e-01 6.174076199531555176e-01 6.465634555464322419e-01
6.110664010047912598e-01 6.483961030224990596e-01 6.169902086257934570e-01 6.472886733460391229e-01
6.081588864326477051e-01 6.488450284208119312e-01 6.174076199531555176e-01 6.465464396582244477e-01
6.142870187759399414e-01 6.491818975668556257e-01 6.174076199531555176e-01 6.457237997151595854e-01
6.118715405464172363e-01 6.493561663404093798e-01 6.138592958450317383e-01 6.482689430160777366e-01
6.122741103172302246e-01 6.487521602250442276e-01 6.150072813034057617e-01 6.461941385239307056e-01
6.133029460906982422e-01 6.485314232907625209e-01 6.178250908851623535e-01 6.472514500649829694e-01
6.095008254051208496e-01 6.496616702404830468e-01 6.178250908851623535e-01 6.462424214337618711e-01
6.108874678611755371e-01 6.491162411683274458e-01 6.170945763587951660e-01 6.455401438334071873e-01
6.107532382011413574e-01 6.491088419166185508e-01 6.218951940536499023e-01 6.445001700406680634e-01
6.159420013427734375e-01 6.465256422742104991e-01 6.203297972679138184e-01 6.437317701999391018e-01
6.141527891159057617e-01 6.464123544059087179e-01 6.192861795425415039e-01 6.451027150617912875e-01
6.158078312873840332e-01 6.463494654801519301e-01 6.175119876861572266e-01 6.442667546314079230e-01
6.139738559722900391e-01 6.468865903849934096e-01 6.171989440917968750e-01 6.434114449359110699e-01
6.145553588867187500e-01 6.454369453181731942e-01 6.169902086257934570e-01 6.438202085885144088e-01
6.152263283729553223e-01 6.463055027087913906e-01 6.206429004669189453e-01 6.429429328334627103e-01
6.131687164306640625e-01 6.459109479123864572e-01 6.192861795425415039e-01 6.430050683429608949e-01
6.132581830024719238e-01 6.447941999056616691e-01 6.161552667617797852e-01 6.434001288989271705e-01
6.154947280883789062e-01 6.461538157025397133e-01 6.156334877014160156e-01 6.438004386323002981e-01
6.106638312339782715e-01 6.461744412345223898e-01 6.201210618019104004e-01 6.425893594242789719e-01
6.169708371162414551e-01 6.450388894607521628e-01 6.213734149932861328e-01 6.428589717601839171e-01
6.157631278038024902e-01 6.443895439509522705e-01 6.235650181770324707e-01 6.408076384226282229e-01
6.149132251739501953e-01 6.444354211629279572e-01 6.152160167694091797e-01 6.438804337262261646e-01
6.160314679145812988e-01 6.445983555091261419e-01 6.193905472755432129e-01 6.436826576397329802e-01
6.164788007736206055e-01 6.438720607868481105e-01 6.164683699607849121e-01 6.420490735011616934e-01
6.133029460906982422e-01 6.428905997533963523e-01 6.192861795425415039e-01 6.431115749633230516e-01
6.151816248893737793e-01 6.442555974049822831e-01 6.184512376785278320e-01 6.440550531407434054e-01
6.184917092323303223e-01 6.427361471513490798e-01 6.181381940841674805e-01 6.416968207622066878e-01
6.175970435142517090e-01 6.428344819643433405e-01 6.218951940536499023e-01 6.422371956630779088e-01
6.167024374008178711e-01 6.431845090303508483e-01 6.171989440917968750e-01 6.403458286764924789e-01
6.174628734588623047e-01 6.435346107701321872e-01 6.261740922927856445e-01 6.402669200641430969e-01
6.136160492897033691e-01 6.424070207009184852e-01 6.211646795272827148e-01 6.403202427078005243e-01
6.179549098014831543e-01 6.437031450948170752e-01 6.249217391014099121e-01 6.399576974124108197e-01
6.200125217437744141e-01 6.411029622345325585e-01 6.234606504440307617e-01 6.399733291566060966e-01
6.153157949447631836e-01 6.412107868343032147e-01 6.210603117942810059e-01 6.393142059411168754e-01
6.197441220283508301e-01 6.407999753589428416e-01 6.201210618019104004e-01 6.403365904541907794e-01
6.162998676300048828e-01 6.402312423317350065e-01 6.169902086257934570e-01 6.414701284110185808e-01
6.168813705444335938e-01 6.413894642613019448e-01 6.203297972679138184e-01 6.392869050605788361e-01
6.196994185447692871e-01 6.410649932546337304e-01 6.231475472450256348e-01 6.391479392883748778e-01
6.182680130004882812e-01 6.386751368959125985e-01 6.223126649856567383e-01 6.394165324856259103e-01
6.209518909454345703e-01 6.395423835175774174e-01 6.214777827262878418e-01 6.400934269049550762e-01
6.230095028877258301e-01 6.399396446570660979e-01 6.209559440612792969e-01 6.371140232093148725e-01
6.183574795722961426e-01 6.394176295670014332e-01 6.233562827110290527e-01 6.371257576855854365e-01
6.209071278572082520e-01 6.409623792568629463e-01 6.251304745674133301e-01 6.372634091697737535e-01
6.208176612854003906e-01 6.385886298669517513e-01 6.264871358871459961e-01 6.398911931723250124e-01
6.181785464286804199e-01 6.399074692721016255e-01 6.227301359176635742e-01 6.368861172672503068e-01
6.196994185447692871e-01 6.378958790262604373e-01 6.219995617866516113e-01 6.367140294265906109e-01
6.183574795722961426e-01 6.390107588342273104e-01 6.229388713836669922e-01 6.399261802777047592e-01
6.218017339706420898e-01 6.392102739554565982e-01 6.249217391014099121e-01 6.372449040611958271e-01
6.205940246582031250e-01 6.391442070751288673e-01 6.260697245597839355e-01 6.360384598203303597e-01
6.202361583709716797e-01 6.378053057212952348e-01 6.203297972679138184e-01 6.364860081568164407e-01
6.171050071716308594e-01 6.359235597629413483e-01 6.209559440612792969e-01 6.355037709487750819e-01
