5.696457624435424805e-01 6.772049467942010681e-01 5.961177349090576172e-01 6.663157091064110249e-01
5.834227800369262695e-01 6.693144576944974888e-01 5.870382189750671387e-01 6.651866570740248008e-01
5.983180999755859375e-01 6.613635162501796394e-01 6.026925444602966309e-01 6.588359061971483799e-01
5.985864996910095215e-01 6.580511872895098424e-01 5.939261317253112793e-01 6.617453808427180562e-01
6.074879169464111328e-01 6.565427001526369377e-01 6.066583395004272461e-01 6.561372977436721321e-01
6.092771291732788086e-01 6.524003205881240275e-01 6.054059863090515137e-01 6.512943300716166339e-01
6.151816248893737793e-01 6.499381889424995506e-01 6.102066636085510254e-01 6.496683311746056511e-01
6.087850928306579590e-01 6.527292236571108353e-01 6.038405299186706543e-01 6.494844004844628760e-01
6.184022426605224609e-01 6.448327186048340431e-01 6.119807958602905273e-01 6.508967517388187796e-01
6.174628734588623047e-01 6.438676265169499535e-01 6.123982667922973633e-01 6.515973666669232500e-01
6.226516366004943848e-01 6.422434220866027887e-01 6.135462522506713867e-01 6.445535862901170532e-01
6.223832368850708008e-01 6.434814274300401093e-01 6.255478858947753906e-01 6.389867128795384543e-01
6.212202310562133789e-01 6.386026814193370704e-01 6.235650181770324707e-01 6.380029917012124407e-01
6.295401453971862793e-01 6.340860228436986379e-01 6.320183873176574707e-01 6.307142876279898669e-01
6.272141933441162109e-01 6.350650385510070439e-01 6.242955327033996582e-01 6.476128220035646255e-01
6.268116235733032227e-01 6.347694748905610140e-01 6.351492404937744141e-01 6.321095655791024726e-01
6.328949928283691406e-01 6.316367642229796520e-01 6.286787986755371094e-01 6.359864377423085635e-01
6.365628838539123535e-01 6.261497557344537501e-01 6.414110064506530762e-01 6.217754542815164820e-01
6.328949928283691406e-01 6.268557335379555395e-01 6.365059614181518555e-01 6.289494199982716971e-01
6.408570408821105957e-01 6.236595691882086401e-01 6.410979032516479492e-01 6.250356860385760660e-01
6.375022530555725098e-01 6.241396674104827680e-01 6.311834454536437988e-01 6.250438515638861992e-01
6.418858766555786133e-01 6.223693564147594337e-01 6.366103291511535645e-01 6.266657263818102841e-01
6.448827981948852539e-01 6.174006067825613675e-01 6.406804323196411133e-01 6.243407997127565778e-01
6.453748345375061035e-01 6.190706085041098872e-01 6.479858160018920898e-01 6.143020085789818729e-01
6.443012952804565430e-01 6.206510231328108418e-01 6.467334628105163574e-01 6.143513614985569582e-01
6.462247371673583984e-01 6.171723455430613292e-01 6.480901837348937988e-01 6.109749561086673664e-01
6.522634029388427734e-01 6.121928596735469741e-01 6.497599482536315918e-01 6.101099148943189832e-01
6.519055366516113281e-01 6.096173598655840742e-01 6.535170078277587891e-01 6.093813380476478248e-01
6.530685424804687500e-01 6.123650704498345698e-01 6.461072564125061035e-01 6.110250688972663768e-01
6.531580090522766113e-01 6.073032411528221930e-01 6.504905223846435547e-01 6.145438608260325175e-01
6.551708579063415527e-01 6.018783400002863937e-01 6.513254046440124512e-01 6.075341819199060467e-01
6.579442024230957031e-01 5.992236391315095556e-01 6.530995368957519531e-01 6.032472156677134434e-01
6.535158157348632812e-01 6.078347988089416454e-01 6.553955078125000000e-01 6.029704321254347743e-01
6.625961661338806152e-01 5.975947438721410654e-01 6.582133173942565918e-01 5.998068411075055950e-01
6.581678390502929688e-01 5.992391106480454699e-01 6.506991982460021973e-01 6.109507754336217511e-01
6.626856327056884766e-01 5.948124741650497871e-01 6.629096269607543945e-01 5.942016730873850294e-01
6.612095236778259277e-01 5.911032688982437167e-01 6.579002141952514648e-01 5.957789450442211310e-01
6.645196080207824707e-01 5.886310725673662425e-01 6.609267592430114746e-01 5.917801406507426920e-01
6.668455600738525391e-01 5.884560405045593523e-01 6.641619801521301270e-01 5.989216926500459115e-01
6.658167839050292969e-01 5.889644463473088232e-01 6.656230688095092773e-01 5.880571261524183413e-01
6.673823595046997070e-01 5.891802480937884390e-01 6.583176851272583008e-01 5.945853165359991088e-01
6.708713769912719727e-01 5.842101215612357512e-01 6.719891428947448730e-01 5.857506069428386475e-01
6.720343828201293945e-01 5.828035749184421466e-01 6.634314060211181641e-01 5.900444670177357187e-01
6.709160804748535156e-01 5.827363610886188150e-01 6.670840978622436523e-01 5.904384606244345024e-01
6.728842258453369141e-01 5.791614831699031241e-01 6.685451865196228027e-01 5.807110982607063265e-01
6.767310500144958496e-01 5.734851503120507177e-01 6.717804074287414551e-01 5.779617002427863692e-01
6.754786372184753418e-01 5.757363308497716048e-01 6.720935106277465820e-01 5.784513554352107567e-01
6.778940558433532715e-01 5.732204611110738313e-01 6.721978783607482910e-01 5.779695106906249658e-01
6.792359948158264160e-01 5.736419436628308333e-01 6.711542606353759766e-01 5.843753981281735177e-01
6.780282855033874512e-01 5.688702510068275320e-01 6.668753623962402344e-01 5.808017471592552550e-01
6.786544919013977051e-01 5.720216388948958786e-01 6.699019074440002441e-01 5.797417376713721593e-01
6.842011213302612305e-01 5.649920740266630714e-01 6.793988943099975586e-01 5.808504033103613073e-01
6.819645762443542480e-01 5.688198907662427306e-01 6.774159669876098633e-01 5.728024854910843677e-01
6.826355457305908203e-01 5.676466723763040623e-01 6.776247024536132812e-01 5.774262746921587919e-01
6.818304061889648438e-01 5.632705076646454811e-01 6.716760396957397461e-01 5.809092064337749717e-01
6.858114004135131836e-01 5.628523915755468954e-01 6.813817620277404785e-01 5.732331291366733472e-01
6.858561635017395020e-01 5.595508146571822605e-01 6.652055978775024414e-01 5.798302090409354070e-01
6.884952783584594727e-01 5.629702612536391371e-01 6.801294088363647461e-01 5.773721876634085870e-01
6.853641271591186523e-01 5.630736311554034312e-01 6.806512475013732910e-01 5.679603003306021858e-01
6.919842362403869629e-01 5.571722325452816982e-01 6.702150106430053711e-01 5.720402577480228068e-01
6.858561635017395020e-01 5.595952874327158044e-01 6.847213506698608398e-01 5.692478314094965297e-01
6.923868060111999512e-01 5.552579753512794092e-01 6.644750833511352539e-01 5.842646360148520124e-01
6.863929033279418945e-01 5.595231899892650906e-01 6.748069524765014648e-01 5.758060731461839277e-01
6.900160908699035645e-01 5.543658761309263605e-01 6.825297474861145020e-01 5.691440440348906060e-01
6.906870603561401367e-01 5.557699504553855752e-01 6.843038797378540039e-01 5.692125703168298134e-01
6.913580298423767090e-01 5.524043333905821473e-01 6.730327606201171875e-01 5.786616309055876428e-01
6.929236054420471191e-01 5.504434470265255896e-01 6.732414960861206055e-01 5.680314500006921064e-01
6.975755691528320312e-01 5.479323399005070483e-01 6.849300861358642578e-01 5.658502837631752547e-01
6.982018351554870605e-01 5.459512246169094807e-01 6.741807460784912109e-01 5.700773021866797352e-01
6.948917508125305176e-01 5.503897557938582930e-01 6.872260570526123047e-01 5.601910757162555932e-01
6.965020298957824707e-01 5.456895017094935962e-01 6.865998506546020508e-01 5.663211833109464965e-01
6.980229020118713379e-01 5.446502142311699934e-01 6.853474974632263184e-01 5.658111784757241525e-01
6.951601505279541016e-01 5.422534431684292722e-01 6.942183375358581543e-01 5.532367413961123415e-01
6.982465386390686035e-01 5.474740547173180261e-01 6.902525424957275391e-01 5.612668153812183647e-01
6.975755691528320312e-01 5.471919433420897594e-01 6.938008666038513184e-01 5.621172233380298255e-01
6.999015808105468750e-01 5.399404216866349193e-01 6.852431893348693848e-01 5.680229228042008582e-01
6.973072290420532227e-01 5.447485862957340830e-01 6.893132925033569336e-01 5.554962806999248492e-01
6.954732537269592285e-01 5.466827051139172555e-01 6.845126152038574219e-01 5.683551867131125812e-01
7.043746709823608398e-01 5.360572524948652440e-01 6.956794261932373047e-01 5.612137355353582491e-01
7.019591927528381348e-01 5.410388548571685163e-01 6.931747198104858398e-01 5.535228624768855354e-01
7.033458352088928223e-01 5.351353093707128528e-01 6.894176602363586426e-01 5.554063472312866789e-01
7.080425620079040527e-01 5.316972279510252530e-01 6.915048956871032715e-01 5.521825622278124790e-01
7.049561738967895508e-01 5.353930931778964064e-01 7.000626325607299805e-01 5.495244741340291617e-01
7.050903439521789551e-01 5.305107504763955095e-01 6.827384829521179199e-01 5.591999099538759177e-01
7.030774950981140137e-01 5.351464966687645708e-01 6.876435279846191406e-01 5.651686877553434574e-01
7.061638832092285156e-01 5.336381492492742185e-01 6.824253797531127930e-01 5.608607097648424800e-01
7.047325372695922852e-01 5.311600700924618002e-01 6.872260570526123047e-01 5.527240941131869034e-01
7.076399922370910645e-01 5.333515653181084559e-01 7.008975148200988770e-01 5.543048089816061674e-01
7.088924646377563477e-01 5.328591689907345996e-01 6.958881020545959473e-01 5.544032466185164765e-01
7.103238701820373535e-01 5.308976771047021481e-01 7.016280293464660645e-01 5.502401615851260086e-01
7.101896405220031738e-01 5.276776445873906374e-01 6.950532197952270508e-01 5.451956321043103237e-01
7.128735184669494629e-01 5.258378380525301488e-01 6.835733652114868164e-01 5.608489436885305546e-01
7.101449370384216309e-01 5.274629061370101901e-01 6.900438070297241211e-01 5.621478850820124107e-01
7.085345983505249023e-01 5.284576270550004340e-01 6.768941879272460938e-01 5.677295679265784711e-01
7.093397974967956543e-01 5.295349215326464742e-01 7.047589421272277832e-01 5.411479898968113433e-01
7.125604152679443359e-01 5.263819263241205082e-01 7.002713680267333984e-01 5.399461818423159087e-01
7.123367190361022949e-01 5.246334765343061424e-01 6.999582648277282715e-01 5.467633508585908464e-01
7.119341492652893066e-01 5.247368323480876562e-01 6.954706907272338867e-01 5.529455997157112224e-01
7.127392888069152832e-01 5.260088439276956462e-01 6.932790875434875488e-01 5.500583503246805339e-01
7.135891914367675781e-01 5.257201119790799737e-01 6.928616166114807129e-01 5.571793097092149205e-01
