5.322061181068420410e-01 7.049934755691498189e-01 5.772281289100646973e-01 6.748054835224569503e-01
5.589103698730468750e-01 6.863597119125404156e-01 5.791066288948059082e-01 6.719783124409147712e-01
5.727768540382385254e-01 6.794367939377752297e-01 5.866207480430603027e-01 6.693889565020955112e-01
5.731347203254699707e-01 6.750742524867622274e-01 5.825506448745727539e-01 6.682028752905022628e-01
5.768473744392395020e-01 6.733235622864329750e-01 5.824462771415710449e-01 6.668740399842768563e-01
5.765342712402343750e-01 6.729831891785923448e-01 5.905865430831909180e-01 6.666230016798745384e-01
5.778762102127075195e-01 6.701334539029696336e-01 5.893341898918151855e-01 6.653771609086578387e-01
5.842279195785522461e-01 6.691402354400813879e-01 5.897516012191772461e-01 6.642859318240951216e-01
5.891483426094055176e-01 6.662086227495143120e-01 5.926737785339355469e-01 6.639632260941235042e-01
5.886563062667846680e-01 6.661960332652583361e-01 5.921519398689270020e-01 6.621742965010107840e-01
5.928609967231750488e-01 6.638392543063263984e-01 5.905865430831909180e-01 6.611496224405372102e-01
5.956342816352844238e-01 6.619360319594190800e-01 5.991442203521728516e-01 6.605560521172770816e-01
5.949186086654663086e-01 6.629454330460375910e-01 5.968482494354248047e-01 6.592035436152515748e-01
5.939792394638061523e-01 6.620651956832266372e-01 6.025881767272949219e-01 6.576506534291567396e-01
5.967078208923339844e-01 6.594225384080361074e-01 5.978918671607971191e-01 6.585711710414715592e-01
5.993469357490539551e-01 6.595138981658414945e-01 6.001878380775451660e-01 6.564828565737270694e-01
5.982286930084228516e-01 6.592805075781954516e-01 6.023794412612915039e-01 6.559786932673938864e-01
6.022096872329711914e-01 6.573100426176149425e-01 6.055103540420532227e-01 6.551832854685567531e-01
6.065038442611694336e-01 6.555290503181100403e-01 6.039448976516723633e-01 6.550781604542510461e-01
6.038200259208679199e-01 6.562035504810540543e-01 6.022750735282897949e-01 6.544948425777669110e-01
6.024780869483947754e-01 6.558371203533117644e-01 6.055103540420532227e-01 6.536537616095148273e-01
6.022991538047790527e-01 6.550675222540524034e-01 6.093717217445373535e-01 6.529818626341902243e-01
6.041778326034545898e-01 6.538956148676889901e-01 6.038405299186706543e-01 6.523065921957222901e-01
6.075326800346374512e-01 6.538906650586724378e-01 6.067627072334289551e-01 6.549033036039906275e-01
6.079799532890319824e-01 6.536427926966021928e-01 6.094760894775390625e-01 6.521486160626268624e-01
6.108874678611755371e-01 6.522378023866465258e-01 6.087455749511718750e-01 6.513847341569324323e-01
6.077563166618347168e-01 6.519524229940051319e-01 6.114589571952819824e-01 6.498917261610148710e-01
6.103506684303283691e-01 6.525061657889880129e-01 6.111459136009216309e-01 6.496165098439325991e-01
6.108427047729492188e-01 6.515310348242675520e-01 6.113546490669250488e-01 6.490779152943629837e-01
6.107532382011413574e-01 6.505670575533341049e-01 6.095804572105407715e-01 6.489752577207601458e-01
6.150473952293395996e-01 6.494744638889884403e-01 6.126069426536560059e-01 6.480825003839141285e-01
6.129003167152404785e-01 6.503280717862870430e-01 6.103109717369079590e-01 6.508524205012352626e-01
6.121846437454223633e-01 6.491375216368721057e-01 6.154247522354125977e-01 6.465444972011993308e-01
6.137055158615112305e-01 6.482048371457140856e-01 6.155291199684143066e-01 6.460574296913672576e-01
6.163446307182312012e-01 6.468364610977431761e-01 6.152160167694091797e-01 6.483512050024130557e-01
6.168813705444335938e-01 6.474624444342487184e-01 6.173032522201538086e-01 6.454351014644063023e-01
6.156288981437683105e-01 6.470233877585215287e-01 6.189730763435363770e-01 6.452598266600567678e-01
6.199678182601928711e-01 6.455453159259243456e-01 6.167814731597900391e-01 6.462552263800920294e-01
6.161209344863891602e-01 6.460770006938277854e-01 6.157378554344177246e-01 6.432658558572614815e-01
6.194757819175720215e-01 6.449210387283840218e-01 6.153203845024108887e-01 6.430319770221992748e-01
6.201466917991638184e-01 6.441552288887603117e-01 6.155291199684143066e-01 6.421175635176993302e-01
6.218464970588684082e-01 6.437446409868071706e-01 6.176163554191589355e-01 6.423575335717405244e-01
6.205045580863952637e-01 6.436940766037800854e-01 6.186599731445312500e-01 6.415414658152118754e-01
6.211307644844055176e-01 6.429892711635991631e-01 6.195992231369018555e-01 6.414279797285689089e-01
6.210860610008239746e-01 6.416185405028700384e-01 6.178250908851623535e-01 6.403314265222496138e-01
6.252460479736328125e-01 6.420194453002089352e-01 6.189730763435363770e-01 6.406552471240709590e-01
6.208624243736267090e-01 6.419887202522753800e-01 6.243999004364013672e-01 6.391840936171687693e-01
6.254696846008300781e-01 6.390524522139275909e-01 6.198079586029052734e-01 6.409068902209167362e-01
6.277509331703186035e-01 6.391334585414886194e-01 6.212690472602844238e-01 6.390907701234731508e-01
6.243961453437805176e-01 6.407144952276819794e-01 6.212690472602844238e-01 6.377416527786327061e-01
6.272141933441162109e-01 6.374970941450583961e-01 6.252348423004150391e-01 6.362024996529986876e-01
6.273930668830871582e-01 6.382969284360492379e-01 6.305572986602783203e-01 6.349669815080196678e-01
6.275272965431213379e-01 6.370841782279466070e-01 6.261740922927856445e-01 6.361615654944975384e-01
6.259169578552246094e-01 6.368779253716502220e-01 6.275308132171630859e-01 6.336805357039285713e-01
6.282877326011657715e-01 6.352132625476600847e-01 6.321227550506591797e-01 6.339093470742622749e-01
6.276614665985107422e-01 6.354500829032376785e-01 6.296180486679077148e-01 6.337699227655538836e-01
6.311951875686645508e-01 6.348622389461683335e-01 6.357753872871398926e-01 6.327075081661831524e-01
6.320897936820983887e-01 6.340310252465721774e-01 6.312878131866455078e-01 6.318336938970697814e-01
6.315977573394775391e-01 6.338185269987461901e-01 6.316009163856506348e-01 6.323597217198330123e-01
6.303005814552307129e-01 6.321798599369945482e-01 6.280525922775268555e-01 6.321184784205068352e-01
6.269904971122741699e-01 6.329213542489464661e-01 6.306616663932800293e-01 6.303058894410608071e-01
6.316425204277038574e-01 6.336869326126683966e-01 6.318096518516540527e-01 6.289342742975457812e-01
6.348183751106262207e-01 6.333437591103283637e-01 6.354623436927795410e-01 6.305812903198014796e-01
6.311057209968566895e-01 6.337019502849992048e-01 6.280525922775268555e-01 6.302450033648480110e-01
6.336553692817687988e-01 6.306934847475953454e-01 6.318096518516540527e-01 6.294195602119802002e-01
6.370549201965332031e-01 6.278366238854613535e-01 6.329576373100280762e-01 6.264326809169703525e-01
6.358919143676757812e-01 6.302911767722413350e-01 6.322270631790161133e-01 6.281295769947651264e-01
6.327160596847534180e-01 6.301098362685828569e-01 6.309747695922851562e-01 6.287674043079528596e-01
6.354446411132812500e-01 6.278334267132182900e-01 6.352536082267761230e-01 6.264483753262868326e-01
6.307031512260437012e-01 6.300347543057099875e-01 6.332707405090332031e-01 6.263731503581184690e-01
6.351762413978576660e-01 6.290422362533872880e-01 6.357753872871398926e-01 6.245546926662832732e-01
6.370102167129516602e-01 6.265065573818420219e-01 6.365059614181518555e-01 6.266228584127520040e-01
6.333422660827636719e-01 6.275874539892497550e-01 6.415153145790100098e-01 6.234061285912479988e-01
6.330291628837585449e-01 6.281776782395183112e-01 6.401586532592773438e-01 6.240647280173917677e-01
6.352657079696655273e-01 6.261200207165772413e-01 6.402630209922790527e-01 6.236130720860921794e-01
6.383520960807800293e-01 6.232346968502365803e-01 6.383844614028930664e-01 6.217213830776688877e-01
6.364287137985229492e-01 6.269449645173125196e-01 6.413066387176513672e-01 6.220963443527388614e-01
6.372785568237304688e-01 6.239837388336221258e-01 6.328532695770263672e-01 6.234953468041488645e-01
6.361603140830993652e-01 6.251636349913856083e-01 6.397411823272705078e-01 6.211349052841442786e-01
6.386652588844299316e-01 6.242847797119419617e-01 6.424546241760253906e-01 6.201365795122559810e-01
6.387547254562377930e-01 6.228213989685592589e-01 6.410979032516479492e-01 6.188551247231872665e-01
6.460905075073242188e-01 6.227834134691409007e-01 6.381757259368896484e-01 6.227578035204128781e-01
6.372338533401489258e-01 6.250039148488525376e-01 6.409935355186462402e-01 6.199011305781352288e-01
6.454643011093139648e-01 6.192373849983440204e-01 6.390106678009033203e-01 6.193336475072138692e-01
6.403203010559082031e-01 6.228777224997498196e-01 6.421415209770202637e-01 6.188519962568965749e-01
6.414832472801208496e-01 6.222960934973420510e-01 6.442287564277648926e-01 6.176576534135683749e-01
6.430935859680175781e-01 6.206126617263395540e-01 6.449592709541320801e-01 6.182962557861935160e-01
6.444802284240722656e-01 6.194028998129396113e-01 6.453767418861389160e-01 6.164912107443167866e-01
6.411701440811157227e-01 6.210946103587605682e-01 6.452723741531372070e-01 6.201263588894585510e-01
6.462247371673583984e-01 6.182066485842986348e-01 6.463159918785095215e-01 6.153890685979420683e-01
6.425567865371704102e-01 6.191552579136307966e-01 6.457942128181457520e-01 6.156626609092812341e-01
6.439881920814514160e-01 6.167321642495839917e-01 6.447505950927734375e-01 6.138343901480943776e-01
6.459563374519348145e-01 6.187013590308118038e-01 6.410979032516479492e-01 6.163630264832017369e-01
6.476113796234130859e-01 6.157334044317074317e-01 6.460029482841491699e-01 6.142366979993526543e-01
6.468957066535949707e-01 6.155154447070088075e-01 6.465247273445129395e-01 6.141007229471177054e-01
6.443907618522644043e-01 6.164960374578761781e-01 6.494469046592712402e-01 6.133436820398067146e-01
6.472088098526000977e-01 6.152997490736469288e-01 6.499686837196350098e-01 6.117519956868219255e-01
6.496689915657043457e-01 6.142702698814226370e-01 6.474639773368835449e-01 6.118825136483075910e-01
6.494900584220886230e-01 6.137651435525627308e-01 6.492381691932678223e-01 6.119525614349111686e-01
6.494900584220886230e-01 6.130390664208317242e-01 6.513254046440124512e-01 6.109988757847893970e-01
