5.539005398750305176e-01 6.847663206093468347e-01 5.747234225273132324e-01 6.726777979910087968e-01
5.713902115821838379e-01 6.769289113387884083e-01 5.788979530334472656e-01 6.713954355467388613e-01
5.780998468399047852e-01 6.715475613666915811e-01 5.808808207511901855e-01 6.686355378303814323e-01
5.837358832359313965e-01 6.702264005051334905e-01 5.846378803253173828e-01 6.690928899552622822e-01
5.843621492385864258e-01 6.680274632412624980e-01 5.865163803100585938e-01 6.677910642866748958e-01
5.873143672943115234e-01 6.660573674370210417e-01 5.844291448593139648e-01 6.658809143972904687e-01
5.916532278060913086e-01 6.653531793405639272e-01 5.869338512420654297e-01 6.635173924206642093e-01
5.912506580352783203e-01 6.640475081467505092e-01 5.922563076019287109e-01 6.629147902333246689e-01
5.946054458618164062e-01 6.618979486866273243e-01 5.999791026115417480e-01 6.620942563583646079e-01
5.965736508369445801e-01 6.608068504493892492e-01 6.005009412765502930e-01 6.602116879429555940e-01
5.948738455772399902e-01 6.615214948791535710e-01 6.027969121932983398e-01 6.593956671883780540e-01
5.966183543205261230e-01 6.603334056475781422e-01 6.000834703445434570e-01 6.592598263989956076e-01
5.968419909477233887e-01 6.592244205459496520e-01 6.013358235359191895e-01 6.611209410363063643e-01
5.990785360336303711e-01 6.596782596321604242e-01 6.006053090095520020e-01 6.597026426293013390e-01
6.014940142631530762e-01 6.592191786859047387e-01 5.970569849014282227e-01 6.598024110509418394e-01
5.986759662628173828e-01 6.592432808142311140e-01 6.023794412612915039e-01 6.577301442038413493e-01
6.020307540893554688e-01 6.591178876147710808e-01 6.005009412765502930e-01 6.586083644393390113e-01
6.008677482604980469e-01 6.582845697293747689e-01 6.037361621856689453e-01 6.592490086225049062e-01
5.994811058044433594e-01 6.584601936687572987e-01 6.057190299034118652e-01 6.588389526650642036e-01
6.016281843185424805e-01 6.577547545786257555e-01 6.034230589866638184e-01 6.580543663874470761e-01
6.013150811195373535e-01 6.582359098155290411e-01 6.104153394699096680e-01 6.570597348967616158e-01
6.006888747215270996e-01 6.572335726098439412e-01 6.051972508430480957e-01 6.578805751428303816e-01
6.018071174621582031e-01 6.566109280506045032e-01 6.078063249588012695e-01 6.567733223615920268e-01
6.019412875175476074e-01 6.564602399367214236e-01 6.044667363166809082e-01 6.578485956895677722e-01
6.051172018051147461e-01 6.557466440965247223e-01 6.034230589866638184e-01 6.574814253673502140e-01
6.014045476913452148e-01 6.567445915571626935e-01 5.970569849014282227e-01 6.570891364584683370e-01
6.021649837493896484e-01 6.552142280332728941e-01 6.033187508583068848e-01 6.569198704268484068e-01
6.061907410621643066e-01 6.553971596578085368e-01 6.056147217750549316e-01 6.558223073130683423e-01
6.048040986061096191e-01 6.556816866155130707e-01 6.011270880699157715e-01 6.580959769112409985e-01
6.040883660316467285e-01 6.550765249336271134e-01 6.084324717521667480e-01 6.556513111543068595e-01
6.029701232910156250e-01 6.550194606048985735e-01 6.045710444450378418e-01 6.581279881760412342e-01
6.053856015205383301e-01 6.538393836282493377e-01 6.042580008506774902e-01 6.568407102085010996e-01
6.093665957450866699e-01 6.536386060595277270e-01 6.037361621856689453e-01 6.562978645576312831e-01
6.082483530044555664e-01 6.536379784137666960e-01 6.068670153617858887e-01 6.550417099932592802e-01
6.030595898628234863e-01 6.542615776497981983e-01 6.119807958602905273e-01 6.547873035225681981e-01
6.056092381477355957e-01 6.540353023892844231e-01 6.120851635932922363e-01 6.542158182815379641e-01
6.054303050041198730e-01 6.537397609326084380e-01 6.041536331176757812e-01 6.566193477143527080e-01
6.081588864326477051e-01 6.528213672229270514e-01 6.089543104171752930e-01 6.539004735696840598e-01
6.074879169464111328e-01 6.533863995364876942e-01 6.129200458526611328e-01 6.537240413080748214e-01
6.089193224906921387e-01 6.526198772459257391e-01 6.092673540115356445e-01 6.529184886892164252e-01
6.104401350021362305e-01 6.522920208255428287e-01 6.081193685531616211e-01 6.535006072694885537e-01
6.102164983749389648e-01 6.522410633973944050e-01 6.133375167846679688e-01 6.522954191427046133e-01
6.119610071182250977e-01 6.521437591933930689e-01 6.127113103866577148e-01 6.533108661777414783e-01
6.091876626014709473e-01 6.531315572489180266e-01 6.080150008201599121e-01 6.542220841716113178e-01
6.095902919769287109e-01 6.516492190717648736e-01 6.051972508430480957e-01 6.538527700229717077e-01
6.084719896316528320e-01 6.528538079333445765e-01 6.070757508277893066e-01 6.556930226365003112e-01
6.110216379165649414e-01 6.511477213636197581e-01 6.056147217750549316e-01 6.544492896004774352e-01
6.105743646621704102e-01 6.508145028607622562e-01 6.125026345252990723e-01 6.532775564622690379e-01
6.091429591178894043e-01 6.517695236406549908e-01 6.138592958450317383e-01 6.516078857234961497e-01
6.132581830024719238e-01 6.501502049675267347e-01 6.149029135704040527e-01 6.510664952794088522e-01
6.108874678611755371e-01 6.504361964142328922e-01 6.118764281272888184e-01 6.505451309758072398e-01
6.148237586021423340e-01 6.497213117209076350e-01 6.158422231674194336e-01 6.529202682567374350e-01
6.095455288887023926e-01 6.505182430556046835e-01 6.084324717521667480e-01 6.521215778854241307e-01
6.138843894004821777e-01 6.499512834185499077e-01 6.143811345100402832e-01 6.524887707506632495e-01
6.115136742591857910e-01 6.504857936855035216e-01 6.151116490364074707e-01 6.517639718382175484e-01
6.127661466598510742e-01 6.497270682882294590e-01 6.141723990440368652e-01 6.516807961628149348e-01
6.099480986595153809e-01 6.500750627601310505e-01 6.165727376937866211e-01 6.504863428064289188e-01
6.110664010047912598e-01 6.505909091373913711e-01 6.130244135856628418e-01 6.504709933600826277e-01
6.150026917457580566e-01 6.492252210999968076e-01 6.146942377090454102e-01 6.503783279310261234e-01
6.110216379165649414e-01 6.499526959387853520e-01 6.155291199684143066e-01 6.508539621851384682e-01
6.121846437454223633e-01 6.485936808274713750e-01 6.170945763587951660e-01 6.500545222085941655e-01
6.104848980903625488e-01 6.498538302615921580e-01 6.144855022430419922e-01 6.511570644811607300e-01
6.141527891159057617e-01 6.493963009877289361e-01 6.144855022430419922e-01 6.498869541317902065e-01
6.145553588867187500e-01 6.480520700145693258e-01 6.150072813034057617e-01 6.490926691172541618e-01
6.154947280883789062e-01 6.475326648806177809e-01 6.163640022277832031e-01 6.502168034740839486e-01
6.120057106018066406e-01 6.483809098636000856e-01 6.173032522201538086e-01 6.493410563523673851e-01
6.135712862014770508e-01 6.475397676661394097e-01 6.168858408927917480e-01 6.492338337795741099e-01
6.116479039192199707e-01 6.496401391850108453e-01 6.087455749511718750e-01 6.494986073653798986e-01
6.160314679145812988e-01 6.484300813919786632e-01 6.126069426536560059e-01 6.501648461885876085e-01
6.129897832870483398e-01 6.474601370125001587e-01 6.142767667770385742e-01 6.503159568146060776e-01
6.148237586021423340e-01 6.474037219894062112e-01 6.157378554344177246e-01 6.505182846257840934e-01
6.167024374008178711e-01 6.475600875496843045e-01 6.130244135856628418e-01 6.489673866729999130e-01
6.145553588867187500e-01 6.474716607371262533e-01 6.155291199684143066e-01 6.481569344304195512e-01
6.131687164306640625e-01 6.479323261175328197e-01 6.201210618019104004e-01 6.487057334544190645e-01
6.142870187759399414e-01 6.464958553408910458e-01 6.181381940841674805e-01 6.492863390520852152e-01
6.150473952293395996e-01 6.472523895396083971e-01 6.174076199531555176e-01 6.482535178416011235e-01
6.177312731742858887e-01 6.460747814579457238e-01 6.144855022430419922e-01 6.497527415531957340e-01
6.154947280883789062e-01 6.464721796806520704e-01 6.204341650009155273e-01 6.491652748276709461e-01
6.130345463752746582e-01 6.464391057148753950e-01 6.161552667617797852e-01 6.471971743317342929e-01
6.158525943756103516e-01 6.464956354254536297e-01 6.207472085952758789e-01 6.477636582939492182e-01
6.170155405998229980e-01 6.466879701439479655e-01 6.170945763587951660e-01 6.480035076831084373e-01
6.190731525421142578e-01 6.461912735691435206e-01 6.202254295349121094e-01 6.462356642501335680e-01
6.170155405998229980e-01 6.458175673875554690e-01 6.155291199684143066e-01 6.466286506366192288e-01
6.199678182601928711e-01 6.454099558679079474e-01 6.209559440612792969e-01 6.473959015048239563e-01
6.170155405998229980e-01 6.459111090016974588e-01 6.176163554191589355e-01 6.468741352835321035e-01
6.178654432296752930e-01 6.450189099710259555e-01 6.132331490516662598e-01 6.480773756658824158e-01
6.176865100860595703e-01 6.452793050674019426e-01 6.110415458679199219e-01 6.505064392259041206e-01
6.152710914611816406e-01 6.459802545381799765e-01 6.175119876861572266e-01 6.471546380760225814e-01
6.195204854011535645e-01 6.442685994719707931e-01 6.130244135856628418e-01 6.455844127666574561e-01
6.185364127159118652e-01 6.452804869542417832e-01 6.187643408775329590e-01 6.466596154424149034e-01
6.174181699752807617e-01 6.439812049219019174e-01 6.222082972526550293e-01 6.457409144841264048e-01
6.180443763732910156e-01 6.443896476965211839e-01 6.168858408927917480e-01 6.450478587213276382e-01
6.165682673454284668e-01 6.442052225005244770e-01 6.200166940689086914e-01 6.452674202743837739e-01
6.169261336326599121e-01 6.446344713167376783e-01 6.185556054115295410e-01 6.449377399301061686e-01
6.186705827713012695e-01 6.444850955715032415e-01 6.188687086105346680e-01 6.459875604076740219e-01
6.195204854011535645e-01 6.439923643106040263e-01 6.223126649856567383e-01 6.471285744739508905e-01
6.182233095169067383e-01 6.446739746283324246e-01 6.219995617866516113e-01 6.452401500856967953e-01
6.190284490585327148e-01 6.430966121648330480e-01 6.130244135856628418e-01 6.458655332901910295e-01
6.222043037414550781e-01 6.427456865820011522e-01 6.189730763435363770e-01 6.456572528523409904e-01
6.216675639152526855e-01 6.428806078862708828e-01 6.241911649703979492e-01 6.439088585729565439e-01
