4.956163763999938965e-01 5.066340670461496387e+00 4.990607500076293945e-01 7.014700723973327223e-01
4.954374730587005615e-01 6.981853032329680131e-01 5.009392499923706055e-01 7.223263231878414015e-01
4.973161518573760986e-01 7.382244615440484159e-01 5.009392499923706055e-01 6.931554700979433159e-01
5.017892122268676758e-01 7.026435260824748230e-01 4.990607500076293945e-01 7.044593448231847299e-01
5.033100843429565430e-01 7.173421684926514219e-01 4.990607500076293945e-01 6.985691165506056066e-01
4.953480064868927002e-01 6.979733121418573161e-01 4.990607500076293945e-01 6.979298011616161812e-01
5.018786787986755371e-01 6.975469681055905813e-01 4.990607500076293945e-01 6.991275149828903857e-01
4.930219948291778564e-01 7.087773845242267834e-01 4.990607500076293945e-01 6.947407603413146004e-01
5.018339753150939941e-01 6.985802704841298505e-01 5.009392499923706055e-01 6.931505067516184893e-01
4.948112368583679199e-01 6.955488087837033984e-01 5.009392499923706055e-01 6.940868507842882229e-01
5.016102790832519531e-01 7.586424020134842072e-01 5.009392499923706055e-01 7.108770493947497160e-01
5.081409811973571777e-01 6.949852710334148975e-01 5.009392499923706055e-01 6.939750870118631676e-01
5.007156729698181152e-01 7.001207150421578929e-01 4.990607500076293945e-01 6.935408762068122623e-01
5.034890174865722656e-01 6.973949861475299272e-01 5.009392499923706055e-01 6.931693217769790971e-01
5.000000000000000000e-01 6.995584836349992841e-01 4.990607500076293945e-01 7.149709736323013320e-01
5.019234418869018555e-01 6.965632974770866737e-01 4.990607500076293945e-01 6.951476138833917462e-01
4.959295094013214111e-01 6.974288902911501831e-01 5.009392499923706055e-01 6.952063262748757744e-01
5.002236366271972656e-01 6.950581204082825204e-01 4.990607500076293945e-01 6.943720925752515649e-01
5.012971758842468262e-01 6.961168958859658140e-01 4.990607500076293945e-01 6.950433718538612249e-01
4.944086670875549316e-01 6.964617159866138829e-01 5.009392499923706055e-01 6.938801030230855593e-01
5.028627514839172363e-01 6.945208623021504879e-01 4.990607500076293945e-01 6.937017045795382808e-01
4.986133575439453125e-01 6.945096999700092200e-01 4.990607500076293945e-01 6.932994067059308207e-01
5.056807994842529297e-01 6.956797500888656227e-01 4.990607500076293945e-01 6.942011735380081427e-01
4.964662790298461914e-01 6.944041849782373044e-01 5.009392499923706055e-01 6.932893096094364660e-01
4.993290305137634277e-01 6.954497469198854809e-01 4.990607500076293945e-01 7.028124816879004477e-01
5.006709694862365723e-01 6.947416841909143104e-01 4.990607500076293945e-01 6.994958973284230996e-01
5.012971758842468262e-01 6.949301957550875208e-01 5.009392499923706055e-01 6.942414699355189400e-01
4.977634549140930176e-01 6.964406962790585798e-01 5.009392499923706055e-01 6.931949698385080350e-01
5.009393692016601562e-01 6.947331442071917884e-01 4.990607500076293945e-01 6.932790675010991333e-01
4.971819519996643066e-01 6.953331399718983841e-01 5.009392499923706055e-01 7.003433284867011110e-01
5.071122050285339355e-01 6.944053041037004936e-01 5.009392499923706055e-01 6.942098785904796676e-01
4.971372485160827637e-01 6.945197860911784815e-01 5.009392499923706055e-01 6.931540988800893865e-01
4.965557456016540527e-01 6.941850917201537463e-01 5.009392499923706055e-01 6.969238893643870947e-01
5.038915872573852539e-01 6.938198303510857423e-01 4.990607500076293945e-01 6.946603130433336437e-01
4.951243400573730469e-01 6.940206180405459335e-01 5.009392499923706055e-01 6.938773314506468948e-01
4.953032732009887695e-01 6.954990906714539900e-01 5.009392499923706055e-01 6.932176257369165873e-01
5.030416846275329590e-01 6.944635682358556439e-01 5.009392499923706055e-01 6.933671129045941850e-01
4.971372485160827637e-01 6.951683949946418917e-01 4.990607500076293945e-01 7.062750513333165836e-01
4.986580908298492432e-01 6.948516579172567820e-01 4.990607500076293945e-01 6.935111367361601609e-01
5.004920363426208496e-01 6.940370336118975025e-01 5.009392499923706055e-01 6.965699591857609230e-01
4.927983582019805908e-01 6.949900725613469277e-01 5.009392499923706055e-01 6.931454464528834514e-01
5.021470785140991211e-01 6.945714286368058765e-01 5.009392499923706055e-01 6.932566059180625961e-01
5.012077093124389648e-01 6.952276682678798503e-01 5.009392499923706055e-01 6.976134170074598240e-01
5.024601817131042480e-01 6.957220722127843704e-01 4.990607500076293945e-01 6.972664629111731127e-01
5.013866424560546875e-01 6.950514376920671200e-01 4.990607500076293945e-01 6.933830806667086177e-01
4.940508008003234863e-01 6.963339958384587858e-01 4.990607500076293945e-01 6.933357937802254733e-01
5.037126541137695312e-01 6.936356580349131162e-01 5.009392499923706055e-01 6.934332539681427043e-01
5.028180480003356934e-01 6.945151597938633570e-01 5.009392499923706055e-01 6.934440405551438591e-01
4.983896911144256592e-01 6.958232560296843117e-01 5.009392499923706055e-01 6.948798209634062806e-01
4.999105334281921387e-01 6.943365641326207927e-01 4.990607500076293945e-01 6.966091703457912843e-01
4.980765879154205322e-01 6.941560359222130883e-01 4.990607500076293945e-01 6.941292798611197190e-01
4.985686242580413818e-01 6.942151082843931453e-01 5.009392499923706055e-01 6.933784649332787042e-01
5.008946061134338379e-01 6.941609365565978296e-01 5.009392499923706055e-01 6.939032421657472804e-01
5.006709694862365723e-01 6.943721724635779635e-01 5.009392499923706055e-01 6.948985859138984145e-01
5.003131031990051270e-01 6.943209270689564283e-01 5.009392499923706055e-01 6.934666436665541944e-01
4.919931888580322266e-01 6.942348269704715635e-01 4.990607500076293945e-01 6.936391131834604984e-01
4.967346489429473877e-01 6.946619065572759988e-01 5.009392499923706055e-01 6.960379140930916808e-01
4.982554912567138672e-01 6.941437859572756608e-01 5.009392499923706055e-01 6.933475813918411612e-01
4.989711940288543701e-01 6.945599757893436976e-01 4.990607500076293945e-01 6.931668512384768777e-01
5.037126541137695312e-01 6.938247978207378042e-01 4.990607500076293945e-01 6.932042076004942821e-01
4.976292848587036133e-01 6.950187669454735984e-01 4.990607500076293945e-01 6.972694348701726774e-01
5.007604360580444336e-01 6.939326638952737492e-01 5.009392499923706055e-01 6.938767757377950485e-01
5.000894665718078613e-01 6.945462584772824632e-01 5.009392499923706055e-01 6.965067827286040014e-01
5.004025697708129883e-01 6.941019685798647254e-01 4.990607500076293945e-01 6.941797664632779474e-01
4.952138066291809082e-01 6.958812175954810497e-01 4.990607500076293945e-01 6.931910190122457793e-01
4.963320791721343994e-01 6.942584856632763035e-01 4.990607500076293945e-01 6.945770111668212454e-01
4.946770370006561279e-01 6.938096144199797921e-01 5.009392499923706055e-01 6.952210213764304925e-01
4.972714185714721680e-01 6.952039135400372993e-01 5.009392499923706055e-01 6.939818788062454002e-01
5.025496482849121094e-01 6.940549078706893527e-01 4.990607500076293945e-01 6.940176536235199700e-01
5.010288357734680176e-01 6.943343186190781280e-01 5.009392499923706055e-01 6.953919789184486167e-01
5.009393692016601562e-01 6.953686117422049895e-01 4.990607500076293945e-01 6.936236939433222393e-01
5.052334666252136230e-01 6.939670743104446871e-01 5.009392499923706055e-01 6.975453521234460386e-01
5.046967267990112305e-01 6.939126942490055905e-01 4.990607500076293945e-01 6.934439730504887711e-01
5.026391148567199707e-01 6.944616158078108503e-01 4.990607500076293945e-01 6.931521713148948161e-01
4.970925152301788330e-01 6.943293510427797077e-01 4.990607500076293945e-01 6.931951829024083356e-01
5.011182427406311035e-01 6.944938533249386259e-01 4.990607500076293945e-01 6.931505156095827402e-01
4.976292848587036133e-01 6.940756677450786727e-01 4.990607500076293945e-01 6.936420462022517830e-01
5.015655755996704102e-01 6.940790860591922184e-01 4.990607500076293945e-01 6.954004801506539213e-01
5.014761090278625488e-01 6.936350617325142132e-01 5.009392499923706055e-01 6.934357888388549274e-01
4.988817274570465088e-01 6.943850577954722159e-01 5.009392499923706055e-01 6.937091678499155423e-01
4.991501271724700928e-01 6.945275863758202384e-01 4.990607500076293945e-01 6.934053244582797371e-01
4.998658001422882080e-01 6.946093894049357731e-01 5.009392499923706055e-01 6.932105848122877001e-01
4.984791576862335205e-01 6.949821267684258563e-01 5.009392499923706055e-01 6.941225174771696871e-01
4.999552667140960693e-01 6.940813026289155419e-01 4.990607500076293945e-01 6.932711527731243439e-01
4.987922608852386475e-01 6.947850848826894188e-01 4.990607500076293945e-01 6.974440735930615975e-01
5.009393692016601562e-01 6.961408438783229791e-01 4.990607500076293945e-01 6.938387321992897094e-01
4.949454367160797119e-01 6.944869106475815013e-01 5.009392499923706055e-01 6.957829632805871967e-01
4.969135820865631104e-01 6.945455180316774113e-01 4.990607500076293945e-01 6.946312917769266182e-01
4.992395639419555664e-01 6.946350111797555682e-01 4.990607500076293945e-01 6.940416113565421874e-01
4.979871213436126709e-01 6.948557591839283898e-01 5.009392499923706055e-01 6.989298120492486444e-01
5.018339753150939941e-01 6.946566930331661283e-01 5.009392499923706055e-01 6.934328249913619402e-01
5.008499026298522949e-01 6.939902969156613866e-01 5.009392499923706055e-01 6.967572820781292586e-01
4.990606606006622314e-01 6.945147148972867779e-01 5.009392499923706055e-01 6.935487831591863328e-01
5.016550421714782715e-01 6.941742816942282346e-01 4.990607500076293945e-01 6.933534703829969947e-01
4.948559701442718506e-01 6.946671954270317029e-01 4.990607500076293945e-01 6.947486710010951638e-01
5.001341700553894043e-01 6.945092802419712275e-01 4.990607500076293945e-01 6.942055386980399145e-01
4.984344244003295898e-01 6.941511549747444443e-01 5.009392499923706055e-01 6.939957249366124348e-01
5.026391148567199707e-01 6.940889183513848648e-01 4.990607500076293945e-01 6.937023825870379801e-01
5.027285814285278320e-01 6.944051300995165432e-01 4.990607500076293945e-01 6.971968656988587476e-01
4.973608851432800293e-01 6.970818561269678248e-01 5.009392499923706055e-01 6.931565600878708544e-01
