5.622651576995849609e-01 6.822774035599176168e-01 5.799415707588195801e-01 6.691183904296693630e-01
5.830202102661132812e-01 6.710075352438917839e-01 5.936130285263061523e-01 6.659795447571296156e-01
5.844516158103942871e-01 6.686607780130631173e-01 5.949697494506835938e-01 6.681450870509337836e-01
5.854356884956359863e-01 6.673340625617046884e-01 5.926737785339355469e-01 6.639257904831836754e-01
5.862855315208435059e-01 6.663975571557988475e-01 5.949697494506835938e-01 6.660292408854994184e-01
5.887010097503662109e-01 6.636449960716126473e-01 5.906908512115478516e-01 6.609861212641628958e-01
5.963499546051025391e-01 6.594706211518379657e-01 6.082237362861633301e-01 6.552502504347560430e-01
5.993469357490539551e-01 6.579471799038586477e-01 6.089543104171752930e-01 6.557945526609140208e-01
5.964394211769104004e-01 6.584534790546187066e-01 6.069713830947875977e-01 6.536810415519151984e-01
6.011361479759216309e-01 6.586376719748660014e-01 6.041536331176757812e-01 6.612976515400114108e-01
6.014940142631530762e-01 6.564512270830850094e-01 6.057190299034118652e-01 6.568085428096386291e-01
6.011361479759216309e-01 6.571898950428159969e-01 6.036317944526672363e-01 6.523630503970181405e-01
6.044909358024597168e-01 6.535258031974945370e-01 6.075975894927978516e-01 6.478657127048744746e-01
6.059671044349670410e-01 6.519226809694634861e-01 6.042580008506774902e-01 6.497927445057563034e-01
6.086062192916870117e-01 6.503327145604631543e-01 6.145898699760437012e-01 6.470724189985621599e-01
6.081141233444213867e-01 6.501327164379167023e-01 5.873512625694274902e-01 6.561442598672531101e-01
6.107980012893676758e-01 6.489667964762280139e-01 6.023794412612915039e-01 6.502204821916444111e-01
5.996153354644775391e-01 6.552479538428674921e-01 5.921519398689270020e-01 6.505763131127529908e-01
6.086956262588500977e-01 6.464115643697511127e-01 5.961177349090576172e-01 6.488157920438296644e-01
6.069064140319824219e-01 6.481610191574376234e-01 6.085368394851684570e-01 6.543566901707196237e-01
6.092771291732788086e-01 6.483603422512498327e-01 6.079106926918029785e-01 6.506120531202184143e-01
6.073984503746032715e-01 6.466682723072308958e-01 6.104153394699096680e-01 6.489757518135313985e-01
6.119162440299987793e-01 6.455075665201946977e-01 6.134418845176696777e-01 6.432559740764814959e-01
6.141975522041320801e-01 6.414921144121852326e-01 6.060321331024169922e-01 6.417352481541268583e-01
6.146448254585266113e-01 6.440914228897142157e-01 6.092673540115356445e-01 6.435473668776829914e-01
6.145553588867187500e-01 6.413146277663318573e-01 6.152160167694091797e-01 6.403888360465201934e-01
6.125425100326538086e-01 6.410535011293210239e-01 6.138592958450317383e-01 6.437328547780485355e-01
6.192073822021484375e-01 6.385540185727166529e-01 6.041536331176757812e-01 6.443020706633589834e-01
6.124530434608459473e-01 6.388597658717540817e-01 6.219995617866516113e-01 6.433633613302771614e-01
6.170155405998229980e-01 6.394437120540514830e-01 6.167814731597900391e-01 6.440026376297667277e-01
6.168366670608520508e-01 6.357789811624741105e-01 6.179294586181640625e-01 6.402228499125698358e-01
6.172839403152465820e-01 6.374685468582417247e-01 6.237737536430358887e-01 6.377947162646288026e-01
6.244856119155883789e-01 6.345231746343236168e-01 6.167814731597900391e-01 6.407069521815212942e-01
6.211755275726318359e-01 6.344646902028041602e-01 6.177207231521606445e-01 6.406715386497578990e-01
6.219359636306762695e-01 6.307232627759445931e-01 6.289918422698974609e-01 6.292677726483847378e-01
6.239935755729675293e-01 6.299322649348633174e-01 6.245042681694030762e-01 6.277168879079012553e-01
6.267668604850769043e-01 6.311444230637625052e-01 6.234606504440307617e-01 6.303345030793763293e-01
6.275272965431213379e-01 6.272795102553198054e-01 6.297224164009094238e-01 6.285235462296210329e-01
6.238593459129333496e-01 6.294568521666343841e-01 6.277394890785217285e-01 6.285740351457980157e-01
6.248434185981750488e-01 6.287816873409812768e-01 6.208515763282775879e-01 6.285593647022282848e-01
6.328949928283691406e-01 6.233374429934991356e-01 6.293049454689025879e-01 6.205165005879769158e-01
6.302558779716491699e-01 6.235117548095197026e-01 6.246086359024047852e-01 6.272782626766124636e-01
6.304795145988464355e-01 6.258565606467730857e-01 6.236693859100341797e-01 6.283433647102016906e-01
6.363392472267150879e-01 6.208038132675731680e-01 6.306616663932800293e-01 6.245667413763501541e-01
6.326712965965270996e-01 6.228640256637877348e-01 6.243999004364013672e-01 6.357233250745774056e-01
6.302111148834228516e-01 6.224964006596802601e-01 6.252348423004150391e-01 6.270975640735255707e-01
6.339685320854187012e-01 6.202761858387099148e-01 6.343143582344055176e-01 6.167116733091008163e-01
6.335211992263793945e-01 6.185451161351650518e-01 6.234606504440307617e-01 6.267203443285767062e-01
6.382626295089721680e-01 6.187226203670013192e-01 6.268002390861511230e-01 6.226718737521218516e-01
6.352209448814392090e-01 6.198792640479056093e-01 6.394280791282653809e-01 6.212869905226167111e-01
6.395598649978637695e-01 6.169480864957740396e-01 6.264871358871459961e-01 6.175054918995631636e-01
6.357577443122863770e-01 6.156075992787283235e-01 6.305572986602783203e-01 6.198605058387783862e-01
6.432725191116333008e-01 6.112224353001782795e-01 6.410979032516479492e-01 6.123888084147474098e-01
6.404097080230712891e-01 6.116891102023831461e-01 6.343143582344055176e-01 6.182337432906911401e-01
6.391125321388244629e-01 6.125033766879103281e-01 6.340012550354003906e-01 6.225315061697405117e-01
6.421989798545837402e-01 6.100423589634071941e-01 6.418284177780151367e-01 6.083518888725912843e-01
6.420647501945495605e-01 6.107489333999116532e-01 6.412022709846496582e-01 6.077962918212881371e-01
6.438987255096435547e-01 6.122446951317560560e-01 6.340012550354003906e-01 6.211462968999671430e-01
6.495348215103149414e-01 6.061807036037243357e-01 6.389063000679016113e-01 6.131627278993782015e-01
6.441671252250671387e-01 6.072787381302032772e-01 6.317052841186523438e-01 6.159579460891098091e-01
6.460011005401611328e-01 6.070393867581405090e-01 6.385931968688964844e-01 6.140382666847596926e-01
6.447933316230773926e-01 6.049133208916084303e-01 6.499686837196350098e-01 6.108491229652686094e-01
6.419305801391601562e-01 6.129977723037349779e-01 6.426633000373840332e-01 6.084512403976243267e-01
6.502504944801330566e-01 6.010422789361571372e-01 6.303485631942749023e-01 6.208484757795037501e-01
6.436303257942199707e-01 6.070111868078198469e-01 6.426633000373840332e-01 6.143806458166460871e-01
6.492664217948913574e-01 6.012710750497588519e-01 6.466290950775146484e-01 6.184673005517901112e-01
6.495795249938964844e-01 6.032621695522247807e-01 6.389063000679016113e-01 6.209600040569754897e-01
6.488638520240783691e-01 6.074968705260064272e-01 6.376539468765258789e-01 6.079659513978314944e-01
6.567811965942382812e-01 5.955511644778556102e-01 6.498643159866333008e-01 6.045161924464695913e-01
6.490427851676940918e-01 6.040718303658407784e-01 6.476727128028869629e-01 6.066074007066548646e-01
6.530237793922424316e-01 5.960563502087322663e-01 6.484032273292541504e-01 6.040760025154994217e-01
6.557523608207702637e-01 5.940436244458839887e-01 6.486119627952575684e-01 5.992662689303137613e-01
6.517266035079956055e-01 6.033533559670536395e-01 6.318096518516540527e-01 6.315361576248523789e-01
6.472535133361816406e-01 6.048307457962452949e-01 6.440200209617614746e-01 6.072865969774942085e-01
6.575863361358642578e-01 5.949039704301827269e-01 6.466290950775146484e-01 5.969795497218692848e-01
6.590624451637268066e-01 5.915823366501651304e-01 6.535170078277587891e-01 6.056705394037031898e-01
6.558418273925781250e-01 5.959004598006001352e-01 6.510123014450073242e-01 6.045459437609166375e-01
6.540973186492919922e-01 5.940677913831968748e-01 6.585264205932617188e-01 5.988478242442792920e-01
6.610305905342102051e-01 5.897580366225079196e-01 6.494469046592712402e-01 6.046565046541328980e-01
6.593755483627319336e-01 5.960230072701973025e-01 6.449592709541320801e-01 6.023220159743231106e-01
6.619251966476440430e-01 5.889978928927723789e-01 6.584220528602600098e-01 5.966872296336298565e-01
6.558418273925781250e-01 5.952506160177256644e-01 6.434982419013977051e-01 6.104380143656658042e-01
6.545446515083312988e-01 5.959055469701148855e-01 6.614485383033752441e-01 5.934214283444144700e-01
6.639381051063537598e-01 5.886760800357025980e-01 6.455854773521423340e-01 5.963020655761006594e-01
6.661746501922607422e-01 5.824586894115878488e-01 6.509079337120056152e-01 5.959024741465003272e-01
6.580336093902587891e-01 5.913995124398329084e-01 6.580045819282531738e-01 5.924467330709476398e-01
6.626409292221069336e-01 5.851103443433099960e-01 6.585264205932617188e-01 5.979600310748615088e-01
6.634460687637329102e-01 5.918052840859929775e-01 6.562304496765136719e-01 5.998324724608238290e-01
6.694399714469909668e-01 5.797330149385919729e-01 6.589438319206237793e-01 6.002181825148140693e-01
6.660404205322265625e-01 5.858140705117685920e-01 6.529952287673950195e-01 5.978677162445306115e-01
6.641617417335510254e-01 5.862853276983401862e-01 6.523690223693847656e-01 5.967961582976277768e-01
6.668008565902709961e-01 5.815793158095560189e-01 6.450636386871337891e-01 6.026009028850182192e-01
6.649668812751770020e-01 5.832735994971700588e-01 6.572740674018859863e-01 5.924022455126874975e-01
6.673376560211181641e-01 5.795358051808368050e-01 6.618660092353820801e-01 5.901548986493657667e-01
6.676059961318969727e-01 5.814782634022880314e-01 6.471509337425231934e-01 6.051434169629749116e-01
6.641617417335510254e-01 5.826690380316041917e-01 6.589438319206237793e-01 5.950499201860987020e-01
6.680980324745178223e-01 5.817753882479808070e-01 6.533082723617553711e-01 5.950465252095387125e-01
6.664877533912658691e-01 5.837122514180067556e-01 6.508035659790039062e-01 6.035223523253215872e-01
6.708713769912719727e-01 5.790393934051089042e-01 6.590481996536254883e-01 5.879902165236141620e-01
6.645643115043640137e-01 5.853530328289556772e-01 6.570653319358825684e-01 5.948181082923187368e-01
