4.960189759731292725e-01 7.836489993315686187e-01 5.390315055847167969e-01 6.903248569134804447e-01
5.078278779983520508e-01 7.621531466888301631e-01 5.592778325080871582e-01 6.856678220056785511e-01
5.138665437698364258e-01 7.477390962799667085e-01 5.752452611923217773e-01 6.833212431998423320e-01
5.126587748527526855e-01 7.425086535586720160e-01 5.781673789024353027e-01 6.818239614103114299e-01
5.187421441078186035e-01 7.329290064508660052e-01 5.775412321090698242e-01 6.803235942126564240e-01
5.206655859947204590e-01 7.279899435684066278e-01 5.746190547943115234e-01 6.792079955868172148e-01
5.303721427917480469e-01 7.191823244329470510e-01 5.763932466506958008e-01 6.783225867773640116e-01
5.253623127937316895e-01 7.181323201482721075e-01 5.739929080009460449e-01 6.774725074485408172e-01
5.253623127937316895e-01 7.128377943393859884e-01 5.760801434516906738e-01 6.768268089631832574e-01
5.263463854789733887e-01 7.113538242277976931e-01 5.764976143836975098e-01 6.761971293971723584e-01
5.368133783340454102e-01 7.065306228673358113e-01 5.781673789024353027e-01 6.756998087563114153e-01
5.376185178756713867e-01 7.055207781212383678e-01 5.773324966430664062e-01 6.751027318486289008e-01
5.331007242202758789e-01 7.044310631404773204e-01 5.800459384918212891e-01 6.747079258596093698e-01
5.389604568481445312e-01 7.005302983888211932e-01 5.812982916831970215e-01 6.745070899560491329e-01
5.369923114776611328e-01 7.006543282746714452e-01 5.818200707435607910e-01 6.742140331140915599e-01
5.499641895294189453e-01 6.947670130188765558e-01 5.815069675445556641e-01 6.739450947796967739e-01
5.496510863304138184e-01 6.958168643833507749e-01 5.818200707435607910e-01 6.736155362324285356e-01
5.368581414222717285e-01 6.981336658916824645e-01 5.816113352775573730e-01 6.732085125228851608e-01
5.462962985038757324e-01 6.919766835139163907e-01 5.815069675445556641e-01 6.728500260413003975e-01
5.505904555320739746e-01 6.923396295160828551e-01 5.834898948669433594e-01 6.725070207931631572e-01
5.501878857612609863e-01 6.924195310407854631e-01 5.825506448745727539e-01 6.723289941477392784e-01
5.458489656448364258e-01 6.924283222193197140e-01 5.827593207359313965e-01 6.721400413526121831e-01
5.539452433586120605e-01 6.887826637689362652e-01 5.843247771263122559e-01 6.718589649571677924e-01
5.515745282173156738e-01 6.881895777918525248e-01 5.835942625999450684e-01 6.718268497979011933e-01
5.578368306159973145e-01 6.855375684956400706e-01 5.843247771263122559e-01 6.715689416818493296e-01
5.525586009025573730e-01 6.882210586424654108e-01 5.836986303329467773e-01 6.716177465770867272e-01
5.611021518707275391e-01 6.841190255569161716e-01 5.824462771415710449e-01 6.713398271874977397e-01
5.611916184425354004e-01 6.833508285667329041e-01 5.828636884689331055e-01 6.711616403646992746e-01
5.581946969032287598e-01 6.841468440972323650e-01 5.827593207359313965e-01 6.708702187129088612e-01
5.615941882133483887e-01 6.832589052149639075e-01 5.817157030105590820e-01 6.708377786952651745e-01
5.574789643287658691e-01 6.838502112004855027e-01 5.808808207511901855e-01 6.707062318289710445e-01
5.613258481025695801e-01 6.819396400029340555e-01 5.831767916679382324e-01 6.705753486257484131e-01
5.636070966720581055e-01 6.812627047732255914e-01 5.839073061943054199e-01 6.705010854060802217e-01
5.647253394126892090e-01 6.813395145242724382e-01 5.815069675445556641e-01 6.702252458963731119e-01
5.628019571304321289e-01 6.819794169690618357e-01 5.825506448745727539e-01 6.701384327576369593e-01
5.650832056999206543e-01 6.801036371594358920e-01 5.826549530029296875e-01 6.701695301965193696e-01
5.664251446723937988e-01 6.790382387621455296e-01 5.825506448745727539e-01 6.700265224680127529e-01
5.693773627281188965e-01 6.782737552618421928e-01 5.829680562019348145e-01 6.698568180915682735e-01
5.668724179267883301e-01 6.794679400468260910e-01 5.830724239349365234e-01 6.698794108396580738e-01
5.671855211257934570e-01 6.783697462013655866e-01 5.831767916679382324e-01 6.698613142922437147e-01
5.723742842674255371e-01 6.752420412041586495e-01 5.836986303329467773e-01 6.695182680013757048e-01
5.702719688415527344e-01 6.762417191617879908e-01 5.815069675445556641e-01 6.693025987647416297e-01
5.718375444412231445e-01 6.771827747621739224e-01 5.834898948669433594e-01 6.692475535829289779e-01
5.702719688415527344e-01 6.775322614937866472e-01 5.838029384613037109e-01 6.691186918617165746e-01
5.708087086677551270e-01 6.769751111986300751e-01 5.849509239196777344e-01 6.691238413745838054e-01
5.735820531845092773e-01 6.758629693970481522e-01 5.844291448593139648e-01 6.691334120940126695e-01
5.739398598670959473e-01 6.745713393682656323e-01 5.842204093933105469e-01 6.691132954952986323e-01
5.696457624435424805e-01 6.767046525474523788e-01 5.876643657684326172e-01 6.688173006084014993e-01
5.751923322677612305e-01 6.746640182560982302e-01 5.864120125770568848e-01 6.688104764177564832e-01
5.752817988395690918e-01 6.726019329793510027e-01 5.858902335166931152e-01 6.685653841960805810e-01
5.712560415267944336e-01 6.746702448672057262e-01 5.869338512420654297e-01 6.683683136240521350e-01
5.746555924415588379e-01 6.758573495076879434e-01 5.878731012344360352e-01 6.683843671790345997e-01
5.784577131271362305e-01 6.733022161450661347e-01 5.858902335166931152e-01 6.682954874473632234e-01
5.759974718093872070e-01 6.731103926465131781e-01 5.865163803100585938e-01 6.680775347096366001e-01
5.750581622123718262e-01 6.749532676421373667e-01 5.880818367004394531e-01 6.678713364656870821e-01
5.774288773536682129e-01 6.729709071450976632e-01 5.883948802947998047e-01 6.677879241880856354e-01
5.763106346130371094e-01 6.746441061135416417e-01 5.881862044334411621e-01 6.677939828739513084e-01
5.756396651268005371e-01 6.730485772442403869e-01 5.870382189750671387e-01 6.678150292105725638e-01
5.815888643264770508e-01 6.718832508548041593e-01 5.896472334861755371e-01 6.674798025738543084e-01
5.776972770690917969e-01 6.727130603525800501e-01 5.886036157608032227e-01 6.673411267382495238e-01
5.764001011848449707e-01 6.725628797473454101e-01 5.875599980354309082e-01 6.672477681983663977e-01
5.803810954093933105e-01 6.715817079707876447e-01 5.904821753501892090e-01 6.673452302897506794e-01
5.803810954093933105e-01 6.718056662327105411e-01 5.870382189750671387e-01 6.671183101072413191e-01
5.750581622123718262e-01 6.728094010921300550e-01 5.908995866775512695e-01 6.671438981286919034e-01
5.838253498077392578e-01 6.698708721191773963e-01 5.913170576095581055e-01 6.669124704988782515e-01
5.792180895805358887e-01 6.698958777980357215e-01 5.901690721511840820e-01 6.667050559768047391e-01
5.824387073516845703e-01 6.696078242268496128e-01 5.897516012191772461e-01 6.666502158842363412e-01
5.795311927795410156e-01 6.696084168819435023e-01 5.902734398841857910e-01 6.667542039813091348e-01
5.847647190093994141e-01 6.706613135435943729e-01 5.903778076171875000e-01 6.664315527178653609e-01
5.810520648956298828e-01 6.708603165597176732e-01 5.890210866928100586e-01 6.661829164147102800e-01
5.818125009536743164e-01 6.696116116439790877e-01 5.907952189445495605e-01 6.659882159950687441e-01
5.780103802680969238e-01 6.709457181566067518e-01 5.911083221435546875e-01 6.658464034945799082e-01
5.797548890113830566e-01 6.704417060794717331e-01 5.908995866775512695e-01 6.659849850525813020e-01
5.873143672943115234e-01 6.682998240687250124e-01 5.932999253273010254e-01 6.656896781757165593e-01
5.862855315208435059e-01 6.683261537620133197e-01 5.917345285415649414e-01 6.654507151179511748e-01
5.841385126113891602e-01 6.690831586870530368e-01 5.915257930755615234e-01 6.654609008562936134e-01
5.856146216392517090e-01 6.698342673273883774e-01 5.926737785339355469e-01 6.654724780290516284e-01
5.862855315208435059e-01 6.676658762975165029e-01 5.942391753196716309e-01 6.651846672293787455e-01
5.830649733543395996e-01 6.690898609835381761e-01 5.934042930603027344e-01 6.651769292874616379e-01
5.824387073516845703e-01 6.698335138815932899e-01 5.946566462516784668e-01 6.649809994271592695e-01
5.859724283218383789e-01 6.685813188680832519e-01 5.943435430526733398e-01 6.648975089581170561e-01
5.866881608963012695e-01 6.682456966951465516e-01 5.939261317253112793e-01 6.647371449442652791e-01
5.860618948936462402e-01 6.678807670068902524e-01 5.983093380928039551e-01 6.646297821493990510e-01
5.876274704933166504e-01 6.668200566764806991e-01 5.975787639617919922e-01 6.644674247825501645e-01
5.974682569503784180e-01 6.646619627142574815e-01 5.959089994430541992e-01 6.644304903308475563e-01
5.843621492385864258e-01 6.669944426970312312e-01 5.944479107856750488e-01 6.644187263072942606e-01
5.873143672943115234e-01 6.675037925412732331e-01 5.988311171531677246e-01 6.640460824100540282e-01
5.887457728385925293e-01 6.668826671592833488e-01 6.002922058105468750e-01 6.640877256784576410e-01
5.920557975769042969e-01 6.656988994404207105e-01 6.000834703445434570e-01 6.638756624544072116e-01
5.883879065513610840e-01 6.674813592150250496e-01 5.999791026115417480e-01 6.638059293867973887e-01
5.908480882644653320e-01 6.659121825413918394e-01 5.967438817024230957e-01 6.637283854732382027e-01
5.887010097503662109e-01 6.650179550118343608e-01 5.964307785034179688e-01 6.635736740349578167e-01
5.892825126647949219e-01 6.666568957174543453e-01 5.994573235511779785e-01 6.633496278513202338e-01
5.897298455238342285e-01 6.642875049318561764e-01 5.968482494354248047e-01 6.632799744183025537e-01
5.944265723228454590e-01 6.647986084580058685e-01 5.963264703750610352e-01 6.632802552232361926e-01
5.876274704933166504e-01 6.660161999731291083e-01 6.000834703445434570e-01 6.630707622768734488e-01
5.905796885490417480e-01 6.646311047956371398e-01 6.007096767425537109e-01 6.629830642623359971e-01
5.893719792366027832e-01 6.665512509903982474e-01 5.990398526191711426e-01 6.631715238479999330e-01
5.954553484916687012e-01 6.640482945995908048e-01 5.997704267501831055e-01 6.628318098188068497e-01
5.921900272369384766e-01 6.660302699540036064e-01 5.983093380928039551e-01 6.628161497589840634e-01
