5.535873770713806152e-01 7.051611735624967459e-01 5.695053339004516602e-01 6.794414819219968260e-01
5.720611810684204102e-01 6.779021716518849328e-01 5.725318193435668945e-01 6.839955069779404262e-01
5.780103802680969238e-01 6.726303099626120829e-01 5.756626725196838379e-01 6.866660049677740796e-01
5.849436521530151367e-01 6.712718063058612517e-01 5.825506448745727539e-01 6.690810481134971122e-01
5.862855315208435059e-01 6.697585807970244387e-01 5.869338512420654297e-01 6.739548412774655217e-01
5.939792394638061523e-01 6.665748118458418858e-01 5.879774689674377441e-01 6.675194002745470367e-01
5.903560519218444824e-01 6.660072369766610878e-01 5.396577119827270508e-01 6.819167315300559418e-01
5.950975418090820312e-01 6.625480228042875952e-01 5.713838338851928711e-01 6.794787918419062933e-01
5.914743542671203613e-01 6.633384768876263715e-01 5.886036157608032227e-01 6.631013693428318145e-01
5.946949124336242676e-01 6.606250938543332119e-01 5.667918920516967773e-01 6.744678476811749590e-01
5.981839299201965332e-01 6.585527474604218057e-01 5.953871607780456543e-01 6.609733469350381752e-01
6.001520752906799316e-01 6.571869531072813686e-01 6.055103540420532227e-01 6.537168402931581301e-01
6.030148267745971680e-01 6.560029359852656006e-01 5.871425867080688477e-01 6.876100163025836709e-01
6.059223413467407227e-01 6.541437782036594317e-01 6.074932217597961426e-01 6.526647403578100803e-01
6.058328747749328613e-01 6.535774260775351063e-01 6.025881767272949219e-01 6.555114315810668391e-01
6.080247163772583008e-01 6.517561695660604171e-01 6.034230589866638184e-01 6.572153022980495862e-01
6.123188138008117676e-01 6.490290712896453762e-01 6.140680313110351562e-01 6.489029784487224672e-01
6.132581830024719238e-01 6.471431362413511135e-01 5.958046317100524902e-01 6.568910701119110573e-01
6.124530434608459473e-01 6.453839333800941436e-01 6.041536331176757812e-01 6.898633552553060655e-01
6.133029460906982422e-01 6.452400466478197538e-01 5.981006026268005371e-01 6.473925741075647888e-01
6.159420013427734375e-01 6.424256742992391356e-01 6.151116490364074707e-01 6.511688366286616514e-01
6.199678182601928711e-01 6.407783811475024072e-01 6.166771054267883301e-01 6.431849723418603393e-01
6.193863153457641602e-01 6.400976589485792845e-01 6.005009412765502930e-01 6.525302994626968056e-01
6.209965944290161133e-01 6.381134519979723141e-01 6.068670153617858887e-01 6.539321169801456390e-01
6.219806671142578125e-01 6.366191152426569078e-01 5.905865430831909180e-01 6.605259173972898301e-01
6.243961453437805176e-01 6.337102850811450194e-01 5.923606753349304199e-01 6.879783863191240023e-01
6.236357092857360840e-01 6.336181202820405645e-01 5.979962348937988281e-01 6.468241134507998202e-01
6.231883764266967773e-01 6.341335452249212690e-01 6.019620299339294434e-01 6.422110949993830031e-01
6.258722543716430664e-01 6.325560284761478913e-01 6.179294586181640625e-01 6.438404205223136056e-01
6.304348111152648926e-01 6.304508525498929705e-01 6.250261068344116211e-01 6.373151793432145773e-01
6.320003867149353027e-01 6.286025081535724368e-01 6.312878131866455078e-01 6.272204795502790420e-01
6.303005814552307129e-01 6.280295796909662887e-01 6.288874745368957520e-01 6.360800394656588308e-01
6.345947384834289551e-01 6.254293383138297413e-01 6.144855022430419922e-01 6.350236905937377552e-01
6.341027021408081055e-01 6.260267706628902529e-01 6.234606504440307617e-01 6.444052280650162112e-01
6.357129812240600586e-01 6.232030446935924450e-01 6.202254295349121094e-01 6.413631770387370201e-01
6.370996832847595215e-01 6.210506899473300368e-01 6.141723990440368652e-01 6.347985271744677194e-01
6.343263387680053711e-01 6.205944315033621317e-01 6.230431795120239258e-01 6.243206497225027851e-01
6.353104114532470703e-01 6.188388094319322574e-01 5.883948802947998047e-01 6.608904808902760220e-01
6.430935859680175781e-01 6.175566027385857026e-01 6.122938990592956543e-01 6.434920185345295307e-01
6.417516469955444336e-01 6.163002491039972774e-01 6.288874745368957520e-01 6.514155565137231818e-01
6.381732225418090820e-01 6.160749012401394165e-01 6.184512376785278320e-01 6.469400480554438060e-01
6.377258896827697754e-01 6.147642985911462299e-01 6.297224164009094238e-01 6.291592961262372219e-01
6.407675743103027344e-01 6.115475486271452210e-01 6.265915036201477051e-01 6.261501034573606628e-01
6.475219130516052246e-01 6.095108177094963331e-01 6.270089745521545410e-01 6.295320187623205666e-01
6.392019987106323242e-01 6.111265747464819098e-01 6.306616663932800293e-01 6.227918359064353870e-01
6.490874886512756348e-01 6.097115928786750461e-01 6.235650181770324707e-01 6.229265901395956151e-01
6.498926281929016113e-01 6.076435530883166347e-01 6.261740922927856445e-01 6.464807476511680306e-01
6.476560831069946289e-01 6.060905099277698049e-01 6.278438568115234375e-01 6.194356721966830515e-01
6.489533185958862305e-01 6.056649566528558015e-01 6.373408436775207520e-01 6.198142032189349893e-01
6.489980220794677734e-01 6.039068046420690283e-01 6.364015936851501465e-01 6.218007539836929443e-01
6.518607735633850098e-01 6.016328190089252903e-01 6.285744309425354004e-01 6.248316750026798871e-01
6.478797793388366699e-01 6.032682884185253114e-01 6.487163305282592773e-01 6.139140087038906790e-01
6.540078520774841309e-01 5.983970016161088701e-01 6.439156532287597656e-01 6.129101604142385140e-01
6.538736820220947266e-01 5.996232954626924405e-01 6.368190646171569824e-01 6.174912621894825815e-01
6.549919247627258301e-01 5.971127897154391295e-01 6.294093132019042969e-01 6.304621655665815227e-01
6.543210148811340332e-01 5.981772170123995647e-01 6.453767418861389160e-01 6.104317197245313631e-01
6.535158157348632812e-01 5.973129159629099183e-01 6.526821255683898926e-01 6.128048589995449547e-01
6.612542271614074707e-01 5.946335184657310924e-01 6.492381691932678223e-01 6.076477568350114877e-01
6.564233303070068359e-01 5.947811394199358226e-01 6.336881518363952637e-01 6.237106003011847477e-01
6.585704088211059570e-01 5.944239831414412922e-01 6.463159918785095215e-01 6.131989793671966948e-01
6.576758027076721191e-01 5.912002729354294273e-01 6.354623436927795410e-01 6.086817234972279334e-01
6.635802388191223145e-01 5.918671775960521186e-01 6.448549628257751465e-01 6.081967467033546626e-01
6.637591719627380371e-01 5.913201034079725860e-01 6.330620050430297852e-01 6.243500324734763129e-01
6.581230759620666504e-01 5.901761677167479681e-01 6.352536082267761230e-01 6.267890489641347873e-01
6.607174873352050781e-01 5.897942246616920681e-01 6.286787986755371094e-01 6.270140062117969260e-01
6.621488928794860840e-01 5.902024271514211273e-01 6.238781213760375977e-01 6.610922190372193752e-01
6.623725295066833496e-01 5.864024075482351384e-01 6.145898699760437012e-01 6.555049274217059629e-01
6.653247475624084473e-01 5.867231806140612571e-01 6.356710791587829590e-01 6.201387231769454056e-01
6.600465178489685059e-01 5.894721133334838159e-01 6.398455500602722168e-01 6.151297381068042691e-01
6.665772199630737305e-01 5.848977117744066367e-01 6.478814482688903809e-01 5.966153143841148587e-01
6.671587228775024414e-01 5.855921244425047467e-01 6.452723741531372070e-01 6.061868638988328062e-01
6.658167839050292969e-01 5.836018083837382076e-01 6.278438568115234375e-01 6.420484228637765023e-01
6.705582141876220703e-01 5.838374467991528372e-01 6.567522287368774414e-01 5.975818592729211787e-01
6.655931472778320312e-01 5.833788064729551470e-01 6.513254046440124512e-01 6.183189590971048810e-01
6.688584685325622559e-01 5.800785721468144640e-01 6.460029482841491699e-01 6.170845514571983159e-01
6.687690019607543945e-01 5.815477018323049752e-01 6.513254046440124512e-01 6.013104003572036227e-01
6.747629046440124512e-01 5.777129480996185951e-01 6.362972259521484375e-01 6.281884585086748851e-01
6.734210252761840820e-01 5.800628106908478632e-01 6.410979032516479492e-01 6.165682281439599510e-01
6.748076677322387695e-01 5.759361580395490066e-01 6.538301110267639160e-01 5.987605749378869247e-01
6.698873043060302734e-01 5.784997714293154125e-01 6.413066387176513672e-01 6.200528397636756450e-01
6.742261648178100586e-01 5.758108656422186167e-01 6.540388464927673340e-01 5.966940750983183994e-01
6.730184555053710938e-01 5.752994420063860526e-01 6.551868319511413574e-01 5.938310435683661348e-01
6.758812069892883301e-01 5.756869877274165548e-01 6.569609642028808594e-01 5.868021406278409735e-01
6.775362491607666016e-01 5.754492085145099800e-01 6.582133173942565918e-01 5.861046849076421150e-01
6.743156313896179199e-01 5.766279897273471899e-01 6.474639773368835449e-01 6.214938783690416857e-01
6.793254613876342773e-01 5.696810042096668303e-01 6.567522287368774414e-01 5.972542297091172347e-01
6.786097884178161621e-01 5.721142384698383321e-01 6.511166691780090332e-01 6.177206990664598774e-01
6.792807579040527344e-01 5.709151803412704229e-01 6.449592709541320801e-01 6.167649023469666814e-01
6.773573160171508789e-01 5.704683369356524647e-01 6.440200209617614746e-01 6.430936110241133319e-01
6.784308552742004395e-01 5.688699822153681085e-01 6.653099656105041504e-01 5.928316097049518563e-01
6.764179468154907227e-01 5.692044554551869417e-01 6.577958464622497559e-01 5.975131221415727056e-01
6.823671460151672363e-01 5.691228686942036985e-01 6.505948901176452637e-01 6.119621747024271974e-01
6.799964308738708496e-01 5.662970430929047394e-01 6.581089496612548828e-01 5.927135977086183116e-01
6.786992549896240234e-01 5.681248571497742317e-01 6.520559191703796387e-01 6.247994832319746505e-01
6.821435093879699707e-01 5.674097845775749605e-01 6.576914787292480469e-01 6.070472716016178660e-01
6.795043945312500000e-01 5.665845417191461841e-01 6.680233478546142578e-01 5.901460148327237754e-01
6.833959817886352539e-01 5.668596092309609036e-01 6.573784351348876953e-01 5.987902389167868433e-01
6.830828189849853516e-01 5.642752920521203475e-01 6.615529060363769531e-01 6.016793955444816877e-01
6.829039454460144043e-01 5.630900922434171063e-01 6.358797550201416016e-01 6.559780769546205148e-01
6.846483945846557617e-01 5.627595293733040904e-01 6.689626574516296387e-01 5.903526483859032892e-01
