5.048756599426269531e-01 7.860019637638692158e-01 5.015654563903808594e-01 7.014236359998344827e-01
5.027732849121093750e-01 6.952246731264813961e-01 5.442496538162231445e-01 6.910450022097694989e-01
5.177580714225769043e-01 6.934925142331037629e-01 4.988520145416259766e-01 6.938847722526483297e-01
5.191000103950500488e-01 6.934858991306739329e-01 4.984345734119415283e-01 6.975254184939472246e-01
5.170871615409851074e-01 6.932916884602321472e-01 4.974952936172485352e-01 6.960305873747036909e-01
5.135981440544128418e-01 6.972832870432208452e-01 4.983302056789398193e-01 6.993437753020286252e-01
5.154321193695068359e-01 6.943059204558520436e-01 5.045919418334960938e-01 6.933969617686175368e-01
4.994632303714752197e-01 6.954097390430816761e-01 4.984345734119415283e-01 6.935486320637134217e-01
5.017445087432861328e-01 6.948381166249956165e-01 5.200375914573669434e-01 6.926400989785470586e-01
5.069779753684997559e-01 6.947136639503571631e-01 5.010436177253723145e-01 6.944111296737948136e-01
5.002683997154235840e-01 6.955717803967363944e-01 5.013567209243774414e-01 7.010147549418810353e-01
5.050992965698242188e-01 6.963833456048813542e-01 5.006261467933654785e-01 7.024259630834053247e-01
4.987027943134307861e-01 6.972678880355378528e-01 5.012523531913757324e-01 6.955957438721335206e-01
5.046072602272033691e-01 6.982457993239148397e-01 4.984345734119415283e-01 6.984525764568243478e-01
4.942744672298431396e-01 6.954561539872811116e-01 4.990607500076293945e-01 6.936780135931637226e-01
5.036231875419616699e-01 6.954229023380215091e-01 5.015654563903808594e-01 6.934469052606175854e-01
4.956163763999938965e-01 6.950643450677619350e-01 5.015654563903808594e-01 6.933263738576864732e-01
5.033547878265380859e-01 6.945539032502173749e-01 5.015654563903808594e-01 6.933133995027886964e-01
4.987922608852386475e-01 6.947371084226395821e-01 4.984345734119415283e-01 6.932437189609167438e-01
4.906065464019775391e-01 6.953006657531978219e-01 5.008348822593688965e-01 6.939094309218615253e-01
4.979871213436126709e-01 6.946207521788910766e-01 5.015654563903808594e-01 6.938517609211876103e-01
5.002683997154235840e-01 6.944093031711752184e-01 5.009392499923706055e-01 6.937368653856172962e-01
4.991948604583740234e-01 6.956901249443616653e-01 4.984345734119415283e-01 6.963194893710773492e-01
5.008051395416259766e-01 6.957571962733327675e-01 5.015654563903808594e-01 6.933019404942794006e-01
5.028627514839172363e-01 6.944400962701443580e-01 4.990607500076293945e-01 6.934191040792686556e-01
5.001341700553894043e-01 6.962624210794319257e-01 4.984345734119415283e-01 7.007410708411305755e-01
4.936482310295104980e-01 6.958001218236267160e-01 4.990607500076293945e-01 6.931390979423873722e-01
5.037573575973510742e-01 6.945317376276358701e-01 5.015654563903808594e-01 6.930898270833917296e-01
4.975398182868957520e-01 6.953009978925889234e-01 5.015654563903808594e-01 7.040543817722382247e-01
4.962873458862304688e-01 6.952877302441961005e-01 5.015654563903808594e-01 6.940141438168888621e-01
5.007604360580444336e-01 6.956828944391717506e-01 4.987476468086242676e-01 6.936538801191246550e-01
4.965110123157501221e-01 6.962294426154612692e-01 4.990607500076293945e-01 6.955236103832783678e-01
5.039362907409667969e-01 6.963008939846616618e-01 5.015654563903808594e-01 6.931160212533504783e-01
4.994632303714752197e-01 6.959175882665389334e-01 5.009392499923706055e-01 6.947331166645600575e-01
4.958400428295135498e-01 6.973473993625767253e-01 5.009392499923706055e-01 6.939862959694946820e-01
5.014761090278625488e-01 6.974405923071435032e-01 5.015654563903808594e-01 6.945192210735495753e-01
5.049651265144348145e-01 6.962483519623927641e-01 4.984345734119415283e-01 6.936221783978783195e-01
4.915011525154113770e-01 6.968460273478193079e-01 4.984345734119415283e-01 6.933763813957544153e-01
4.986133575439453125e-01 6.959019728200894761e-01 5.015654563903808594e-01 6.931228343093353006e-01
5.068885087966918945e-01 6.946755929845542799e-01 4.990607500076293945e-01 6.948938229790163623e-01
4.949901700019836426e-01 6.966786005561392825e-01 4.984345734119415283e-01 6.931953624379184609e-01
4.927536249160766602e-01 6.984402358286665446e-01 4.990607500076293945e-01 7.077484297319435180e-01
5.049203634262084961e-01 6.952778698400257085e-01 4.990607500076293945e-01 6.931507240703275174e-01
5.005367398262023926e-01 6.958125132976054061e-01 5.015654563903808594e-01 6.934687520611189093e-01
5.012524724006652832e-01 6.978826579243067041e-01 5.009392499923706055e-01 6.932187620196603728e-01
5.017445087432861328e-01 6.984616220583961255e-01 5.009392499923706055e-01 6.951833721044242687e-01
4.998210668563842773e-01 6.974692767731596188e-01 5.009392499923706055e-01 6.943389090733298463e-01
5.055913329124450684e-01 6.957090046436079644e-01 4.990607500076293945e-01 7.085425343401022813e-01
4.963768124580383301e-01 6.973672586831962672e-01 4.990607500076293945e-01 6.932652010422015731e-01
4.968688488006591797e-01 6.987411138473459404e-01 4.986432790756225586e-01 6.957143734502184707e-01
4.986133575439453125e-01 6.968658232245255046e-01 5.014610886573791504e-01 6.933883720438556164e-01
5.043388605117797852e-01 6.966789988482610108e-01 5.009392499923706055e-01 6.944639347485872527e-01
4.955269396305084229e-01 6.964001954614977841e-01 4.990607500076293945e-01 6.958690022556350829e-01
5.005815029144287109e-01 6.959584611518840891e-01 4.990607500076293945e-01 6.932927518989715487e-01
5.004920363426208496e-01 6.960234140044441187e-01 4.990607500076293945e-01 6.935829964243427348e-01
5.020576119422912598e-01 6.958149622497245002e-01 5.009392499923706055e-01 6.938727835080141793e-01
4.997316300868988037e-01 6.970406430610968096e-01 4.990607500076293945e-01 7.110099036443260356e-01
4.981213212013244629e-01 6.962065798670218353e-01 5.009392499923706055e-01 6.931717613996929428e-01
4.989264607429504395e-01 6.963532716755705954e-01 4.990607500076293945e-01 6.933960901548806843e-01
5.002683997154235840e-01 6.993144487711840940e-01 5.009392499923706055e-01 6.945604898192593302e-01
5.011630058288574219e-01 6.974111316263366112e-01 4.990607500076293945e-01 7.055132067220939440e-01
4.927088916301727295e-01 6.963805369772836373e-01 5.009392499923706055e-01 6.949238015276184566e-01
4.961084127426147461e-01 6.953642749150764635e-01 5.009392499923706055e-01 6.936422861510690430e-01
4.942744672298431396e-01 6.958096167934156862e-01 5.015654563903808594e-01 6.945520759474830275e-01
4.992842972278594971e-01 6.964665574216100108e-01 5.015654563903808594e-01 6.931193893574344456e-01
4.984344244003295898e-01 6.971118074449705881e-01 5.009392499923706055e-01 7.034273040466332283e-01
5.003578662872314453e-01 6.963164065707069250e-01 4.990607500076293945e-01 6.956516486621554529e-01
4.978529214859008789e-01 6.962178007480090969e-01 5.009392499923706055e-01 6.932229344318814324e-01
5.047414302825927734e-01 6.979553986585381731e-01 5.009392499923706055e-01 6.945304147039169651e-01
5.027732849121093750e-01 6.963771598393256879e-01 5.009392499923706055e-01 7.065167290461235039e-01
5.008051395416259766e-01 6.981989656114945264e-01 4.990607500076293945e-01 6.943625211964516986e-01
5.041599273681640625e-01 6.960880536473400548e-01 4.990607500076293945e-01 6.936134582047570607e-01
5.002236366271972656e-01 6.973022772600792063e-01 4.990607500076293945e-01 6.932515522005960884e-01
5.008051395416259766e-01 6.972327140751625185e-01 4.990607500076293945e-01 6.931157121327893300e-01
4.909196496009826660e-01 6.960895648261135049e-01 5.009392499923706055e-01 6.940797818923787332e-01
5.042493939399719238e-01 7.005213673862580315e-01 4.990607500076293945e-01 7.094915153536859309e-01
4.974056184291839600e-01 6.965965347397538032e-01 5.009392499923706055e-01 6.953751661164903064e-01
4.995079636573791504e-01 6.963265969493475094e-01 5.016698241233825684e-01 6.938849075107778042e-01
5.025496482849121094e-01 6.966929063640866504e-01 4.990607500076293945e-01 6.958467218005515154e-01
5.084093809127807617e-01 6.958618102954141627e-01 4.990607500076293945e-01 6.940739176462946691e-01
5.004473328590393066e-01 6.979759655243639171e-01 4.990607500076293945e-01 6.976149237073804299e-01
4.994184970855712891e-01 6.968423364989594360e-01 4.990607500076293945e-01 6.950710566873417040e-01
5.001341700553894043e-01 6.958561514161485384e-01 4.990607500076293945e-01 6.949117323024067705e-01
4.955269396305084229e-01 6.976908875569650670e-01 5.009392499923706055e-01 6.931792683627256979e-01
4.967346489429473877e-01 7.008383343398496557e-01 5.009392499923706055e-01 6.964521295987995408e-01
5.006709694862365723e-01 6.966660786536751360e-01 4.990607500076293945e-01 6.947619794082402489e-01
4.942744672298431396e-01 6.960368289847689294e-01 5.009392499923706055e-01 6.934648243999261830e-01
5.037126541137695312e-01 6.970896287262172697e-01 5.009392499923706055e-01 6.963730233369005429e-01
4.959742426872253418e-01 6.951049022799123955e-01 4.990607500076293945e-01 6.946356116020960814e-01
4.993290305137634277e-01 6.978004338127445916e-01 4.990607500076293945e-01 6.960974614472410504e-01
4.933351278305053711e-01 6.993584354846501538e-01 5.009392499923706055e-01 6.936924183226855778e-01
4.961531460285186768e-01 6.969039899694149387e-01 5.009392499923706055e-01 7.040320132724727786e-01
4.993290305137634277e-01 6.971485367783665232e-01 4.990607500076293945e-01 7.021228515313080454e-01
4.976292848587036133e-01 6.983720109807846077e-01 5.009392499923706055e-01 7.040206916370562729e-01
4.992395639419555664e-01 6.965250609428260686e-01 4.990607500076293945e-01 6.932472237662815617e-01
5.000447034835815430e-01 6.953682799227528522e-01 4.990607500076293945e-01 6.934869586737164582e-01
5.000000000000000000e-01 6.959441724073526236e-01 4.990607500076293945e-01 6.965619874906251452e-01
5.069779753684997559e-01 6.958424152276835306e-01 4.990607500076293945e-01 6.932517701911169450e-01
5.002683997154235840e-01 6.981076368984414637e-01 5.009392499923706055e-01 6.966858213218063423e-01
4.994632303714752197e-01 6.958679046543836400e-01 5.009392499923706055e-01 6.931456096782935283e-01
