5.669171810150146484e-01 6.836019859029859314e-01 5.786892175674438477e-01 6.708303718695285411e-01
5.821703076362609863e-01 6.713600041380421990e-01 5.379878878593444824e-01 6.806813287874323715e-01
5.905796885490417480e-01 6.675712412810107521e-01 5.867251157760620117e-01 6.643715134445298265e-01
5.911611914634704590e-01 6.666849130359013831e-01 5.976831316947937012e-01 6.681300261851218503e-01
5.906244516372680664e-01 6.666430361391628701e-01 5.939261317253112793e-01 6.633940863723770676e-01
5.979602932929992676e-01 6.624474789827961008e-01 6.032143831253051758e-01 6.625821058945724484e-01
5.984075665473937988e-01 6.630325038289315298e-01 5.841160416603088379e-01 6.672393100740914296e-01
5.941134095191955566e-01 6.650624310507461390e-01 5.942391753196716309e-01 6.681807486554621756e-01
5.940240025520324707e-01 6.646242947223510722e-01 6.021707653999328613e-01 6.623015269136358629e-01
5.955448150634765625e-01 6.624176782601036706e-01 5.985180735588073730e-01 6.615076625404365807e-01
5.998836755752563477e-01 6.608691734669566165e-01 6.034230589866638184e-01 6.581209307422569710e-01
6.005546450614929199e-01 6.606761795140524418e-01 5.951784849166870117e-01 6.632538001289997043e-01
5.994364023208618164e-01 6.600463526644376744e-01 5.930911898612976074e-01 6.660506960072215543e-01
6.029253602027893066e-01 6.594246143858768505e-01 5.991442203521728516e-01 6.582354789635155301e-01
6.064143776893615723e-01 6.578681697720042409e-01 6.101022958755493164e-01 6.577251529399996688e-01
6.066827774047851562e-01 6.575070746492286400e-01 6.064496040344238281e-01 6.577233082067241998e-01
6.064143776893615723e-01 6.569644702762754696e-01 5.995616912841796875e-01 6.584899062603755127e-01
6.010466814041137695e-01 6.590628661501917174e-01 6.059277653694152832e-01 6.542556785735972325e-01
6.095455288887023926e-01 6.540078078619075974e-01 6.111459136009216309e-01 6.539272484588264378e-01
6.105743646621704102e-01 6.552490780446967866e-01 6.103109717369079590e-01 6.517972174454172984e-01
6.073089838027954102e-01 6.531665494092612212e-01 6.130244135856628418e-01 6.544991094790876263e-01
6.119162440299987793e-01 6.507183051446316924e-01 6.127113103866577148e-01 6.466203814532208716e-01
6.111558675765991211e-01 6.492637894430448586e-01 6.078063249588012695e-01 6.487446015798281618e-01
6.135712862014770508e-01 6.490600540378179684e-01 6.144855022430419922e-01 6.559216728093006932e-01
6.175523400306701660e-01 6.468671920218905802e-01 6.075975894927978516e-01 6.463348606488222847e-01
6.141975522041320801e-01 6.474306086965784246e-01 6.205385327339172363e-01 6.439751270070650513e-01
6.162551641464233398e-01 6.458002945928459360e-01 6.141723990440368652e-01 6.454121408370958601e-01
6.168366670608520508e-01 6.445248751611312166e-01 6.169902086257934570e-01 6.456784795331347304e-01
6.202361583709716797e-01 6.445557039972920066e-01 6.210603117942810059e-01 6.429303329639358688e-01
6.198783516883850098e-01 6.438221177361181935e-01 6.013358235359191895e-01 6.512993615073218168e-01
6.159420013427734375e-01 6.452373785801107653e-01 6.176163554191589355e-01 6.405006785329063757e-01
6.170155405998229980e-01 6.428642377462641111e-01 6.101022958755493164e-01 6.462330248504659647e-01
6.158972978591918945e-01 6.451435118652366629e-01 6.118764281272888184e-01 6.488652985470699797e-01
6.236804723739624023e-01 6.395105892013492888e-01 6.242955327033996582e-01 6.382474409366942769e-01
6.230989694595336914e-01 6.391373970018429107e-01 6.261740922927856445e-01 6.347815122442139746e-01
6.258722543716430664e-01 6.376204338583926212e-01 6.184512376785278320e-01 6.387419841703058099e-01
6.236357092857360840e-01 6.358382969982702138e-01 6.266958713531494141e-01 6.412380267548127843e-01
6.236357092857360840e-01 6.401511764970015950e-01 6.295136809349060059e-01 6.377163408096686581e-01
6.275720000267028809e-01 6.355354489229044779e-01 6.225214004516601562e-01 6.378808805699189843e-01
6.292718052864074707e-01 6.327143762507961844e-01 6.286787986755371094e-01 6.318810278103860201e-01
6.305242180824279785e-01 6.327918424207892301e-01 6.149029135704040527e-01 6.406732528649100589e-01
6.301664113998413086e-01 6.308756432500843836e-01 6.309747695922851562e-01 6.281407703514314544e-01
6.357577443122863770e-01 6.269712539196099499e-01 6.251304745674133301e-01 6.319949538342963802e-01
6.316872239112854004e-01 6.289151585641711284e-01 6.366103291511535645e-01 6.253056315060971926e-01
6.358472108840942383e-01 6.275132001352813349e-01 6.230431795120239258e-01 6.357229603429199738e-01
6.362050175666809082e-01 6.242099160328173912e-01 6.393237113952636719e-01 6.260712266938717185e-01
6.374574899673461914e-01 6.242962559042900539e-01 6.271133422851562500e-01 6.252474050834367914e-01
6.411254405975341797e-01 6.214368117689595961e-01 6.335837841033935547e-01 6.241956746197523387e-01
6.387547254562377930e-01 6.202161574453290971e-01 6.342099905014038086e-01 6.286474499790037918e-01
6.376364231109619141e-01 6.227430156186305465e-01 6.384888291358947754e-01 6.226167425410629175e-01
6.436750888824462891e-01 6.173652119575960828e-01 6.336881518363952637e-01 6.239598537257756705e-01
6.407675743103027344e-01 6.196316292299143269e-01 6.249217391014099121e-01 6.265656853538295046e-01
6.424673199653625488e-01 6.169223375345176397e-01 6.346274018287658691e-01 6.241346778687493213e-01
6.390230655670166016e-01 6.201248255435501955e-01 6.413066387176513672e-01 6.179598794056114786e-01
6.464036703109741211e-01 6.131921397336460577e-01 6.352536082267761230e-01 6.177273653315442647e-01
6.431382894515991211e-01 6.151496260574410568e-01 6.413066387176513672e-01 6.153700677543859632e-01
6.474772095680236816e-01 6.087850981949692875e-01 6.393237113952636719e-01 6.136014523348910510e-01
6.477455496788024902e-01 6.089295275438704191e-01 6.294093132019042969e-01 6.234678755073252976e-01
6.502057909965515137e-01 6.093656554868810415e-01 6.465247273445129395e-01 6.145825036083126802e-01
6.463142037391662598e-01 6.109737172538851624e-01 6.365059614181518555e-01 6.136798613680053416e-01
6.528448462486267090e-01 6.028527115790099922e-01 6.460029482841491699e-01 6.150311887376220810e-01
6.502504944801330566e-01 6.071375410295296593e-01 6.442287564277648926e-01 6.118969824736611995e-01
6.552156209945678711e-01 6.005151207512319234e-01 6.474639773368835449e-01 6.086084113392743467e-01
6.536500453948974609e-01 6.041107580324344140e-01 6.420371532440185547e-01 6.175205063232671598e-01
6.537842154502868652e-01 6.038176274018075551e-01 6.441243886947631836e-01 6.129043231899219402e-01
6.494453549385070801e-01 6.040051374287825903e-01 6.377583146095275879e-01 6.129292196556661576e-01
6.577205061912536621e-01 6.006807713053012865e-01 6.454811096191406250e-01 6.167965140578592909e-01
6.577205061912536621e-01 5.973839537895606622e-01 6.472552418708801270e-01 6.073996977302481559e-01
6.562443971633911133e-01 5.973284919928685266e-01 6.370277404785156250e-01 6.171027045612219597e-01
6.595991849899291992e-01 5.958971266542613110e-01 6.472552418708801270e-01 6.064920027677511705e-01
6.625066995620727539e-01 5.938444705465053541e-01 6.505948901176452637e-01 6.053055723010560829e-01
6.647879481315612793e-01 5.872694488330184592e-01 6.480901837348937988e-01 6.080109895432674882e-01
6.604490876197814941e-01 5.964214312494878767e-01 6.426633000373840332e-01 6.102539059066294236e-01
6.643853783607482910e-01 5.876873236880743034e-01 6.398455500602722168e-01 6.412223120418477640e-01
6.541867852210998535e-01 5.991480908468085342e-01 6.540388464927673340e-01 6.021200417103784730e-01
6.599570512771606445e-01 5.895729343928256538e-01 6.320183873176574707e-01 6.209218121973315574e-01
6.639381051063537598e-01 5.880634055557394380e-01 6.536213755607604980e-01 6.028702897907074476e-01
6.631329655647277832e-01 5.889220496989209241e-01 6.475683450698852539e-01 6.076441885558629963e-01
6.634013056755065918e-01 5.864428505208160169e-01 6.573784351348876953e-01 5.956875001729791119e-01
6.624172329902648926e-01 5.884656718323708624e-01 6.538301110267639160e-01 6.036542883573208229e-01
6.632223725318908691e-01 5.879490903738168184e-01 6.593613028526306152e-01 5.972751873168037351e-01
6.677849292755126953e-01 5.857415113856059286e-01 6.486119627952575684e-01 6.050252530376241111e-01
6.680085659027099609e-01 5.811409967213116978e-01 6.581089496612548828e-01 5.935008570511438597e-01
6.545446515083312988e-01 5.974640228556784560e-01 6.577958464622497559e-01 5.999147612076665137e-01
6.681874990463256836e-01 5.802000505720743551e-01 6.587351560592651367e-01 5.937616060482289182e-01
6.732867956161499023e-01 5.790334583437918292e-01 6.532039046287536621e-01 5.988162296272673268e-01
6.688137650489807129e-01 5.783183304541310576e-01 6.498643159866333008e-01 6.011045465910268559e-01
6.685006022453308105e-01 5.808264558441973424e-01 6.569609642028808594e-01 6.006954571842972879e-01
6.730631589889526367e-01 5.797823809259243788e-01 6.569609642028808594e-01 6.024307001983166820e-01
6.723921895027160645e-01 5.763172965118850133e-01 6.604049205780029297e-01 5.995677691540074461e-01
6.705135107040405273e-01 5.822226402370932474e-01 6.652055978775024414e-01 5.947833355322582616e-01
6.708266139030456543e-01 5.773664707146980435e-01 6.637445092201232910e-01 5.898577554741972762e-01
6.760601401329040527e-01 5.718997541470441925e-01 6.584220528602600098e-01 5.986372903004938406e-01
6.708713769912719727e-01 5.784207677389006097e-01 6.562304496765136719e-01 5.964486175727008455e-01
6.756575703620910645e-01 5.713401965451679887e-01 6.562304496765136719e-01 6.019052180983134326e-01
6.762390136718750000e-01 5.708579991921305385e-01 6.538301110267639160e-01 6.059302560373925894e-01
6.775362491607666016e-01 5.715499177007219433e-01 6.545606255531311035e-01 6.004601946904201126e-01
6.750760674476623535e-01 5.728373867942003761e-01 6.344187259674072266e-01 6.728158496387117715e-01
6.695741415023803711e-01 5.838106855614110247e-01 6.619703769683837891e-01 5.898192334936496195e-01
6.752549409866333008e-01 5.712108634136341401e-01 6.638488769531250000e-01 5.883563145593918575e-01
