5.043388605117797852e-01 7.453637170672181567e-01 5.561469197273254395e-01 6.865132898185577481e-01
5.199051499366760254e-01 7.113768288798698602e-01 5.757670402526855469e-01 6.820448661392950473e-01
5.254070758819580078e-01 7.016936690974990842e-01 5.775412321090698242e-01 6.798598188195440484e-01
5.359187722206115723e-01 6.946403226692020594e-01 5.760801434516906738e-01 6.764204059829544979e-01
5.497853159904479980e-01 6.881944448646311052e-01 5.812982916831970215e-01 6.747861646754934606e-01
5.509930253028869629e-01 6.866572997207013307e-01 5.760801434516906738e-01 6.731990584499077945e-01
5.543925762176513672e-01 6.821247044478147004e-01 5.904821753501892090e-01 6.716065153998985737e-01
5.635176301002502441e-01 6.800214395708209514e-01 5.838029384613037109e-01 6.706658773943766638e-01
5.632939934730529785e-01 6.786882587485075780e-01 5.827593207359313965e-01 6.693670279395975697e-01
5.721506476402282715e-01 6.770094977356833077e-01 5.828636884689331055e-01 6.688672817343088717e-01
5.709429383277893066e-01 6.767248955496437679e-01 5.869338512420654297e-01 6.687388485046797948e-01
5.761317014694213867e-01 6.737531540559771326e-01 5.866207480430603027e-01 6.684439090093972080e-01
5.745661258697509766e-01 6.743236769288698529e-01 5.865163803100585938e-01 6.673732384638108028e-01
5.789049863815307617e-01 6.714632219781089262e-01 5.873512625694274902e-01 6.677092495280102513e-01
5.814993977546691895e-01 6.716690901076991516e-01 5.936130285263061523e-01 6.671535690227398119e-01
5.801574587821960449e-01 6.717039558921181763e-01 5.833855271339416504e-01 6.660084240224062313e-01
5.819466710090637207e-01 6.710078502558791680e-01 5.801503062248229980e-01 6.653038254612250180e-01
5.804258584976196289e-01 6.704099070281457351e-01 5.961177349090576172e-01 6.659309501514582008e-01
5.850331187248229980e-01 6.685816118256054930e-01 5.847422480583190918e-01 6.652827136105023964e-01
5.875380039215087891e-01 6.675125328175047779e-01 5.986224412918090820e-01 6.638136890506326493e-01
5.862408280372619629e-01 6.660834154666355200e-01 6.009184122085571289e-01 6.625888831827939640e-01
5.863749980926513672e-01 6.670879385918832005e-01 6.012314558029174805e-01 6.619195978045836481e-01
5.928609967231750488e-01 6.636957714331130909e-01 5.968482494354248047e-01 6.610268747425855906e-01
5.898640155792236328e-01 6.651272091312684376e-01 6.002922058105468750e-01 6.602784486410140374e-01
5.918321609497070312e-01 6.637754752354836363e-01 5.940304994583129883e-01 6.606092626803157231e-01
6.002863049507141113e-01 6.612839118742008804e-01 6.012314558029174805e-01 6.585195221549606792e-01
5.936661362648010254e-01 6.610846050759507930e-01 5.998747944831848145e-01 6.579869476247495186e-01
5.963947176933288574e-01 6.611043258736269967e-01 6.065539717674255371e-01 6.574798378509461028e-01
5.983180999755859375e-01 6.619324505190491426e-01 6.081193685531616211e-01 6.579683450288001945e-01
5.969314575195312500e-01 6.614170419463831774e-01 6.062408685684204102e-01 6.570127523659514690e-01
6.022544503211975098e-01 6.594656690499248741e-01 6.074932217597961426e-01 6.566298738249506384e-01
6.003310084342956543e-01 6.593087573216968034e-01 6.007096767425537109e-01 6.583068363603333806e-01
6.024333238601684570e-01 6.581928082241058631e-01 6.067627072334289551e-01 6.581402209625689670e-01
6.016729474067687988e-01 6.575142321656568534e-01 6.075975894927978516e-01 6.550248492313959225e-01
6.068169474601745605e-01 6.562078143087561877e-01 6.104153394699096680e-01 6.545596137173214091e-01
6.062354445457458496e-01 6.557180584276868229e-01 6.122938990592956543e-01 6.542048022458907264e-01
6.081141233444213867e-01 6.554158617055657610e-01 6.095804572105407715e-01 6.533266187485512466e-01
6.100823283195495605e-01 6.560569032826732982e-01 6.107284426689147949e-01 6.532896517761762611e-01
6.084719896316528320e-01 6.545478430069885389e-01 6.143811345100402832e-01 6.520836349942942256e-01
6.097244620323181152e-01 6.539534352870421952e-01 6.095804572105407715e-01 6.539491347220565132e-01
6.099928617477416992e-01 6.549598567279768524e-01 6.137549281120300293e-01 6.520007614351915892e-01
6.122741103172302246e-01 6.541844724990276694e-01 6.131287813186645508e-01 6.514025725917262921e-01
6.102164983749389648e-01 6.535918443120641852e-01 6.095804572105407715e-01 6.525476296220237282e-01
6.116926074028015137e-01 6.522260727385840173e-01 6.146942377090454102e-01 6.511449054197686603e-01
6.112005710601806641e-01 6.529679984243552671e-01 6.151116490364074707e-01 6.498000736874545158e-01
6.075326800346374512e-01 6.524670766918150289e-01 6.158422231674194336e-01 6.504012850624264486e-01
6.149579286575317383e-01 6.512657559862885526e-01 6.119807958602905273e-01 6.501734460651737990e-01
6.144211888313293457e-01 6.515592687947738826e-01 6.133375167846679688e-01 6.505187604427835613e-01
6.132581830024719238e-01 6.510673149324397446e-01 6.167814731597900391e-01 6.487600227234334715e-01
6.101717948913574219e-01 6.509789121473041895e-01 6.153203845024108887e-01 6.493894505714777887e-01
6.149132251739501953e-01 6.515686328348394563e-01 6.186599731445312500e-01 6.480622422070623223e-01
6.150026917457580566e-01 6.496879861870569206e-01 6.159465909004211426e-01 6.475590027042978924e-01
6.131240129470825195e-01 6.506823650368809275e-01 6.179294586181640625e-01 6.476377779993078843e-01
6.158972978591918945e-01 6.495844498263380062e-01 6.166771054267883301e-01 6.473617363861871032e-01
6.156288981437683105e-01 6.495277442879232588e-01 6.134418845176696777e-01 6.485634930470720594e-01
6.177312731742858887e-01 6.505377098323408269e-01 6.178250908851623535e-01 6.467566438045713184e-01
6.128556132316589355e-01 6.494637980169336577e-01 6.170945763587951660e-01 6.459627559677192377e-01
6.171050071716308594e-01 6.486696467392771837e-01 6.181381940841674805e-01 6.457200802783332749e-01
6.154947280883789062e-01 6.477985491179293343e-01 6.203297972679138184e-01 6.453653411262096906e-01
6.146001219749450684e-01 6.490897346767208198e-01 6.157378554344177246e-01 6.463188357951371588e-01
6.181785464286804199e-01 6.463420939884878536e-01 6.158422231674194336e-01 6.461743940716868639e-01
6.175075769424438477e-01 6.471307901773880600e-01 6.147986054420471191e-01 6.484090714831860502e-01
6.178207397460937500e-01 6.468056615466699633e-01 6.180338263511657715e-01 6.471033265510548471e-01
6.154947280883789062e-01 6.463304388542298051e-01 6.194949150085449219e-01 6.450539966436746875e-01
6.223385334014892578e-01 6.460414350960629326e-01 6.235650181770324707e-01 6.438563941067978469e-01
6.171944737434387207e-01 6.469017656912934289e-01 6.201210618019104004e-01 6.455828859870256231e-01
6.182680130004882812e-01 6.448676350036105509e-01 6.170945763587951660e-01 6.435031439262252073e-01
6.230989694595336914e-01 6.466010060287328276e-01 6.231475472450256348e-01 6.437597375800877542e-01
6.198783516883850098e-01 6.452749742551275869e-01 6.199123263359069824e-01 6.430250088398702379e-01
6.197888851165771484e-01 6.453603564850395324e-01 6.190774440765380859e-01 6.447844544747904916e-01
6.214439272880554199e-01 6.459957003422810429e-01 6.247130036354064941e-01 6.428408939239750319e-01
6.225174665451049805e-01 6.442548674427134303e-01 6.208515763282775879e-01 6.421628197407428518e-01
6.239935755729675293e-01 6.437977716009440909e-01 6.195992231369018555e-01 6.419135520712514476e-01
6.233226060867309570e-01 6.444054138235978391e-01 6.221039295196533203e-01 6.417000500376053296e-01
6.174628734588623047e-01 6.450806034445272230e-01 6.184512376785278320e-01 6.427987396182109903e-01
6.188048124313354492e-01 6.444371706429694591e-01 6.235650181770324707e-01 6.410618480524322704e-01
6.215333938598632812e-01 6.435175455732067284e-01 6.219995617866516113e-01 6.421976253822635483e-01
6.235015392303466797e-01 6.426673054609812752e-01 6.210603117942810059e-01 6.413823953627345587e-01
6.226516366004943848e-01 6.415136383116873953e-01 6.214777827262878418e-01 6.398654318731679114e-01
6.239935755729675293e-01 6.425997405193811796e-01 6.221039295196533203e-01 6.401372620840954930e-01
6.238146424293518066e-01 6.415390284293067680e-01 6.210603117942810059e-01 6.388291185222172430e-01
6.267668604850769043e-01 6.400157784195614763e-01 6.240868568420410156e-01 6.392441300130592419e-01
6.285113692283630371e-01 6.408317012082146436e-01 6.257566213607788086e-01 6.401796700983798383e-01
6.239488124847412109e-01 6.420364947454685334e-01 6.224170327186584473e-01 6.397675930943625966e-01
6.225174665451049805e-01 6.401308077374348038e-01 6.240868568420410156e-01 6.395426398526897760e-01
6.274825334548950195e-01 6.399704048982949312e-01 6.257566213607788086e-01 6.380294500923037182e-01
6.236804723739624023e-01 6.404618958408193619e-01 6.228345036506652832e-01 6.372202211694313334e-01
6.269457936286926270e-01 6.407574865574443557e-01 6.264871358871459961e-01 6.372979789431123532e-01
6.236804723739624023e-01 6.375521869560456523e-01 6.259653568267822266e-01 6.376400085959597064e-01
6.298533082008361816e-01 6.393665399080441514e-01 6.261740922927856445e-01 6.374214186819677774e-01
6.274825334548950195e-01 6.383272793472591911e-01 6.273220777511596680e-01 6.362333665359893864e-01
6.259617209434509277e-01 6.392170193797255262e-01 6.270089745521545410e-01 6.358734018194031057e-01
6.289586424827575684e-01 6.380202305894948633e-01 6.297224164009094238e-01 6.364398859184685620e-01
6.284219026565551758e-01 6.406774557560367400e-01 6.305572986602783203e-01 6.357496746694636380e-01
6.261853575706481934e-01 6.385823685317927323e-01 6.260697245597839355e-01 6.365714532128208258e-01
6.281535029411315918e-01 6.375210947673891626e-01 6.295136809349060059e-01 6.371578555519161746e-01
6.289586424827575684e-01 6.373066196908334646e-01 6.277394890785217285e-01 6.347230881720040685e-01
6.299427151679992676e-01 6.380709363429228898e-01 6.302441954612731934e-01 6.341246786010064085e-01
6.268116235733032227e-01 6.371447152177684981e-01 6.271133422851562500e-01 6.363368846011097091e-01
6.287350058555603027e-01 6.377780911192567626e-01 6.301398277282714844e-01 6.327622861037097701e-01
