4.973161518573760986e-01 7.322541096274893802e-01 5.018784999847412109e-01 6.989780139311000395e-01
4.999552667140960693e-01 6.954012832459876003e-01 5.038614273071289062e-01 6.927944448516254461e-01
4.950349032878875732e-01 6.953510465658634399e-01 4.982258379459381104e-01 6.952492806090863064e-01
5.021917819976806641e-01 6.948834730188585551e-01 5.017741322517395020e-01 6.935330646019642886e-01
5.032653212547302246e-01 6.942184975906996458e-01 5.012523531913757324e-01 6.939274218703977981e-01
5.011630058288574219e-01 6.944230678342155905e-01 4.987476468086242676e-01 6.951077843080655239e-01
4.986133575439453125e-01 6.944936013729376967e-01 5.067835450172424316e-01 6.929174060613519925e-01
5.069332718849182129e-01 6.939928759549977011e-01 5.121060609817504883e-01 6.930483185630380571e-01
4.969135820865631104e-01 6.944403391572054884e-01 5.016698241233825684e-01 6.932289006938469056e-01
4.987475275993347168e-01 6.941834630704263320e-01 5.016698241233825684e-01 6.932795297201280738e-01
5.001789331436157227e-01 6.939818217089317454e-01 4.986432790756225586e-01 6.938111479634209156e-01
4.978976547718048096e-01 6.942803914633562945e-01 4.990607500076293945e-01 6.951933429624859162e-01
4.959295094013214111e-01 6.942241201462184819e-01 5.008348822593688965e-01 6.932623982927142992e-01
5.099301934242248535e-01 6.951499416568365231e-01 4.846587479114532471e-01 6.932204086555118216e-01
4.992395639419555664e-01 6.943588310692343502e-01 5.012523531913757324e-01 6.932176604845209367e-01
4.995974302291870117e-01 6.944987357867854483e-01 5.015654563903808594e-01 6.934098243414795748e-01
4.991501271724700928e-01 6.940290045388419760e-01 5.018784999847412109e-01 6.943074044169077474e-01
5.025944113731384277e-01 6.942862425833317142e-01 5.015654563903808594e-01 6.979181364791374742e-01
4.987027943134307861e-01 6.940074729288087108e-01 5.013567209243774414e-01 6.930406273742529821e-01
4.946323037147521973e-01 6.939838794075882111e-01 5.011479854583740234e-01 6.933004552550167121e-01
4.973608851432800293e-01 6.938792442801942073e-01 4.990607500076293945e-01 6.932883451114838502e-01
4.965557456016540527e-01 6.944834823087111531e-01 4.990607500076293945e-01 6.932145469847066366e-01
4.982554912567138672e-01 6.939949975454822173e-01 5.009392499923706055e-01 6.936639921074494453e-01
4.978529214859008789e-01 6.938615220671029427e-01 5.009392499923706055e-01 6.932339494598108720e-01
4.991501271724700928e-01 6.935907866579834602e-01 5.009392499923706055e-01 6.931652443266144159e-01
4.990159273147583008e-01 6.936527468220111681e-01 4.983302056789398193e-01 6.940112147170003354e-01
4.974950850009918213e-01 6.937263402151365721e-01 4.988520145416259766e-01 6.932097580357748923e-01
5.068438053131103516e-01 6.939137030061615086e-01 4.986432790756225586e-01 6.932416315169305232e-01
4.995079636573791504e-01 6.935277103759197592e-01 4.990607500076293945e-01 6.941366574008338564e-01
5.008946061134338379e-01 6.936937915252900932e-01 4.990607500076293945e-01 6.931677354051434259e-01
4.992395639419555664e-01 6.940048574377500890e-01 4.991650879383087158e-01 6.931511620294821263e-01
4.962873458862304688e-01 6.936157617506688577e-01 4.988520145416259766e-01 6.938180043761552618e-01
4.990159273147583008e-01 6.940758222649745512e-01 4.991650879383087158e-01 6.932876752030499024e-01
5.024154782295227051e-01 6.938864384723021361e-01 4.987476468086242676e-01 6.935380285827781321e-01
5.032653212547302246e-01 6.936318967568040339e-01 5.016698241233825684e-01 6.943411530743708315e-01
5.046967267990112305e-01 6.939767651255900338e-01 4.990607500076293945e-01 6.935856250501380993e-01
4.983449578285217285e-01 6.936267615431087608e-01 5.012523531913757324e-01 6.938788282724442924e-01
5.012524724006652832e-01 6.940777468796514027e-01 5.009392499923706055e-01 6.932785689793456996e-01
4.939613640308380127e-01 6.937987348499697893e-01 5.009392499923706055e-01 6.931811613793712468e-01
4.987475275993347168e-01 6.935032510463102762e-01 5.014610886573791504e-01 6.931419736954345101e-01
5.001341700553894043e-01 6.938336118109261763e-01 5.008348822593688965e-01 6.932309104813536571e-01
5.016102790832519531e-01 6.940087050140852920e-01 5.009392499923706055e-01 6.941354410853870505e-01
5.004025697708129883e-01 6.938536115421295447e-01 4.990607500076293945e-01 6.931429214105305769e-01
5.013419389724731445e-01 6.943486810775664209e-01 4.991650879383087158e-01 6.940908063629976921e-01
4.971819519996643066e-01 6.956014163188248833e-01 5.016698241233825684e-01 6.931177065059452858e-01
4.983896911144256592e-01 6.940218717110436808e-01 5.009392499923706055e-01 6.931858928883855020e-01
5.006709694862365723e-01 6.941831678093428604e-01 5.009392499923706055e-01 6.931773389811506370e-01
4.981213212013244629e-01 6.941034865946692500e-01 5.008348822593688965e-01 6.932210322089246146e-01
4.948559701442718506e-01 6.935620102841433265e-01 5.008348822593688965e-01 6.931584590264139312e-01
4.997316300868988037e-01 6.952169629260110950e-01 4.989563822746276855e-01 6.931316763989936458e-01
4.947665035724639893e-01 6.961901806338909315e-01 4.987476468086242676e-01 6.963846016044632492e-01
4.956611096858978271e-01 6.943921855469042947e-01 5.009392499923706055e-01 6.933001648207791634e-01
4.922168552875518799e-01 6.943247728642975014e-01 5.009392499923706055e-01 6.934107616061682133e-01
5.021023154258728027e-01 6.935439462801663568e-01 4.991650879383087158e-01 6.952562994758909598e-01
5.002683997154235840e-01 6.938409666444304014e-01 5.009392499923706055e-01 6.931983753152392014e-01
4.995079636573791504e-01 6.938569274864121450e-01 5.008348822593688965e-01 6.949853160963056498e-01
4.966451823711395264e-01 6.941073791544346561e-01 4.988520145416259766e-01 6.936460926621822454e-01
5.028627514839172363e-01 6.934951197953871382e-01 4.990607500076293945e-01 6.932251567110042645e-01
5.001789331436157227e-01 6.936220083579669460e-01 5.009392499923706055e-01 6.935821157411452553e-01
4.975398182868957520e-01 6.937605452827614316e-01 5.000000000000000000e-01 6.934078830663458204e-01
5.030864477157592773e-01 6.947700218856601717e-01 4.988520145416259766e-01 6.970274812168478773e-01
4.950796067714691162e-01 6.941005990914314028e-01 5.002087354660034180e-01 6.934900685034472989e-01
4.970030486583709717e-01 6.946316851253990787e-01 5.009392499923706055e-01 6.935354835229187165e-01
5.006262063980102539e-01 6.956518446744330841e-01 4.990607500076293945e-01 6.933229042104778195e-01
4.969135820865631104e-01 6.945936923207057800e-01 5.009392499923706055e-01 6.933330936189037175e-01
4.999105334281921387e-01 6.937913711648184822e-01 4.989563822746276855e-01 6.931618413505163945e-01
5.020576119422912598e-01 6.939774456786051982e-01 5.010436177253723145e-01 6.931477657715031659e-01
5.000894665718078613e-01 6.934525126590991295e-01 5.009392499923706055e-01 6.931501341697144936e-01
4.910091161727905273e-01 6.938244059593908775e-01 4.990607500076293945e-01 6.934356240583247066e-01
5.017892122268676758e-01 6.938973069404271721e-01 4.990607500076293945e-01 7.017490243742545708e-01
5.045177936553955078e-01 6.939150194593652898e-01 5.009392499923706055e-01 6.931576308938363074e-01
5.008499026298522949e-01 6.936479083944420143e-01 5.008348822593688965e-01 6.933371657569780133e-01
5.021023154258728027e-01 6.946009237430542660e-01 5.009392499923706055e-01 6.937660331941054581e-01
4.982554912567138672e-01 6.939440020232576778e-01 5.010436177253723145e-01 6.931572893894532017e-01
5.054123997688293457e-01 6.949317510001324916e-01 5.009392499923706055e-01 6.956958264404835557e-01
5.009840726852416992e-01 6.950728514045609874e-01 4.990607500076293945e-01 6.931930946995236154e-01
5.011182427406311035e-01 6.937307171626218016e-01 4.990607500076293945e-01 6.931999491963498627e-01
5.037126541137695312e-01 6.944392232844560642e-01 5.012523531913757324e-01 6.932639400263813645e-01
4.998210668563842773e-01 6.941599202275511304e-01 5.012523531913757324e-01 6.932841343562206049e-01
4.997763335704803467e-01 6.948107829203139518e-01 4.987476468086242676e-01 7.037824168008196546e-01
5.023260116577148438e-01 6.945158366249208903e-01 4.990607500076293945e-01 6.932707253016999749e-01
5.026838183403015137e-01 6.941537955383598746e-01 5.009392499923706055e-01 6.942129697463279570e-01
4.948559701442718506e-01 6.940893288118550331e-01 4.987476468086242676e-01 6.931673096256897315e-01
4.921721220016479492e-01 6.941646428798430302e-01 5.012523531913757324e-01 6.931789250295213867e-01
5.072463750839233398e-01 6.933976009869367019e-01 5.009392499923706055e-01 6.957330870319821114e-01
4.962426126003265381e-01 6.936238327570690698e-01 4.990607500076293945e-01 6.950574241433953304e-01
4.994184970855712891e-01 6.939921280548128069e-01 5.012523531913757324e-01 6.931409719741262743e-01
4.989264607429504395e-01 6.941262821345790535e-01 4.990607500076293945e-01 6.961674514082571985e-01
4.981660544872283936e-01 6.942110695124824593e-01 4.987476468086242676e-01 6.936288365763380037e-01
4.981213212013244629e-01 6.939045721163453750e-01 5.012523531913757324e-01 6.933522285884617942e-01
4.970477819442749023e-01 6.938500293445706291e-01 4.990607500076293945e-01 6.931903285140210702e-01
5.014761090278625488e-01 6.938256294276424763e-01 4.987476468086242676e-01 6.932275818026755188e-01
5.065307021141052246e-01 6.939772505264500957e-01 4.990607500076293945e-01 6.971391370888170291e-01
4.970030486583709717e-01 6.945689853049493712e-01 4.990607500076293945e-01 6.935734354461864370e-01
5.013866424560546875e-01 6.937047351151037766e-01 5.012523531913757324e-01 6.939677895546157993e-01
5.020576119422912598e-01 6.937022434191277842e-01 4.987476468086242676e-01 6.942260874459799114e-01
5.073805451393127441e-01 6.936473825106277413e-01 4.990607500076293945e-01 6.941215653828552989e-01
4.956611096858978271e-01 6.943789932868160708e-01 4.990607500076293945e-01 6.931857165377613983e-01
5.059044361114501953e-01 6.940676537411523128e-01 5.009392499923706055e-01 6.932416276353506879e-01
5.033995509147644043e-01 6.959018626650750328e-01 5.028178095817565918e-01 6.936029726890152736e-01
