5.050992965698242188e-01 7.145270320762993066e-01 4.819453060626983643e-01 6.954277690754283592e-01
4.981660544872283936e-01 7.133816103748397142e-01 5.121060609817504883e-01 6.941206249083986535e-01
4.985686242580413818e-01 7.108577183244649822e-01 5.113754868507385254e-01 6.934873738161484447e-01
4.998210668563842773e-01 7.090184217297896829e-01 5.155500173568725586e-01 6.927922414205587298e-01
5.024154782295227051e-01 7.069733153410772131e-01 5.155500173568725586e-01 6.922388357325900410e-01
5.090803503990173340e-01 7.045669288621603243e-01 5.194113850593566895e-01 6.916649003935566586e-01
5.043388605117797852e-01 7.050242499196907042e-01 5.244207978248596191e-01 6.911706966862154466e-01
5.084988474845886230e-01 7.030599796083067954e-01 5.308912396430969238e-01 6.908095488466665657e-01
5.057702660560607910e-01 7.026894768804317071e-01 5.277603864669799805e-01 6.904137929902647297e-01
5.062175989151000977e-01 7.018132657159268373e-01 5.352744460105895996e-01 6.901359132749007586e-01
5.082304477691650391e-01 7.026971738567546755e-01 5.371530055999755859e-01 6.898252342220537736e-01
5.125693082809448242e-01 7.010854436046302096e-01 5.376747846603393555e-01 6.895521097157349955e-01
5.151637196540832520e-01 6.996087955114644874e-01 5.414318442344665527e-01 6.893160504031793367e-01
5.180712342262268066e-01 6.993814392302283300e-01 5.415362119674682617e-01 6.890797478698335032e-01
5.148058533668518066e-01 6.995615667169775564e-01 5.461281538009643555e-01 6.888913158657804514e-01
5.050545930862426758e-01 7.010533037435647818e-01 5.532248020172119141e-01 6.886306959312261666e-01
5.170871615409851074e-01 6.979712892632340404e-01 5.549989342689514160e-01 6.884439645443547473e-01
5.106011629104614258e-01 6.990167559696920385e-01 5.524942874908447266e-01 6.882160178332606959e-01
5.202630162239074707e-01 6.969547583349149367e-01 5.539553165435791016e-01 6.879643960975451167e-01
5.173555016517639160e-01 6.967658843864458218e-01 5.565643906593322754e-01 6.877505029574039197e-01
5.154321193695068359e-01 6.979720455031634962e-01 5.525985956192016602e-01 6.875828388861439100e-01
5.190105438232421875e-01 6.961966988267828116e-01 5.530160665512084961e-01 6.873438920513917916e-01
5.235731005668640137e-01 6.947509702938275966e-01 5.566687583923339844e-01 6.870804850927252350e-01
5.175791978836059570e-01 6.968365003094730836e-01 5.549989342689514160e-01 6.869183720290300554e-01
5.250044465065002441e-01 6.960869994801685001e-01 5.554164052009582520e-01 6.867359636273321355e-01
5.176239013671875000e-01 6.967874246348334522e-01 5.549989342689514160e-01 6.865147097800973208e-01
5.238415002822875977e-01 6.931935195356345725e-01 5.522855520248413086e-01 6.862052008120855806e-01
5.261227488517761230e-01 6.944583505845322025e-01 5.537465810775756836e-01 6.860534679887190235e-01
5.268831849098205566e-01 6.939842834479481581e-01 5.546858906745910645e-01 6.857885310904164866e-01
5.311325788497924805e-01 6.926026706043734160e-01 5.523899197578430176e-01 6.855262756795530432e-01
5.273304581642150879e-01 6.930064608253462266e-01 5.556251406669616699e-01 6.852298477850038427e-01
5.296117663383483887e-01 6.920491350872355341e-01 5.535379052162170410e-01 6.849375600432633382e-01
5.363661050796508789e-01 6.911990801237375415e-01 5.543727874755859375e-01 6.846910557102943162e-01
5.310431122779846191e-01 6.930631777535911642e-01 5.540596842765808105e-01 6.844598463571437419e-01
5.296564698219299316e-01 6.930343711135169560e-01 5.528073310852050781e-01 6.842547232361732013e-01
5.332796573638916016e-01 6.913084196668977111e-01 5.499895811080932617e-01 6.839322375494810702e-01
5.339058637619018555e-01 6.905140136751000135e-01 5.508244633674621582e-01 6.835198430148128335e-01
5.325192213058471680e-01 6.910751804850741031e-01 5.505113601684570312e-01 6.832587990176575143e-01
5.358740091323852539e-01 6.903283780110417434e-01 5.541640520095825195e-01 6.828966614001231727e-01
5.428967475891113281e-01 6.883923896290274902e-01 5.525985956192016602e-01 6.826655796041470881e-01
5.395419597625732422e-01 6.887413583259971439e-01 5.584428906440734863e-01 6.822305265211456859e-01
5.397655963897705078e-01 6.883863179324073434e-01 5.565643906593322754e-01 6.819985462513976637e-01
5.366344451904296875e-01 6.911047820137148356e-01 5.567731261253356934e-01 6.815311117725615375e-01
5.466541647911071777e-01 6.877768386090712394e-01 5.590690970420837402e-01 6.813178551866375665e-01
5.420469045639038086e-01 6.886545237860967061e-01 5.641828179359436035e-01 6.812767640107659783e-01
5.391840934753417969e-01 6.900711506098577974e-01 5.609475970268249512e-01 6.808632523151111338e-01
5.436124801635742188e-01 6.885249767859734638e-01 5.606344938278198242e-01 6.804470601024121823e-01
5.456253290176391602e-01 6.866508642747121138e-01 5.606344938278198242e-01 6.801485681777655889e-01
5.483986139297485352e-01 6.888386075538052156e-01 5.595908761024475098e-01 6.798611567578268788e-01
5.491143465042114258e-01 6.869128328953174600e-01 5.592778325080871582e-01 6.795828067492503122e-01
5.424941778182983398e-01 6.875385249806422738e-01 5.602170825004577637e-01 6.793471544800608886e-01
5.471014380455017090e-01 6.873273699969122408e-01 5.602170825004577637e-01 6.789809025744758531e-01
5.475487709045410156e-01 6.875089306293009628e-01 5.656439065933227539e-01 6.787720743984301253e-01
5.555555820465087891e-01 6.838231574318067718e-01 5.665831565856933594e-01 6.788886152262280094e-01
5.504115223884582520e-01 6.852171228661010360e-01 5.675224661827087402e-01 6.783429074700454420e-01
5.533637404441833496e-01 6.838388059172951783e-01 5.659570097923278809e-01 6.779876234535880952e-01
5.533637404441833496e-01 6.846362502955861684e-01 5.677311420440673828e-01 6.777444557117485724e-01
5.551977157592773438e-01 6.834176098176332204e-01 5.626174211502075195e-01 6.773654714528416498e-01
5.540794134140014648e-01 6.840579163134471452e-01 5.623043179512023926e-01 6.797512917000076982e-01
5.585078001022338867e-01 6.842686041115135787e-01 5.716969370841979980e-01 6.773129366454887501e-01
5.594024062156677246e-01 6.832014886973304391e-01 5.661657452583312988e-01 6.765974364930616991e-01
5.578368306159973145e-01 6.829306911987063078e-01 5.696097016334533691e-01 6.764146421354266803e-01
5.568079948425292969e-01 6.828944581334334130e-01 5.721144080162048340e-01 6.764424135082326428e-01
5.587761402130126953e-01 6.835313681883000703e-01 5.662701129913330078e-01 6.759895396192794337e-01
5.568974614143371582e-01 6.844056827221302042e-01 5.729492902755737305e-01 6.759015858932269083e-01
5.585525035858154297e-01 6.816237488017352630e-01 5.735754370689392090e-01 6.756305112591916018e-01
5.594471096992492676e-01 6.826680176244009912e-01 5.658526420593261719e-01 6.753048396911732754e-01
5.581052303314208984e-01 6.820613127378428731e-01 5.668962597846984863e-01 6.751217349439989635e-01
5.575684309005737305e-01 6.820841730547454462e-01 5.734710693359375000e-01 6.750484465980449711e-01
5.601180791854858398e-01 6.802184731381419880e-01 5.677311420440673828e-01 6.746850920056928214e-01
5.566291213035583496e-01 6.825000129694758222e-01 5.676267743110656738e-01 6.745328964407770744e-01
5.669618844985961914e-01 6.793711449085098053e-01 5.754539966583251953e-01 6.743068183620447575e-01
5.640991330146789551e-01 6.809725821348823205e-01 5.707576870918273926e-01 6.765820015275485488e-01
5.685274600982666016e-01 6.795768526633196860e-01 5.779586434364318848e-01 6.741360701640795039e-01
5.636518001556396484e-01 6.795286760174069629e-01 5.694009661674499512e-01 6.738622433655049315e-01
5.691536664962768555e-01 6.798283296826701516e-01 5.791066288948059082e-01 6.736463005396946535e-01
5.660225152969360352e-01 6.794623001399461293e-01 5.783761143684387207e-01 6.732272237533071246e-01
5.664698481559753418e-01 6.793484261006484948e-01 5.754539966583251953e-01 6.730891221924679702e-01
5.618625879287719727e-01 6.812693476890233635e-01 5.734710693359375000e-01 6.757125309702499694e-01
5.670513510704040527e-01 6.797148290655654623e-01 5.729492902755737305e-01 6.731617342975387830e-01
5.716139078140258789e-01 6.784003895581952603e-01 5.743060111999511719e-01 6.727961636589853134e-01
5.669171810150146484e-01 6.796564608998962864e-01 5.810895562171936035e-01 6.723506332090716242e-01
5.656647086143493652e-01 6.798940384018973271e-01 5.750365257263183594e-01 6.725347522926887756e-01
5.696457624435424805e-01 6.781948456121783542e-01 5.860989093780517578e-01 6.721645488641476707e-01
5.691536664962768555e-01 6.786187713144929967e-01 5.848466157913208008e-01 6.719073380142033258e-01
5.750133991241455078e-01 6.784776296699210896e-01 5.859946012496948242e-01 6.721394660328057213e-01
5.724190473556518555e-01 6.759102669251073614e-01 5.884992480278015137e-01 6.723726009481562071e-01
5.719717144966125488e-01 6.777804595538085008e-01 5.775412321090698242e-01 6.718868459597232556e-01
5.739398598670959473e-01 6.767490404964794370e-01 5.759757757186889648e-01 6.778939130335605023e-01
5.742082595825195312e-01 6.759293296614834468e-01 5.839073061943054199e-01 6.712497585229350028e-01
5.691536664962768555e-01 6.772206591821822164e-01 5.848466157913208008e-01 6.726910243002514056e-01
5.715691447257995605e-01 6.783453859248854689e-01 5.853683948516845703e-01 6.708990090999591427e-01
5.711665749549865723e-01 6.759591532704825045e-01 5.884992480278015137e-01 6.714178938702436428e-01
5.739846229553222656e-01 6.768096372402510053e-01 5.827593207359313965e-01 6.713634467751963264e-01
5.721059441566467285e-01 6.770724526008781163e-01 5.859946012496948242e-01 6.705804434357095500e-01
5.769368410110473633e-01 6.759193160704966008e-01 5.866207480430603027e-01 6.715900979468031329e-01
5.751476287841796875e-01 6.757644291511907264e-01 5.853683948516845703e-01 6.708485538863458997e-01
5.761764049530029297e-01 6.756100018989806832e-01 5.882905721664428711e-01 6.700164453143790944e-01
5.738951563835144043e-01 6.766470672619707694e-01 5.888123512268066406e-01 6.704897044521611615e-01
5.774735808372497559e-01 6.762234994861345827e-01 5.887079834938049316e-01 6.702469938783202075e-01
