5.641438364982604980e-01 6.798544609177664677e-01 5.791066288948059082e-01 6.694871152997440289e-01
5.798890590667724609e-01 6.699992023271105213e-01 5.922563076019287109e-01 6.665681395792458774e-01
5.904902219772338867e-01 6.659822244831009597e-01 5.898559689521789551e-01 6.667475665046088684e-01
5.885220766067504883e-01 6.648631887735375612e-01 6.001878380775451660e-01 6.584510596080653810e-01
6.027017235755920410e-01 6.586114820416187898e-01 6.120851635932922363e-01 6.514896975631531140e-01
6.014045476913452148e-01 6.578908517655457366e-01 6.089543104171752930e-01 6.570110947198495310e-01
6.095455288887023926e-01 6.543634299260172593e-01 6.121895313262939453e-01 6.510653957721460605e-01
6.099033951759338379e-01 6.514125242815992367e-01 6.142767667770385742e-01 6.490583418680118122e-01
6.153605580329895020e-01 6.490585209858782401e-01 6.147986054420471191e-01 6.483592750309056241e-01
6.172392368316650391e-01 6.473297832967300769e-01 6.029012799263000488e-01 6.677487287534300542e-01
6.155394315719604492e-01 6.480774582232190495e-01 6.131287813186645508e-01 6.452999047186995796e-01
6.182233095169067383e-01 6.441544451554018780e-01 6.229388713836669922e-01 6.381366277532273257e-01
6.247539520263671875e-01 6.404572843246882918e-01 6.242955327033996582e-01 6.358680716264574206e-01
6.257380843162536621e-01 6.410237190910690330e-01 6.140680313110351562e-01 6.451109907518123299e-01
6.250223517417907715e-01 6.395813195665741580e-01 6.235650181770324707e-01 6.399703419823110639e-01
6.268563270568847656e-01 6.385152092195832685e-01 6.273220777511596680e-01 6.311036667951186452e-01
6.336553692817687988e-01 6.341033202737148544e-01 6.193905472755432129e-01 6.410207032062543719e-01
6.310162544250488281e-01 6.326077781693626445e-01 6.234606504440307617e-01 6.363982367406083585e-01
6.293165087699890137e-01 6.348501954378990009e-01 6.307660341262817383e-01 6.282922941044460918e-01
6.260511875152587891e-01 6.356326913253461663e-01 6.317052841186523438e-01 6.277010080785000445e-01
6.345500349998474121e-01 6.292944736825394347e-01 6.358797550201416016e-01 6.274268331071872762e-01
6.372338533401489258e-01 6.257656749639853855e-01 6.330620050430297852e-01 6.241248347544764430e-01
6.362944841384887695e-01 6.263102180715920397e-01 6.297224164009094238e-01 6.290878807918633964e-01
6.398282051086425781e-01 6.232501058826763751e-01 6.376539468765258789e-01 6.231357439329170411e-01
6.353551745414733887e-01 6.257520154435810555e-01 6.449592709541320801e-01 6.181234789775473804e-01
6.404097080230712891e-01 6.215521751245289828e-01 6.393237113952636719e-01 6.180273082828103837e-01
6.445696949958801270e-01 6.182448233063350118e-01 6.379670500755310059e-01 6.201606523988142383e-01
6.391125321388244629e-01 6.227380011712615460e-01 6.430807709693908691e-01 6.204284190683717615e-01
6.460011005401611328e-01 6.169306507241131277e-01 6.422458887100219727e-01 6.122088334277238086e-01
6.477903127670288086e-01 6.125135028441192064e-01 6.423502564430236816e-01 6.122959508474872248e-01
6.488638520240783691e-01 6.110207824315425640e-01 6.446462273597717285e-01 6.130724995799613497e-01
6.512345671653747559e-01 6.120563516209005517e-01 6.404716968536376953e-01 6.076901178224627387e-01
6.508319973945617676e-01 6.070903687576079122e-01 6.472552418708801270e-01 6.087452889956802560e-01
6.495795249938964844e-01 6.067030925425674903e-01 6.426633000373840332e-01 6.076185567297882617e-01
6.511451005935668945e-01 6.080843499338590696e-01 6.528908610343933105e-01 6.109749389650228624e-01
6.547235846519470215e-01 6.047600832367694412e-01 6.519515514373779297e-01 5.996569468964616512e-01
6.530685424804687500e-01 6.067175465036236393e-01 6.540388464927673340e-01 6.086221128185863583e-01
6.576310396194458008e-01 6.015415275901007108e-01 6.468378305435180664e-01 6.036459845880505215e-01
6.556181907653808594e-01 6.017258553966509105e-01 6.552911996841430664e-01 5.997573835718883473e-01
6.598228812217712402e-01 5.971886124118621630e-01 6.491338014602661133e-01 6.007641903594201915e-01
6.624172329902648926e-01 5.977435743985779482e-01 6.560217142105102539e-01 5.984891011729366328e-01
6.621041297912597656e-01 5.939373143949114864e-01 6.518472433090209961e-01 6.004410557273135440e-01
6.612989902496337891e-01 5.922232521499583013e-01 6.607180237770080566e-01 5.993210873382869286e-01
6.621488928794860840e-01 5.906549169693464663e-01 6.663535833358764648e-01 5.894636542407437618e-01
6.646985411643981934e-01 5.889285923351561536e-01 6.570653319358825684e-01 5.987548104434291529e-01
6.654589176177978516e-01 5.880431604739442264e-01 6.617616415023803711e-01 5.934689220121125430e-01
6.625514626502990723e-01 5.924612195083548416e-01 6.524733901023864746e-01 6.021553486231049357e-01
6.683217287063598633e-01 5.860671002059870682e-01 6.424546241760253906e-01 6.074276091758354923e-01
6.701109409332275391e-01 5.843028143450876843e-01 6.592569351196289062e-01 5.933633793423006564e-01
6.682322621345520020e-01 5.853945346824767082e-01 6.646837592124938965e-01 5.922637312229628304e-01
6.737788319587707520e-01 5.786901455079961343e-01 6.635357737541198730e-01 5.895097186659452593e-01
6.729736924171447754e-01 5.831165680477499169e-01 6.687539219856262207e-01 5.858892973592499942e-01
6.727052927017211914e-01 5.784540321857222223e-01 6.543518900871276855e-01 6.015738519042749255e-01
6.714975833892822266e-01 5.816195564420177933e-01 6.551868319511413574e-01 5.949476924103800357e-01
6.716765165328979492e-01 5.796923696152275207e-01 6.597787737846374512e-01 5.861748218088502771e-01
6.712291836738586426e-01 5.741836477379654857e-01 6.638488769531250000e-01 5.928360114662912794e-01
6.774020195007324219e-01 5.745733401646957450e-01 6.684408187866210938e-01 5.827013926848417791e-01
6.774914860725402832e-01 5.726807584466523382e-01 6.693800687789916992e-01 5.853156237158340103e-01
6.802200675010681152e-01 5.727323651697708851e-01 6.688582897186279297e-01 5.857438620508799154e-01
6.799516677856445312e-01 5.648232258524359395e-01 6.771029233932495117e-01 5.755647949748435854e-01
6.792359948158264160e-01 5.705785223976574949e-01 6.714673638343811035e-01 5.809644184613173001e-01
6.821882128715515137e-01 5.665320253773182824e-01 6.715716719627380371e-01 5.786121668757886471e-01
6.829039454460144043e-01 5.677484611019633087e-01 6.701106429100036621e-01 5.783816057962406498e-01
6.813383698463439941e-01 5.657525086556464133e-01 6.706324219703674316e-01 5.835400071827858692e-01
6.799069643020629883e-01 5.678206581424399824e-01 6.721978783607482910e-01 5.850611704795700696e-01
6.842905879020690918e-01 5.624583273310208575e-01 6.723022460937500000e-01 5.782154939961418050e-01
6.851851940155029297e-01 5.644924061672486060e-01 6.712586283683776855e-01 5.800341097379472233e-01
6.875559091567993164e-01 5.611454995486023778e-01 6.695888042449951172e-01 5.842756260986543548e-01
6.894345879554748535e-01 5.623560439049397619e-01 6.792945265769958496e-01 5.668381486524248780e-01
6.885399818420410156e-01 5.595842790765740427e-01 6.767898201942443848e-01 5.746833561134099266e-01
6.877348423004150391e-01 5.602447939251804510e-01 6.749113202095031738e-01 5.711144103781959913e-01
6.883163452148437500e-01 5.580628102954885428e-01 6.806512475013732910e-01 5.682588431138978491e-01
6.909554600715637207e-01 5.567440547996864719e-01 6.769985556602478027e-01 5.716721262371482482e-01
6.911343932151794434e-01 5.530169361988660492e-01 6.757462024688720703e-01 5.773386743391661913e-01
6.939523816108703613e-01 5.524494356728555378e-01 6.850344538688659668e-01 5.632073047439282165e-01
6.929683089256286621e-01 5.528013704820873286e-01 6.549780964851379395e-01 5.944709788158029085e-01
6.912238597869873047e-01 5.525759112581112298e-01 6.833646297454833984e-01 5.741254887111101324e-01
6.865271329879760742e-01 5.559042601961636798e-01 6.807555556297302246e-01 5.668604914864874278e-01
6.866165399551391602e-01 5.564791326510882818e-01 6.790857911109924316e-01 5.698178204010135861e-01
6.947128176689147949e-01 5.486319929036072018e-01 6.661448478698730469e-01 5.756176713736662620e-01
6.983360052108764648e-01 5.468514419386907299e-01 6.765810847282409668e-01 5.684549169907662236e-01
6.893898844718933105e-01 5.509887131217298117e-01 6.845126152038574219e-01 5.653444618154631618e-01
6.933708786964416504e-01 5.506965692897755060e-01 6.880609393119812012e-01 5.667626893711945613e-01
6.964126229286193848e-01 5.440816571597741902e-01 6.891045570373535156e-01 5.565619005138753295e-01
6.956968903541564941e-01 5.485182351088305763e-01 6.878522038459777832e-01 5.599683032755412571e-01
6.982913017272949219e-01 5.426519660408797296e-01 6.726153492927551270e-01 5.700752966166587887e-01
6.999910473823547363e-01 5.405085488452662235e-01 6.806512475013732910e-01 5.696329083429749751e-01
7.004830837249755859e-01 5.416381445110622916e-01 6.874347925186157227e-01 5.617248414578455140e-01
6.995884776115417480e-01 5.438868264207944447e-01 6.832602620124816895e-01 5.644188308561551848e-01
6.994095444679260254e-01 5.421049088735575561e-01 6.887915134429931641e-01 5.601228087910330444e-01
6.962783932685852051e-01 5.458626288871983867e-01 6.945314407348632812e-01 5.536783745532194434e-01
7.045983076095581055e-01 5.366827222652097440e-01 6.904612779617309570e-01 5.626891712832864378e-01
7.028537988662719727e-01 5.360547115389403539e-01 6.923397779464721680e-01 5.643871418868940948e-01
7.006173133850097656e-01 5.430060720738069113e-01 6.880609393119812012e-01 5.589452791477738103e-01
7.085793614387512207e-01 5.310795108157335687e-01 6.798163056373596191e-01 5.638443729096677126e-01
7.016013860702514648e-01 5.415277898919499400e-01 6.892089247703552246e-01 5.572547807471535108e-01
7.071032524108886719e-01 5.328888545780280372e-01 6.991233825683593750e-01 5.548184859033566951e-01
7.047325372695922852e-01 5.374407019378845130e-01 6.963055729866027832e-01 5.570041112052799281e-01
7.078189253807067871e-01 5.321528415791697553e-01 6.873304247856140137e-01 5.582419196192344168e-01
7.110395431518554688e-01 5.275675761057665447e-01 7.002713680267333984e-01 5.543307491942254250e-01
