4.999552667140960693e-01 7.545867828803234367e-01 4.944688081741333008e-01 6.958226508796649945e-01
4.989711940288543701e-01 7.409348265283072221e-01 5.281778573989868164e-01 6.915794599655897823e-01
5.059044361114501953e-01 7.358774976112650856e-01 5.470674037933349609e-01 6.892411533663054257e-01
5.100196599960327148e-01 7.294448465135533466e-01 5.595908761024475098e-01 6.874367737914395260e-01
5.125246047973632812e-01 7.213009918582825586e-01 5.608432292938232422e-01 6.857956894079545451e-01
5.114510655403137207e-01 7.244727820248654249e-01 5.577123761177062988e-01 6.842720884665693948e-01
5.118089318275451660e-01 7.215286525615235425e-01 5.629305243492126465e-01 6.830749421895010443e-01
5.124351382255554199e-01 7.178482652819632159e-01 5.646002888679504395e-01 6.821845007748923440e-01
5.240651369094848633e-01 7.131760537272425760e-01 5.647046566009521484e-01 6.813632981858306348e-01
5.252281427383422852e-01 7.101377745949319920e-01 5.655395388603210449e-01 6.804739237453713008e-01
5.268831849098205566e-01 7.099388161889766957e-01 5.658526420593261719e-01 6.797116800903204581e-01
5.285382270812988281e-01 7.064012795190816041e-01 5.792109966278076172e-01 6.789308300448270161e-01
5.312220454216003418e-01 7.042545200588665733e-01 5.793153643608093262e-01 6.781505928535198624e-01
5.331007242202758789e-01 7.037077522230907878e-01 5.804633498191833496e-01 6.776143467468599413e-01
5.275988578796386719e-01 7.047545715252003795e-01 5.832811594009399414e-01 6.770260012913685843e-01
5.334585905075073242e-01 7.018633111044937367e-01 5.814026594161987305e-01 6.765073854822227784e-01
5.352478027343750000e-01 7.004018626649897161e-01 5.846378803253173828e-01 6.758441202975443707e-01
5.399445295333862305e-01 6.976770969148738955e-01 5.876643657684326172e-01 6.753791891142610915e-01
5.411075353622436523e-01 6.985996596649819423e-01 5.834898948669433594e-01 6.750233530799174542e-01
5.385578870773315430e-01 6.972342396085345895e-01 5.868294835090637207e-01 6.745131854671596594e-01
5.380658507347106934e-01 6.976663562623988124e-01 5.873512625694274902e-01 6.741854017474063765e-01
5.356056690216064453e-01 6.974309763684002350e-01 5.884992480278015137e-01 6.737320629770584546e-01
5.466541647911071777e-01 6.941541429495081683e-01 5.825506448745727539e-01 6.733171604317131909e-01
5.498300194740295410e-01 6.927477414950550250e-01 5.819244384765625000e-01 6.729753460199343618e-01
5.528270006179809570e-01 6.912003989338256771e-01 5.810895562171936035e-01 6.726465497427955853e-01
5.485328435897827148e-01 6.928705564230323022e-01 5.807764530181884766e-01 6.723290370317323017e-01
5.496063828468322754e-01 6.909056701116685906e-01 5.832811594009399414e-01 6.720478063186059448e-01
5.538110733032226562e-01 6.905723703122987889e-01 5.822375416755676270e-01 6.716051966704598142e-01
5.569869279861450195e-01 6.884801491660409445e-01 5.828636884689331055e-01 6.713463545368101304e-01
5.563607215881347656e-01 6.870033374240518409e-01 5.835942625999450684e-01 6.709907141987850876e-01
5.517534613609313965e-01 6.885954041582544871e-01 5.840116739273071289e-01 6.707213587438455304e-01
5.562264919281005859e-01 6.898453730571929565e-01 5.822375416755676270e-01 6.705726990493745543e-01
5.544820427894592285e-01 6.887320385761606101e-01 5.834898948669433594e-01 6.704704708008993874e-01
5.588656067848205566e-01 6.862669514829089490e-01 5.834898948669433594e-01 6.702479339671070235e-01
5.567632913589477539e-01 6.874753075627996202e-01 5.825506448745727539e-01 6.700367509908203845e-01
5.602523088455200195e-01 6.862224351530062938e-01 5.825506448745727539e-01 6.698446930810868505e-01
5.580604672431945801e-01 6.851465915776169258e-01 5.829680562019348145e-01 6.695746786657591487e-01
5.620415210723876953e-01 6.848957081945067360e-01 5.817157030105590820e-01 6.694421548854332382e-01
5.612363815307617188e-01 6.832160010259338279e-01 5.847422480583190918e-01 6.691593612516829603e-01
5.597155094146728516e-01 6.840064301753560061e-01 5.847422480583190918e-01 6.690117814201971269e-01
5.631597638130187988e-01 6.821665778892115339e-01 5.843247771263122559e-01 6.688788034577032304e-01
5.625782608985900879e-01 6.826280491214293811e-01 5.839073061943054199e-01 6.686888723924796496e-01
5.637860298156738281e-01 6.821400622046895901e-01 5.849509239196777344e-01 6.685688290235718423e-01
5.657541751861572266e-01 6.827301898973532346e-01 5.848466157913208008e-01 6.683623197058301546e-01
5.653963088989257812e-01 6.821837717016345781e-01 5.843247771263122559e-01 6.682194024355520012e-01
5.612810850143432617e-01 6.833828408680996391e-01 5.859946012496948242e-01 6.680400954783771716e-01
5.675433874130249023e-01 6.793106746473088764e-01 5.838029384613037109e-01 6.679554195225898550e-01
5.628913640975952148e-01 6.821836346824047270e-01 5.843247771263122559e-01 6.677919548479954726e-01
5.656647086143493652e-01 6.791012843513898334e-01 5.848466157913208008e-01 6.676396227684132656e-01
5.696009993553161621e-01 6.800711610637595328e-01 5.877687335014343262e-01 6.674505784824580346e-01
5.687958598136901855e-01 6.798934852912699167e-01 5.865163803100585938e-01 6.674456302892238790e-01
5.666487812995910645e-01 6.798885986915448321e-01 5.871425867080688477e-01 6.672511981091452382e-01
5.747450590133666992e-01 6.779534661571504639e-01 5.875599980354309082e-01 6.671535358302554952e-01
5.750581622123718262e-01 6.777603943630756689e-01 5.857858657836914062e-01 6.670131794074163345e-01
5.676328539848327637e-01 6.787474188379747364e-01 5.856814980506896973e-01 6.668050757183010546e-01
5.711218714714050293e-01 6.779930356428051086e-01 5.856814980506896973e-01 6.667637695999439895e-01
5.707640051841735840e-01 6.767149585733944761e-01 5.863076448440551758e-01 6.665329616295223580e-01
5.672749876976013184e-01 6.793598967367218133e-01 5.871425867080688477e-01 6.664283222854572308e-01
5.728663206100463867e-01 6.771186045231856188e-01 5.851596593856811523e-01 6.662833663522015337e-01
5.720164775848388672e-01 6.766760323891850559e-01 5.870382189750671387e-01 6.662003158826316218e-01
5.748792290687561035e-01 6.758610188353144643e-01 5.874556303024291992e-01 6.660158076084274903e-01
5.688853263854980469e-01 6.764516628029564327e-01 5.866207480430603027e-01 6.659629446956066845e-01
5.737162232398986816e-01 6.757757968415427641e-01 5.858902335166931152e-01 6.658106625416014834e-01
5.783682465553283691e-01 6.750419392400616170e-01 5.866207480430603027e-01 6.656285059947206761e-01
5.728663206100463867e-01 6.747844185294225028e-01 5.866207480430603027e-01 6.654117984230297767e-01
5.753265619277954102e-01 6.749732851086287511e-01 5.862032771110534668e-01 6.653052926984168725e-01
5.772499442100524902e-01 6.755139591293314316e-01 5.876643657684326172e-01 6.652410711507612540e-01
5.776078104972839355e-01 6.746970687703426339e-01 5.880818367004394531e-01 6.650184970936131590e-01
5.764895081520080566e-01 6.751293753613554216e-01 5.877687335014343262e-01 6.649731904597949717e-01
5.750133991241455078e-01 6.746304786616946769e-01 5.887079834938049316e-01 6.648213207236512989e-01
5.789497494697570801e-01 6.728224239658212591e-01 5.893341898918151855e-01 6.647374266449480595e-01
5.777867436408996582e-01 6.734511946433130447e-01 5.901690721511840820e-01 6.645790480592010940e-01
5.762211680412292480e-01 6.734006934909065878e-01 5.884992480278015137e-01 6.643356327049121379e-01
5.785471200942993164e-01 6.729950990163271474e-01 5.903778076171875000e-01 6.641866469079680257e-01
5.779656171798706055e-01 6.742505697151227606e-01 5.898559689521789551e-01 6.641540691813255792e-01
5.780550837516784668e-01 6.744890698253586114e-01 5.903778076171875000e-01 6.641094893982205649e-01
5.817677378654479980e-01 6.721413671213178898e-01 5.911083221435546875e-01 6.639866777039649115e-01
5.814993977546691895e-01 6.715340048346670754e-01 5.912126898765563965e-01 6.638825977303941528e-01
5.806494951248168945e-01 6.733931447210156351e-01 5.911083221435546875e-01 6.637071859137396723e-01
5.772499442100524902e-01 6.725393266770851586e-01 5.916301608085632324e-01 6.636017423610651722e-01
5.797101259231567383e-01 6.723640993768060792e-01 5.920475721359252930e-01 6.635945834836838308e-01
5.780550837516784668e-01 6.727986137605477257e-01 5.931955575942993164e-01 6.634736121310442769e-01
5.771604776382446289e-01 6.716107733988936346e-01 5.952827930450439453e-01 6.633274417982497617e-01
5.864644646644592285e-01 6.693281175774994374e-01 5.954915285110473633e-01 6.631748098168585015e-01
5.795311927795410156e-01 6.726260745774912397e-01 5.955958962440490723e-01 6.630998228318356613e-01
5.792180895805358887e-01 6.714043151310633561e-01 5.963264703750610352e-01 6.629585219907551119e-01
5.839595794677734375e-01 6.694188472580069327e-01 5.957002639770507812e-01 6.628099190892717818e-01
5.823492407798767090e-01 6.717781915308900231e-01 5.973700881004333496e-01 6.628371670708430585e-01
5.827965736389160156e-01 6.715036526543656237e-01 5.999791026115417480e-01 6.627431461244255306e-01
5.821703076362609863e-01 6.696884129273057429e-01 5.969526171684265137e-01 6.626979499041374400e-01
5.852120518684387207e-01 6.694817112071886900e-01 5.944479107856750488e-01 6.625773350099162240e-01
5.836911797523498535e-01 6.689323733970162777e-01 5.966395139694213867e-01 6.623605808095029968e-01
5.856146216392517090e-01 6.693242789381282920e-01 5.979962348937988281e-01 6.622674903598914087e-01
5.882089734077453613e-01 6.684633006796169008e-01 5.983093380928039551e-01 6.620658958562851693e-01
5.833333134651184082e-01 6.688515494453777244e-01 5.977874994277954102e-01 6.619860917684355917e-01
5.852120518684387207e-01 6.694806683871886710e-01 5.973700881004333496e-01 6.619582400892254359e-01
5.857040882110595703e-01 6.687287503757125551e-01 5.958046317100524902e-01 6.617910410237695107e-01
5.832438468933105469e-01 6.691254062971673244e-01 5.988311171531677246e-01 6.617530158605636759e-01
5.857040882110595703e-01 6.689763293003520017e-01 5.984137058258056641e-01 6.616887494010383897e-01
5.857934951782226562e-01 6.680609947412080585e-01 5.988311171531677246e-01 6.616083215358385949e-01
