5.577920675277709961e-01 6.854742732686206486e-01 5.951784849166870117e-01 6.673258697780082294e-01
5.851225852966308594e-01 6.709223201821328253e-01 5.856814980506896973e-01 6.670096436613811575e-01
5.949186086654663086e-01 6.629895246355238525e-01 5.970569849014282227e-01 6.600452492814848915e-01
5.997495055198669434e-01 6.602240246083233011e-01 5.966395139694213867e-01 6.587457337625288734e-01
5.946949124336242676e-01 6.594244900255685771e-01 5.893341898918151855e-01 6.627713798904338871e-01
6.062802076339721680e-01 6.555392018028268764e-01 5.915257930755615234e-01 6.585938772138039132e-01
6.090087890625000000e-01 6.528542491079635246e-01 6.107284426689147949e-01 6.466398854963317788e-01
6.103059649467468262e-01 6.508046708565147220e-01 6.159465909004211426e-01 6.471025743456629842e-01
6.103059649467468262e-01 6.504616874832866991e-01 6.134418845176696777e-01 6.459533248607561839e-01
6.127661466598510742e-01 6.491364696559506209e-01 6.223126649856567383e-01 6.433410084190360756e-01
6.167472004890441895e-01 6.455136429839066770e-01 6.095804572105407715e-01 6.458413910328334451e-01
6.216228008270263672e-01 6.432475275634161882e-01 6.164683699607849121e-01 6.447996245224772993e-01
6.222490668296813965e-01 6.398877444645227897e-01 6.264871358871459961e-01 6.363909242795618981e-01
6.265432238578796387e-01 6.379572149358808675e-01 6.227301359176635742e-01 6.369078110688117800e-01
6.281087994575500488e-01 6.370191705058396714e-01 6.242955327033996582e-01 6.435167985279957037e-01
6.310162544250488281e-01 6.342165141972473386e-01 6.265915036201477051e-01 6.363649279830899674e-01
6.282877326011657715e-01 6.340305187937227416e-01 6.326445341110229492e-01 6.295684549162069432e-01
6.343711018562316895e-01 6.303166295659202722e-01 6.357753872871398926e-01 6.290303888462251969e-01
6.353104114532470703e-01 6.310879352438704126e-01 6.380713582038879395e-01 6.242543931943941304e-01
6.366970539093017578e-01 6.268168752768061847e-01 6.439156532287597656e-01 6.195064008895302399e-01
6.418411135673522949e-01 6.243868256366024161e-01 6.401586532592773438e-01 6.225277869195287028e-01
6.388441324234008789e-01 6.221464060141631558e-01 6.228345036506652832e-01 6.324404289592558959e-01
6.395151019096374512e-01 6.223679787252217599e-01 6.305572986602783203e-01 6.319566602697951341e-01
6.445696949958801270e-01 6.189457000336380244e-01 6.380713582038879395e-01 6.218601560274162887e-01
6.452406644821166992e-01 6.156434293594401641e-01 6.446462273597717285e-01 6.159691617275374620e-01
6.441671252250671387e-01 6.163290603831876879e-01 6.403673291206359863e-01 6.114893432351249380e-01
6.498926281929016113e-01 6.119214362461679046e-01 6.384888291358947754e-01 6.294708560488960769e-01
6.529343128204345703e-01 6.098958638000624433e-01 6.470465660095214844e-01 6.080159998168976898e-01
6.589282751083374023e-01 6.063150011015014940e-01 6.508035659790039062e-01 6.104660251896507628e-01
6.517713069915771484e-01 6.063363585793751787e-01 6.469421982765197754e-01 6.151984365840864610e-01
6.522186398506164551e-01 6.064269905398326221e-01 6.501774191856384277e-01 6.065252737669525329e-01
6.576310396194458008e-01 6.031593896873864713e-01 6.574828028678894043e-01 6.140978645243293510e-01
6.572284698486328125e-01 6.028572237860604366e-01 6.526821255683898926e-01 6.102885347994153609e-01
6.579889059066772461e-01 6.005622060957140906e-01 6.511166691780090332e-01 6.047566984446753890e-01
6.595544815063476562e-01 5.954164817521345743e-01 6.525777578353881836e-01 6.053126812404193702e-01
6.612542271614074707e-01 5.957690748786175217e-01 6.543518900871276855e-01 5.943741543609994959e-01
6.624172329902648926e-01 5.938395685363826448e-01 6.642663478851318359e-01 5.956625341747031621e-01
6.610305905342102051e-01 5.942431399510401668e-01 6.536213755607604980e-01 6.042575325106956941e-01
6.634460687637329102e-01 5.913101591797714773e-01 6.597787737846374512e-01 5.941194836194120255e-01
6.695741415023803711e-01 5.865071247613244942e-01 6.609267592430114746e-01 5.973268367507168497e-01
6.672928929328918457e-01 5.862202469554778084e-01 6.699019074440002441e-01 5.883441617806851598e-01
6.710055470466613770e-01 5.859696962129965492e-01 6.656230688095092773e-01 5.917915045481040304e-01
6.689479351043701172e-01 5.825180667929923395e-01 6.545606255531311035e-01 5.970797878271153492e-01
6.723474860191345215e-01 5.810211469137853690e-01 6.644750833511352539e-01 5.889402859098004095e-01
6.739577651023864746e-01 5.804571565777185693e-01 6.692757010459899902e-01 5.927449719215628354e-01
6.755681037902832031e-01 5.788958605467515728e-01 6.668753623962402344e-01 5.885620271206598586e-01
6.727947592735290527e-01 5.768719259219596829e-01 6.690670251846313477e-01 5.868584883534020413e-01
6.772678494453430176e-01 5.742259916070749926e-01 6.679190397262573242e-01 5.862379913861556213e-01
6.780282855033874512e-01 5.749160272956939099e-01 6.724066138267517090e-01 5.812903890353955383e-01
6.760153770446777344e-01 5.723189915905145808e-01 6.636401414871215820e-01 5.828301820245422871e-01
6.777598857879638672e-01 5.730265467788435707e-01 6.639532446861267090e-01 5.831415371938628578e-01
6.781624555587768555e-01 5.712627844128802534e-01 6.658317446708679199e-01 5.815004238975841622e-01
6.813383698463439941e-01 5.689356724847768332e-01 6.676059365272521973e-01 5.852743750747174678e-01
6.789228916168212891e-01 5.697382737473013492e-01 6.660404801368713379e-01 5.913073546053895235e-01
6.788334250450134277e-01 5.707169234443381090e-01 6.579002141952514648e-01 5.885881704444104745e-01
6.863034367561340332e-01 5.627433152675713757e-01 6.810686588287353516e-01 5.711357112444409578e-01
6.866613030433654785e-01 5.619484595587821429e-01 6.743894815444946289e-01 5.842333874182918940e-01
6.858114004135131836e-01 5.640520984338591726e-01 6.771029233932495117e-01 5.749507732417235006e-01
6.857666969299316406e-01 5.621453289653772778e-01 6.609267592430114746e-01 5.946585361954066506e-01
6.841563582420349121e-01 5.650942418374365062e-01 6.736589670181274414e-01 5.820366606486413463e-01
6.850957274436950684e-01 5.644486105960347944e-01 6.771029233932495117e-01 5.782998250511637295e-01
6.886294484138488770e-01 5.587667528813843321e-01 6.723022460937500000e-01 5.834543815835535607e-01
6.856772303581237793e-01 5.566597132675121795e-01 6.724066138267517090e-01 5.775198717999124876e-01
6.853641271591186523e-01 5.601212686365332205e-01 6.821122765541076660e-01 5.682992032837753671e-01
6.905975937843322754e-01 5.548914236786924858e-01 6.853474974632263184e-01 5.680229289624766364e-01
6.911790966987609863e-01 5.549953568598136044e-01 6.803381443023681641e-01 5.741557319162783335e-01
6.931025385856628418e-01 5.525123773139029026e-01 6.781465411186218262e-01 5.703990416769642025e-01
6.921631693840026855e-01 5.540514319287278555e-01 6.780421733856201172e-01 5.741240333052722855e-01
6.953837871551513672e-01 5.505389974206434944e-01 6.865998506546020508e-01 5.660462325337385359e-01
6.951601505279541016e-01 5.498456351657655672e-01 6.839908361434936523e-01 5.658356911253764610e-01
6.938182115554809570e-01 5.524006649267910740e-01 6.801294088363647461e-01 5.737684372819507050e-01
6.933261752128601074e-01 5.511659438696673297e-01 6.807555556297302246e-01 5.675929679399839278e-01
6.915816664695739746e-01 5.492825792330197077e-01 6.733458638191223145e-01 5.826789568919176210e-01
6.959652900695800781e-01 5.492179001309743791e-01 6.813817620277404785e-01 5.668465588665585475e-01
6.956074237823486328e-01 5.453690393151484628e-01 6.911917924880981445e-01 5.605583637050834955e-01
7.011093497276306152e-01 5.407621962884645583e-01 6.893132925033569336e-01 5.664746773887392450e-01
6.942207813262939453e-01 5.479434869075678893e-01 6.772072911262512207e-01 5.756390155095741923e-01
6.883610486984252930e-01 5.533793459405282888e-01 6.815904974937438965e-01 5.626204453612438927e-01
6.983807682991027832e-01 5.412005409824973690e-01 6.814861297607421875e-01 5.637396753667864857e-01
6.981123685836791992e-01 5.420229987928363302e-01 6.861824393272399902e-01 5.682278798507812700e-01
6.938182115554809570e-01 5.479050480438528714e-01 6.780421733856201172e-01 5.651497902464105438e-01
6.980676054954528809e-01 5.430211317008116767e-01 6.855562329292297363e-01 5.593729923498503842e-01
7.026301622390747070e-01 5.377680352152641730e-01 6.730327606201171875e-01 5.777344956972284562e-01
7.002146840095520020e-01 5.440696080365746701e-01 6.931747198104858398e-01 5.565851205849891015e-01
6.986044049263000488e-01 5.357470586296056991e-01 6.853474974632263184e-01 5.653910899903773490e-01
7.009751200675964355e-01 5.398159765785549569e-01 6.870173215866088867e-01 5.555425926380479495e-01
7.023170590400695801e-01 5.377707687531670944e-01 6.909831166267395020e-01 5.643163302999228970e-01
7.031221985816955566e-01 5.371441771485422345e-01 6.942183375358581543e-01 5.560947513809235687e-01
7.054482102394104004e-01 5.350008109512131016e-01 6.983928084373474121e-01 5.540683705058782049e-01
7.016460895538330078e-01 5.362196667588104981e-01 6.802337765693664551e-01 5.663822969945431218e-01
7.012882232666015625e-01 5.369973481181354868e-01 6.934877634048461914e-01 5.540473441992043169e-01
7.032563686370849609e-01 5.337829477438497117e-01 6.968274116516113281e-01 5.514402313263275790e-01
7.020934224128723145e-01 5.363621730020805556e-01 6.934877634048461914e-01 5.621513876977680679e-01
7.022722959518432617e-01 5.400518676445039690e-01 6.941139698028564453e-01 5.598381106078662572e-01
7.044193744659423828e-01 5.301992676940197047e-01 6.945314407348632812e-01 5.575787632680839767e-01
7.089372277259826660e-01 5.282638030202343460e-01 6.876435279846191406e-01 5.545100900156963997e-01
7.084451317787170410e-01 5.278290204422527720e-01 6.986015439033508301e-01 5.531384216995135494e-01
7.047325372695922852e-01 5.323750871220478409e-01 6.952619552612304688e-01 5.558481552087795041e-01
7.074163556098937988e-01 5.334626290874545651e-01 6.953663229942321777e-01 5.515181587200725932e-01
7.115762829780578613e-01 5.225954661270783008e-01 6.906700134277343750e-01 5.587686425060549578e-01
