5.190553069114685059e-01 7.100299850498165144e-01 5.337090492248535156e-01 6.866319342884731336e-01
5.158793926239013672e-01 7.084011015322110305e-01 5.513463020324707031e-01 6.840154649917229435e-01
5.308194756507873535e-01 7.014109805842209111e-01 5.538509488105773926e-01 6.821568511493318887e-01
5.290302634239196777e-01 6.996911550425612969e-01 5.535379052162170410e-01 6.807018963585464988e-01
5.400339961051940918e-01 6.937261473772072806e-01 5.542684197425842285e-01 6.793613284048718448e-01
5.330560207366943359e-01 6.960503158447332028e-01 5.594865083694458008e-01 6.782052077273689195e-01
5.434782505035400391e-01 6.923289413762702127e-01 5.614694356918334961e-01 6.773049648383843158e-01
5.510377287864685059e-01 6.896336132713497546e-01 5.634523034095764160e-01 6.764035071268680310e-01
5.482644438743591309e-01 6.896136614563512790e-01 5.636610388755798340e-01 6.756606201766254260e-01
5.522902011871337891e-01 6.865616221401469321e-01 5.660613775253295898e-01 6.749705449073256647e-01
5.507693886756896973e-01 6.872279133496376202e-01 5.769150257110595703e-01 6.744022212255426085e-01
5.560476183891296387e-01 6.854537988118567515e-01 5.833855271339416504e-01 6.738192909223206239e-01
5.516639947891235352e-01 6.874130499087798274e-01 5.825506448745727539e-01 6.732872918487664560e-01
5.640543699264526367e-01 6.807057523177121316e-01 5.835942625999450684e-01 6.728674592615492278e-01
5.615047216415405273e-01 6.822911888163681882e-01 5.825506448745727539e-01 6.724546951681307227e-01
5.657988786697387695e-01 6.830475185846979214e-01 5.844291448593139648e-01 6.720925809396032236e-01
5.644569396972656250e-01 6.825655892019431015e-01 5.841160416603088379e-01 6.717712119784641223e-01
5.601628422737121582e-01 6.813851272106427048e-01 5.823419094085693359e-01 6.715763523269610014e-01
5.639649033546447754e-01 6.800598292172456150e-01 5.815069675445556641e-01 6.713550593653443421e-01
5.674539208412170410e-01 6.794244650012160047e-01 5.829680562019348145e-01 6.712590144860473007e-01
5.730452537536621094e-01 6.782346290304102077e-01 5.826549530029296875e-01 6.710819718584439819e-01
5.674986839294433594e-01 6.788712997282099204e-01 5.796284675598144531e-01 6.708389848962106328e-01
5.658883452415466309e-01 6.795193636261684933e-01 5.775412321090698242e-01 6.707963293067997768e-01
5.727768540382385254e-01 6.771643825327268162e-01 5.758714079856872559e-01 6.706938335901012627e-01
5.705850720405578613e-01 6.770323126852287876e-01 5.757670402526855469e-01 6.705500273633864250e-01
5.705403685569763184e-01 6.783230135363614854e-01 5.762888789176940918e-01 6.703455418789966425e-01
5.664698481559753418e-01 6.775123241400330398e-01 5.766019821166992188e-01 6.704411694013706624e-01
5.727768540382385254e-01 6.771230085268497012e-01 5.760801434516906738e-01 6.704410311947334167e-01
5.728216171264648438e-01 6.759399363768081592e-01 5.788979530334472656e-01 6.701441934949246004e-01
5.763553380966186523e-01 6.754891303447730921e-01 5.788979530334472656e-01 6.701603323326954520e-01
5.729557871818542480e-01 6.762472898445225367e-01 5.778543353080749512e-01 6.700129682150346433e-01
5.700930356979370117e-01 6.754560450104956093e-01 5.762888789176940918e-01 6.699217640141857943e-01
5.740293264389038086e-01 6.762531691511279863e-01 5.793153643608093262e-01 6.697697794230887958e-01
5.760422348976135254e-01 6.752289503007610216e-01 5.786892175674438477e-01 6.698537600286766924e-01
5.730005502700805664e-01 6.755177262729897825e-01 5.796284675598144531e-01 6.696668872005181461e-01
5.749239325523376465e-01 6.745017106065086532e-01 5.793153643608093262e-01 6.696752900122799890e-01
5.789049863815307617e-01 6.742172329407468689e-01 5.795240998268127441e-01 6.695555289163392931e-01
5.776078104972839355e-01 6.737134675259538463e-01 5.797328352928161621e-01 6.696378486411752595e-01
5.756843686103820801e-01 6.735106807613355784e-01 5.784804821014404297e-01 6.695590449185691018e-01
5.755501985549926758e-01 6.740413147320920562e-01 5.780630111694335938e-01 6.696610828701028417e-01
5.784577131271362305e-01 6.734461292829767576e-01 5.775412321090698242e-01 6.695391330731932378e-01
5.750133991241455078e-01 6.740262840275773604e-01 5.751408934593200684e-01 6.695318052351189042e-01
5.785471200942993164e-01 6.724694828736289542e-01 5.803589820861816406e-01 6.693843392259863911e-01
5.762658715248107910e-01 6.723768638890509353e-01 5.777499675750732422e-01 6.695590880140583900e-01
5.817230343818664551e-01 6.735380298444209046e-01 5.794197320938110352e-01 6.692717122499143301e-01
5.757291316986083984e-01 6.731785150179178112e-01 5.787935853004455566e-01 6.692229986340086922e-01
5.785918831825256348e-01 6.729349598493830076e-01 5.792109966278076172e-01 6.691970201281112196e-01
5.778314471244812012e-01 6.724321408996131177e-01 5.782717466354370117e-01 6.691799000468540148e-01
5.772052407264709473e-01 6.729732085199982006e-01 5.798372030258178711e-01 6.691942361644751536e-01
5.780550837516784668e-01 6.734120997872372616e-01 5.790023207664489746e-01 6.690542887009103268e-01
5.753712654113769531e-01 6.742689581799536924e-01 5.809851884841918945e-01 6.691693878079276736e-01
5.767579078674316406e-01 6.734506051982743768e-01 5.790023207664489746e-01 6.690571828914618768e-01
5.770263075828552246e-01 6.719274798794410142e-01 5.784804821014404297e-01 6.691601551342946097e-01
5.792628526687622070e-01 6.712973435954430190e-01 5.786892175674438477e-01 6.689279700738854917e-01
5.771157741546630859e-01 6.730217701165742694e-01 5.780630111694335938e-01 6.692513851003740744e-01
5.805600285530090332e-01 6.717194266621296928e-01 5.785848498344421387e-01 6.689805251848869316e-01
5.790839195251464844e-01 6.719300076965356583e-01 5.784804821014404297e-01 6.689319456327784685e-01
5.798890590667724609e-01 6.718427611497929108e-01 5.754539966583251953e-01 6.691865837292839680e-01
5.773394107818603516e-01 6.726766006104910600e-01 5.784804821014404297e-01 6.687953984207410940e-01
5.783234834671020508e-01 6.717207984967827894e-01 5.784804821014404297e-01 6.688757792342259201e-01
5.828860402107238770e-01 6.713321513322538792e-01 5.775412321090698242e-01 6.689116397946046622e-01
5.844516158103942871e-01 6.705640536511513483e-01 5.785848498344421387e-01 6.689165149220741569e-01
5.797995924949645996e-01 6.701730192400812136e-01 5.777499675750732422e-01 6.686839136617513946e-01
5.815888643264770508e-01 6.703386125143961927e-01 5.794197320938110352e-01 6.687418435914260773e-01
5.800679922103881836e-01 6.712258153555538120e-01 5.781673789024353027e-01 6.685772991782562569e-01
5.798443555831909180e-01 6.707560142115929214e-01 5.784804821014404297e-01 6.688055819072695751e-01
5.808284282684326172e-01 6.708175108905852779e-01 5.760801434516906738e-01 6.687459076055527474e-01
5.793523192405700684e-01 6.725479750881512286e-01 5.781673789024353027e-01 6.685614129666420657e-01
5.809178948402404785e-01 6.707712962922180999e-01 5.778543353080749512e-01 6.684944873387618225e-01
5.770263075828552246e-01 6.715669943685287357e-01 5.779586434364318848e-01 6.684701567998984073e-01
5.783234834671020508e-01 6.710462714589586763e-01 5.777499675750732422e-01 6.686131140803076578e-01
5.798443555831909180e-01 6.704880329444511400e-01 5.777499675750732422e-01 6.686167133872131796e-01
5.830202102661132812e-01 6.701990468895783204e-01 5.778543353080749512e-01 6.685105663106277740e-01
5.823492407798767090e-01 6.708762114835907786e-01 5.784804821014404297e-01 6.685646315303731546e-01
5.822150707244873047e-01 6.718613339848329424e-01 5.784804821014404297e-01 6.682086764609134200e-01
5.817230343818664551e-01 6.698637365932262888e-01 5.792109966278076172e-01 6.683959782907346048e-01
5.836911797523498535e-01 6.698315338001500363e-01 5.781673789024353027e-01 6.681479331944935041e-01
5.772947072982788086e-01 6.709961453924283559e-01 5.780630111694335938e-01 6.680960409752239038e-01
5.816335678100585938e-01 6.707632891349873949e-01 5.785848498344421387e-01 6.680805896125240340e-01
5.819466710090637207e-01 6.702001545185649611e-01 5.779586434364318848e-01 6.681727512946235015e-01
5.788602828979492188e-01 6.693477531007543391e-01 5.778543353080749512e-01 6.681837825953300669e-01
5.795759558677673340e-01 6.711495882561732129e-01 5.771237611770629883e-01 6.682801378766073386e-01
5.801126956939697266e-01 6.702903974224745376e-01 5.787935853004455566e-01 6.681506496907972936e-01
5.821256041526794434e-01 6.703159314060194163e-01 5.779586434364318848e-01 6.682365624647353952e-01
5.826623439788818359e-01 6.702064727388867826e-01 5.777499675750732422e-01 6.681081676154713156e-01
5.872249007225036621e-01 6.703728799168123809e-01 5.783761143684387207e-01 6.679752357218564640e-01
5.823045372962951660e-01 6.703297133031098642e-01 5.775412321090698242e-01 6.680458404902898106e-01
5.811415314674377441e-01 6.688860894465280538e-01 5.786892175674438477e-01 6.682184984753162249e-01
5.815888643264770508e-01 6.690972233889332932e-01 5.780630111694335938e-01 6.679856043672094401e-01
5.828860402107238770e-01 6.698174835488501788e-01 5.778543353080749512e-01 6.679842768668929898e-01
5.846752524375915527e-01 6.704297496799408451e-01 5.782717466354370117e-01 6.680053970530595020e-01
5.817677378654479980e-01 6.709915433358284442e-01 5.779586434364318848e-01 6.679577024265163088e-01
5.823940038681030273e-01 6.698310347272279364e-01 5.782717466354370117e-01 6.678692398029487665e-01
5.831544399261474609e-01 6.691668453039946174e-01 5.785848498344421387e-01 6.680172189022001161e-01
5.826623439788818359e-01 6.698445525999507932e-01 5.787935853004455566e-01 6.679673632309447440e-01
5.824834704399108887e-01 6.697385788262476547e-01 5.785848498344421387e-01 6.678338435392393579e-01
5.816782712936401367e-01 6.694984977158734418e-01 5.793153643608093262e-01 6.678644712074294221e-01
5.807389616966247559e-01 6.686214631455681401e-01 5.782717466354370117e-01 6.678612215786183803e-01
5.832886099815368652e-01 6.695479178688866773e-01 5.794197320938110352e-01 6.678939699828064791e-01
5.846305489540100098e-01 6.693638619145461099e-01 5.788979530334472656e-01 6.679133601662411435e-01
