5.015208721160888672e-01 7.985689679930900731e-01 5.128365755081176758e-01 6.994504641949123025e-01
5.085435509681701660e-01 7.790472188070989290e-01 5.327697992324829102e-01 6.912080865268591667e-01
5.066648721694946289e-01 7.630648403096058630e-01 5.426841974258422852e-01 6.863316378646194815e-01
5.110484957695007324e-01 7.512213962516197663e-01 5.451889038085937500e-01 6.836349558193284270e-01
5.181159377098083496e-01 7.407915447047921376e-01 5.540596842765808105e-01 6.818620477706051064e-01
5.204866528511047363e-01 7.344850470990310631e-01 5.691922307014465332e-01 6.803186785400946457e-01
5.195025801658630371e-01 7.319323567269974129e-01 5.650177597999572754e-01 6.796421821319940104e-01
5.203971862792968750e-01 7.265702083234946151e-01 5.703402161598205566e-01 6.785094434820369003e-01
5.273752212524414062e-01 7.218827598208839014e-01 5.733667016029357910e-01 6.778301787237065446e-01
5.274199247360229492e-01 7.177560296376886972e-01 5.757670402526855469e-01 6.770024380239010320e-01
5.217838883399963379e-01 7.198826226997853128e-01 5.756626725196838379e-01 6.767083869998575807e-01
5.325192213058471680e-01 7.160216542599047163e-01 5.750365257263183594e-01 6.764396232370294415e-01
5.344426631927490234e-01 7.088137291095875092e-01 5.769150257110595703e-01 6.758897894360879066e-01
5.383789539337158203e-01 7.076075009229806367e-01 5.821331739425659180e-01 6.754614887842677051e-01
5.398998260498046875e-01 7.053872572115141848e-01 5.851596593856811523e-01 6.750691962301843541e-01
5.410180687904357910e-01 7.038350322204319776e-01 5.802546143531799316e-01 6.753065149909990295e-01
5.443281531333923340e-01 7.022354611985306416e-01 5.818200707435607910e-01 6.747791623924899174e-01
5.433887839317321777e-01 7.023319711325142212e-01 5.831767916679382324e-01 6.746059248950531106e-01
5.388709902763366699e-01 7.019742970433340279e-01 5.833855271339416504e-01 6.744072665204784434e-01
5.417337417602539062e-01 6.996030410983989922e-01 5.846378803253173828e-01 6.741015766911555573e-01
5.466541647911071777e-01 6.994704137784377718e-01 5.805677175521850586e-01 6.737295447274703752e-01
5.431651473045349121e-01 6.981451742165757368e-01 5.838029384613037109e-01 6.736432632283262389e-01
5.442833900451660156e-01 6.985881391610756497e-01 5.845335125923156738e-01 6.737095384925224639e-01
5.458937287330627441e-01 6.960085125553051588e-01 5.859946012496948242e-01 6.734782169965481957e-01
5.513061285018920898e-01 6.949002257633090096e-01 5.798372030258178711e-01 6.730561614086323363e-01
5.564054250717163086e-01 6.931000835013786388e-01 5.725318193435668945e-01 6.727507732974987720e-01
5.517086982727050781e-01 6.924531415336822038e-01 5.803589820861816406e-01 6.726620838378869482e-01
5.535873770713806152e-01 6.925524839093932794e-01 5.839073061943054199e-01 6.727249932249312891e-01
5.556897521018981934e-01 6.914719875244063063e-01 5.843247771263122559e-01 6.724218382289975926e-01
5.563607215881347656e-01 6.913559930890633698e-01 5.773324966430664062e-01 6.721543924740325249e-01
5.534085035324096680e-01 6.919181885883961547e-01 5.822375416755676270e-01 6.723102838006255189e-01
5.588209033012390137e-01 6.897594123028284452e-01 5.792109966278076172e-01 6.719753345724586158e-01
5.585525035858154297e-01 6.894233726520917482e-01 5.836986303329467773e-01 6.717283347408897765e-01
5.571211576461791992e-01 6.887155606806821817e-01 5.844291448593139648e-01 6.718310623446627217e-01
5.603417158126831055e-01 6.877522778161246908e-01 5.832811594009399414e-01 6.716083201230430566e-01
5.579262971878051758e-01 6.880101889377204794e-01 5.858902335166931152e-01 6.716513671921777728e-01
5.563159584999084473e-01 6.882941418821130197e-01 5.811939239501953125e-01 6.711769494898904842e-01
5.585078001022338867e-01 6.891343670489430417e-01 5.836986303329467773e-01 6.710355328483438297e-01
5.623546242713928223e-01 6.855610060039157849e-01 5.877687335014343262e-01 6.710643112174257130e-01
5.619967579841613770e-01 6.868404560597600739e-01 5.898559689521789551e-01 6.710722507775588319e-01
5.643227696418762207e-01 6.856252613360264148e-01 5.894385576248168945e-01 6.710354770381922185e-01
5.567185282707214355e-01 6.869736537457280523e-01 5.890210866928100586e-01 6.706610310179682566e-01
5.617731213569641113e-01 6.844644953257966735e-01 5.888123512268066406e-01 6.703298366584850010e-01
5.658436417579650879e-01 6.842563912275119176e-01 5.874556303024291992e-01 6.701571207607844860e-01
5.677670240402221680e-01 6.831616239719217054e-01 5.902734398841857910e-01 6.702421422891491343e-01
5.619967579841613770e-01 6.841737495954912651e-01 5.913170576095581055e-01 6.699913483376643830e-01
5.643227696418762207e-01 6.846090564895858099e-01 5.906908512115478516e-01 6.702466333268256582e-01
5.670513510704040527e-01 6.815505229012657207e-01 5.914214253425598145e-01 6.703619533355488214e-01
5.709429383277893066e-01 6.801943210993240951e-01 5.895428657531738281e-01 6.697171474145066083e-01
5.632045269012451172e-01 6.842589553896825105e-01 5.928825139999389648e-01 6.697414199287272663e-01
5.671855211257934570e-01 6.816923041146606410e-01 5.979962348937988281e-01 6.695188223083987644e-01
5.647253394126892090e-01 6.818301301988768381e-01 5.970569849014282227e-01 6.693177454358624212e-01
5.667829513549804688e-01 6.791588488301686377e-01 5.948653817176818848e-01 6.693850919041347547e-01
5.699141025543212891e-01 6.800443561756668309e-01 5.966395139694213867e-01 6.690984078574294669e-01
5.711665749549865723e-01 6.788040137521310635e-01 5.972657203674316406e-01 6.689189435594192767e-01
5.734031200408935547e-01 6.801662090789185600e-01 5.946566462516784668e-01 6.688573047677351946e-01
5.729557871818542480e-01 6.790379287838658184e-01 6.002922058105468750e-01 6.685098938891196330e-01
5.708981752395629883e-01 6.782853460883514485e-01 6.010227799415588379e-01 6.683666065624526142e-01
5.685274600982666016e-01 6.800031329890572351e-01 5.974744558334350586e-01 6.680520573132123774e-01
5.713902115821838379e-01 6.800205505668509565e-01 5.984137058258056641e-01 6.678530179093212782e-01
5.677223205566406250e-01 6.804168493616749025e-01 6.009184122085571289e-01 6.678814496234621867e-01
5.743871927261352539e-01 6.767240467086890199e-01 5.942391753196716309e-01 6.676434789687252236e-01
5.769815444946289062e-01 6.768611023050233877e-01 5.972657203674316406e-01 6.681351305497411630e-01
5.741187930107116699e-01 6.773460504940017612e-01 5.990398526191711426e-01 6.675713067760399300e-01
5.746555924415588379e-01 6.754841063632204268e-01 5.989354848861694336e-01 6.673550788904873965e-01
5.747897624969482422e-01 6.764451316312037887e-01 5.978918671607971191e-01 6.674355484577888520e-01
5.773841738700866699e-01 6.763003013560161536e-01 5.990398526191711426e-01 6.670476409941569207e-01
5.836464762687683105e-01 6.727659259718674623e-01 6.007096767425537109e-01 6.669979327607319375e-01
5.772499442100524902e-01 6.772544977382974896e-01 6.005009412765502930e-01 6.669164423254829721e-01
5.840042829513549805e-01 6.739423878612235130e-01 5.959089994430541992e-01 6.667259443878654768e-01
5.807389616966247559e-01 6.744873303487446403e-01 5.974744558334350586e-01 6.666402586117041729e-01
5.775183439254760742e-01 6.735797038998025954e-01 5.991442203521728516e-01 6.665210561024771385e-01
5.811415314674377441e-01 6.740749449652281289e-01 5.986224412918090820e-01 6.664653571605980709e-01
5.785918831825256348e-01 6.762144849901443600e-01 5.977874994277954102e-01 6.664650504660243335e-01
5.784577131271362305e-01 6.750350225844138352e-01 5.989354848861694336e-01 6.662827113978028182e-01
5.797101259231567383e-01 6.732999989567939325e-01 5.992485880851745605e-01 6.663221750222574347e-01
5.836017131805419922e-01 6.728736071749564784e-01 5.965351462364196777e-01 6.663429463763148597e-01
5.798890590667724609e-01 6.742736714900254835e-01 5.984137058258056641e-01 6.661280165930875130e-01
5.778314471244812012e-01 6.743490587707324790e-01 5.994573235511779785e-01 6.658271632869317003e-01
5.860171914100646973e-01 6.720665112487060888e-01 5.913170576095581055e-01 6.658568307368597505e-01
5.820809006690979004e-01 6.727030123894746083e-01 5.961177349090576172e-01 6.656831222495165346e-01
5.859277248382568359e-01 6.713231035092794841e-01 5.978918671607971191e-01 6.658018881805354283e-01
5.870459675788879395e-01 6.700616945711055372e-01 5.997704267501831055e-01 6.657291332905538317e-01
5.848094224929809570e-01 6.712904948521906112e-01 5.974744558334350586e-01 6.658811527287827881e-01
5.794417858123779297e-01 6.743239495702625375e-01 5.979962348937988281e-01 6.656224908148961061e-01
5.831096768379211426e-01 6.712829526303855099e-01 5.975787639617919922e-01 6.654730984971061192e-01
5.865539312362670898e-01 6.709041231794932170e-01 5.970569849014282227e-01 6.653749085472909774e-01
5.808284282684326172e-01 6.732610801098534159e-01 5.951784849166870117e-01 6.653991318699512547e-01
5.861961245536804199e-01 6.710894777451033022e-01 5.987268090248107910e-01 6.658617036871610217e-01
5.813204646110534668e-01 6.732735432288496913e-01 5.972657203674316406e-01 6.653290006791443556e-01
5.847199559211730957e-01 6.710955958328854720e-01 5.973700881004333496e-01 6.652859665610501017e-01
5.857040882110595703e-01 6.703449764006849110e-01 5.970569849014282227e-01 6.650291065337686769e-01
5.902665853500366211e-01 6.690222915734560516e-01 5.975787639617919922e-01 6.648797228375648016e-01
5.856593251228332520e-01 6.701206819041510832e-01 5.968482494354248047e-01 6.648378168907077557e-01
5.829307436943054199e-01 6.709242267842411289e-01 5.985180735588073730e-01 6.651610395426144073e-01
5.820809006690979004e-01 6.707910996341688303e-01 5.991442203521728516e-01 6.648572296420459660e-01
5.890588760375976562e-01 6.693355667396998498e-01 5.969526171684265137e-01 6.647300562090228127e-01
5.858829617500305176e-01 6.703464761256403559e-01 5.992485880851745605e-01 6.648636757145592879e-01
5.904902219772338867e-01 6.678935411599651317e-01 5.988311171531677246e-01 6.648746990654916811e-01
5.886115431785583496e-01 6.700155859152220339e-01 6.002922058105468750e-01 6.647416802717633910e-01
