5.591787695884704590e-01 6.827989288766218579e-01 5.683573484420776367e-01 6.714620168710198067e-01
5.781445503234863281e-01 6.708075635056521824e-01 5.824462771415710449e-01 6.717922600319380377e-01
5.909822583198547363e-01 6.652248683183089595e-01 5.932999253273010254e-01 6.588645272129538544e-01
5.932635664939880371e-01 6.621191014776846018e-01 5.828636884689331055e-01 6.600939102099201428e-01
6.005994081497192383e-01 6.581902174536711225e-01 5.912126898765563965e-01 6.598202370820973606e-01
6.019412875175476074e-01 6.552101011074896730e-01 5.965351462364196777e-01 6.601940548959890354e-01
6.005546450614929199e-01 6.542275519719980004e-01 5.899603366851806641e-01 6.532995282322249242e-01
6.064591407775878906e-01 6.501288532592205405e-01 6.102066636085510254e-01 6.506950152589642267e-01
6.085167527198791504e-01 6.495467023189133160e-01 6.144855022430419922e-01 6.485007935141601232e-01
6.098586320877075195e-01 6.463811338577059029e-01 6.053016185760498047e-01 6.485021905843312284e-01
6.096796989440917969e-01 6.436745131841220546e-01 5.912126898765563965e-01 6.555412510097761158e-01
6.131687164306640625e-01 6.429809494742896314e-01 6.098935604095458984e-01 6.401900620083300630e-01
6.147342920303344727e-01 6.417259055101971477e-01 6.096848249435424805e-01 6.381696675993708823e-01
6.127214431762695312e-01 6.434148633431014952e-01 6.200166940689086914e-01 6.309426160277714635e-01
6.173287034034729004e-01 6.402014056265642461e-01 6.304529309272766113e-01 6.339269657021547877e-01
6.178654432296752930e-01 6.372650061999136639e-01 6.116676926612854004e-01 6.331921725177586113e-01
6.181338429450988770e-01 6.366044239934729454e-01 6.178250908851623535e-01 6.322809251258976193e-01
6.201914548873901367e-01 6.357259633481812111e-01 6.216865181922912598e-01 6.295870641431886572e-01
6.189837455749511719e-01 6.356876440563532515e-01 6.228345036506652832e-01 6.332001747056901220e-01
6.238146424293518066e-01 6.337301941096281643e-01 6.251304745674133301e-01 6.334249108152681940e-01
6.237698793411254883e-01 6.315400317927170049e-01 6.115633249282836914e-01 6.365838752761312502e-01
6.272588968276977539e-01 6.289470032388055909e-01 6.293049454689025879e-01 6.292110056126697382e-01
6.278851032257080078e-01 6.286043541805542700e-01 6.320183873176574707e-01 6.249038852025013968e-01
6.294059753417968750e-01 6.261036042600608420e-01 6.297224164009094238e-01 6.251874523032460162e-01
6.306584477424621582e-01 6.283045618857012737e-01 6.250261068344116211e-01 6.254880161828821894e-01
6.318214535713195801e-01 6.249205933356886122e-01 6.284700632095336914e-01 6.255914702392575411e-01
6.328949928283691406e-01 6.249067085248708464e-01 6.342099905014038086e-01 6.273555605701652826e-01
6.302558779716491699e-01 6.250614788050642412e-01 6.247130036354064941e-01 6.325124431392937785e-01
6.338343024253845215e-01 6.233626758824053482e-01 6.283656954765319824e-01 6.219748089020398218e-01
6.362497806549072266e-01 6.193843885661665105e-01 6.368190646171569824e-01 6.202070033642325120e-01
6.376811861991882324e-01 6.212107535231026212e-01 6.354623436927795410e-01 6.191241104078800683e-01
6.358919143676757812e-01 6.189099908045695431e-01 6.303485631942749023e-01 6.237146162185557285e-01
6.359366774559020996e-01 6.180338938583050945e-01 6.401586532592773438e-01 6.170127807592106217e-01
6.349973082542419434e-01 6.181394144383456357e-01 6.374452114105224609e-01 6.165078850908185526e-01
6.368312835693359375e-01 6.173868672987241624e-01 6.393237113952636719e-01 6.194888502017263932e-01
6.388888955116271973e-01 6.164636308636258777e-01 6.228345036506652832e-01 6.303032031638515775e-01
6.417964100837707520e-01 6.166437803941755558e-01 6.133375167846679688e-01 6.365082633940717383e-01
6.365628838539123535e-01 6.161138223906411637e-01 6.395324468612670898e-01 6.163775429574365194e-01
6.425567865371704102e-01 6.143624139271475215e-01 6.440200209617614746e-01 6.072077995251324856e-01
6.422436833381652832e-01 6.107624114508874991e-01 6.474639773368835449e-01 6.090500147376023410e-01
6.413937807083129883e-01 6.168201835344464534e-01 6.470465660095214844e-01 6.097219791523824650e-01
6.468509435653686523e-01 6.119826591426517082e-01 6.416196823120117188e-01 6.096520268252736408e-01
6.421989798545837402e-01 6.123314889860741461e-01 6.444374918937683105e-01 6.153197302944698466e-01
6.460905075073242188e-01 6.084065187977729661e-01 6.510123014450073242e-01 6.041502653370568465e-01
6.461352705955505371e-01 6.103450110227823799e-01 6.416196823120117188e-01 6.112406817017007610e-01
6.477455496788024902e-01 6.068799071991074490e-01 6.471509337425231934e-01 6.066783261159794938e-01
6.487743854522705078e-01 6.053375292600726709e-01 6.365059614181518555e-01 6.123438765026786301e-01
6.421095132827758789e-01 6.068409246842961791e-01 6.371321082115173340e-01 6.141726420657716012e-01
6.450617313385009766e-01 6.064829349432505623e-01 6.409935355186462402e-01 6.178306356971284830e-01
6.486402153968811035e-01 6.045942679354192606e-01 6.491338014602661133e-01 6.034108620176631410e-01
6.457774043083190918e-01 6.088845688235804410e-01 6.525777578353881836e-01 5.995177178984020250e-01
6.519950032234191895e-01 6.002874740933151765e-01 6.473596096038818359e-01 6.033760634550493496e-01
6.470746397972106934e-01 6.040700068199095218e-01 6.371321082115173340e-01 6.241245384605461632e-01
6.511898636817932129e-01 6.008114148645201658e-01 6.458985805511474609e-01 6.126651170855398343e-01
6.549472212791442871e-01 6.027832466047167159e-01 6.513254046440124512e-01 6.028091115011996459e-01
6.527106761932373047e-01 5.972695276741052384e-01 6.510123014450073242e-01 6.055631913886988515e-01
6.490427851676940918e-01 6.009840593181882129e-01 6.536213755607604980e-01 5.987322839061344215e-01
6.559312939643859863e-01 5.981295961539376815e-01 6.529952287673950195e-01 6.044439442146299912e-01
6.571390032768249512e-01 5.987113736080641457e-01 6.524733901023864746e-01 6.025094927116168009e-01
6.520844697952270508e-01 5.995643551500224877e-01 6.572740674018859863e-01 5.999321057611853858e-01
6.577205061912536621e-01 5.983455694090767940e-01 6.345230937004089355e-01 6.093331338891005977e-01
6.589282751083374023e-01 5.954218094411615203e-01 6.545606255531311035e-01 5.920179026705615355e-01
6.563338637351989746e-01 5.951762251978506280e-01 6.518472433090209961e-01 6.015333957275004195e-01
6.619699597358703613e-01 5.929370685348059888e-01 6.572740674018859863e-01 5.926759351994294045e-01
6.630882024765014648e-01 5.922869108064078292e-01 6.610311269760131836e-01 5.898124670663872360e-01
6.615226268768310547e-01 5.915652812433745966e-01 6.558129787445068359e-01 5.977937659523576697e-01
6.577205061912536621e-01 5.916708882176229256e-01 6.592569351196289062e-01 5.941639527526088038e-01
6.580783724784851074e-01 5.915373647697156345e-01 6.504905223846435547e-01 6.011179291836231675e-01
6.603149175643920898e-01 5.898001074769625429e-01 6.524733901023864746e-01 5.991188026848029979e-01
6.624619960784912109e-01 5.896238951270109663e-01 6.543518900871276855e-01 5.968015894116501796e-01
6.607621908187866211e-01 5.882688830930744572e-01 6.665623188018798828e-01 5.882311592368785202e-01
6.653694510459899902e-01 5.866735381567322882e-01 6.613441705703735352e-01 5.966785348325103211e-01
6.611200571060180664e-01 5.905510424223883170e-01 6.676059365272521973e-01 5.850064288447680561e-01
6.660404205322265625e-01 5.869258403522125134e-01 6.486119627952575684e-01 6.020474365971277830e-01
6.654142141342163086e-01 5.837910292741117502e-01 6.395324468612670898e-01 6.130934403923502529e-01
6.615226268768310547e-01 5.869768698626286474e-01 6.554998755455017090e-01 5.979961798923096872e-01
6.659509539604187012e-01 5.827200673607215720e-01 6.432895064353942871e-01 6.185115184646586828e-01
6.648774147033691406e-01 5.846796650369514570e-01 6.603005528450012207e-01 5.920235468360433018e-01
6.680085659027099609e-01 5.824081448114586390e-01 6.282613277435302734e-01 6.291093495862017937e-01
6.696189045906066895e-01 5.848943839603852890e-01 6.481945514678955078e-01 6.124005374294361204e-01
6.679190993309020996e-01 5.816054246489189561e-01 6.486119627952575684e-01 6.034898845394527367e-01
6.697530746459960938e-01 5.835517627925432826e-01 6.625965237617492676e-01 5.883220117317562448e-01
6.687690019607543945e-01 5.828853316737065970e-01 6.689626574516296387e-01 5.863105426922493590e-01
6.694399714469909668e-01 5.816270496171667137e-01 6.682320833206176758e-01 5.904671955870028910e-01
6.653247475624084473e-01 5.808931413266756882e-01 6.584220528602600098e-01 5.956869546243925839e-01
6.703793406486511230e-01 5.794798754839505239e-01 6.706324219703674316e-01 5.773663888318980586e-01
6.704688072204589844e-01 5.784413296456711873e-01 6.655187010765075684e-01 5.885433583885611997e-01
6.718554496765136719e-01 5.779208082017200931e-01 6.585264205932617188e-01 5.907507561313610767e-01
6.729736924171447754e-01 5.745926574872375348e-01 6.632227301597595215e-01 5.857006489695598672e-01
6.748076677322387695e-01 5.736794665197201271e-01 6.657273769378662109e-01 5.894284226704777918e-01
6.726158261299133301e-01 5.742095881400839374e-01 6.654143333435058594e-01 5.871151826421991959e-01
6.731078624725341797e-01 5.741156678140899583e-01 6.730327606201171875e-01 5.859803867549095990e-01
6.722132563591003418e-01 5.773526328389387841e-01 6.694844365119934082e-01 5.859718964707500977e-01
6.760153770446777344e-01 5.744803400367290980e-01 6.670840978622436523e-01 5.803199559978889921e-01
6.768205165863037109e-01 5.732060713511201167e-01 6.726153492927551270e-01 5.784517655763763422e-01
6.751207709312438965e-01 5.705452530877622719e-01 6.665623188018798828e-01 5.854796827075825494e-01
6.750760674476623535e-01 5.759768534547038410e-01 6.730327606201171875e-01 5.755115072405231347e-01
6.783413887023925781e-01 5.715051138415961907e-01 6.624921560287475586e-01 5.932913432786122154e-01
6.785650253295898438e-01 5.719434427732985604e-01 6.598831415176391602e-01 5.893801288748056200e-01
6.733762621879577637e-01 5.723744189830942686e-01 6.678146719932556152e-01 5.798713055290973806e-01
