5.594918727874755859e-01 6.843020503263734788e-01 5.844291448593139648e-01 6.672543459957762657e-01
5.866881608963012695e-01 6.686305515261493637e-01 5.869338512420654297e-01 6.671052701387144568e-01
5.916085243225097656e-01 6.637724236035138503e-01 6.014401912689208984e-01 6.612517386705983879e-01
5.959473848342895508e-01 6.605001519928893616e-01 6.106240749359130859e-01 6.559098635752945716e-01
6.005994081497192383e-01 6.574905601100645702e-01 6.014401912689208984e-01 6.557442622278309985e-01
6.069958806037902832e-01 6.550241304672475007e-01 6.103109717369079590e-01 6.520907376385312038e-01
6.115136742591857910e-01 6.530156176297987614e-01 6.069713830947875977e-01 6.523293606475061290e-01
6.180890798568725586e-01 6.500678409039600814e-01 6.171989440917968750e-01 6.471507985714805011e-01
6.088745594024658203e-01 6.517727595361876292e-01 6.179294586181640625e-01 6.458116690292907691e-01
6.137949824333190918e-01 6.499743444652117397e-01 6.203297972679138184e-01 6.434382726244924910e-01
6.207729578018188477e-01 6.441473277380010964e-01 6.208515763282775879e-01 6.406785170461161139e-01
6.190284490585327148e-01 6.437918457005483708e-01 6.144855022430419922e-01 6.414396057072175861e-01
6.216228008270263672e-01 6.425349532886019954e-01 6.071801185607910156e-01 6.509980636980657875e-01
6.243513822555541992e-01 6.395823223515345601e-01 6.272177100181579590e-01 6.342020289083284412e-01
6.241277456283569336e-01 6.377697672970202847e-01 6.260697245597839355e-01 6.407334480945513500e-01
6.288692355155944824e-01 6.373359966329266157e-01 6.348361372947692871e-01 6.300046225351522144e-01
6.279745697975158691e-01 6.361590550482901785e-01 6.326445341110229492e-01 6.334645251370849550e-01
6.295401453971862793e-01 6.345757171045072198e-01 6.273220777511596680e-01 6.308739415864261790e-01
6.328055262565612793e-01 6.336252785129994347e-01 6.236693859100341797e-01 6.379350003308380535e-01
6.315977573394775391e-01 6.324209194956322833e-01 6.343143582344055176e-01 6.275082679686628806e-01
6.311951875686645508e-01 6.300891677581212935e-01 6.385931968688964844e-01 6.287940387759669569e-01
6.377258896827697754e-01 6.269089738485275065e-01 6.341056227684020996e-01 6.246838658593985016e-01
6.338343024253845215e-01 6.285833399972797775e-01 6.349405050277709961e-01 6.256091586609420219e-01
6.411701440811157227e-01 6.244384584027595775e-01 6.395324468612670898e-01 6.254535962858023268e-01
6.414832472801208496e-01 6.210564418542062759e-01 6.450636386871337891e-01 6.231400550494137214e-01
6.392914652824401855e-01 6.231602986824279489e-01 6.351492404937744141e-01 6.362524212986709893e-01
6.405439376831054688e-01 6.204441332565392431e-01 6.408891677856445312e-01 6.250471212724085790e-01
6.458221673965454102e-01 6.199089578256387068e-01 6.455854773521423340e-01 6.216547436043355912e-01
6.485507488250732422e-01 6.147810700626956670e-01 6.508035659790039062e-01 6.137969269679847129e-01
6.477903127670288086e-01 6.173318707787258663e-01 6.417240500450134277e-01 6.177473308472264391e-01
6.477008461952209473e-01 6.151864129692011796e-01 6.471509337425231934e-01 6.108211978595059488e-01
6.507425308227539062e-01 6.125102319472547352e-01 6.438112854957580566e-01 6.126541884352035838e-01
6.532921791076660156e-01 6.085326689730221617e-01 6.449592709541320801e-01 6.095421438524704083e-01
6.550366878509521484e-01 6.070975176890051062e-01 6.535170078277587891e-01 6.058893605080757361e-01
6.491769552230834961e-01 6.091316694500067408e-01 6.545606255531311035e-01 6.089223659230134089e-01
6.575863361358642578e-01 6.010102839114990214e-01 6.561260819435119629e-01 6.011651704739837676e-01
6.557523608207702637e-01 6.029093545053529901e-01 6.589438319206237793e-01 6.056836989547483840e-01
6.584809422492980957e-01 6.022268456921293645e-01 6.585264205932617188e-01 6.050507184285207618e-01
6.633118391036987305e-01 5.983252046807419067e-01 6.553955078125000000e-01 6.039655300401939320e-01
6.652800440788269043e-01 5.916422902737902279e-01 6.583176851272583008e-01 6.007172721359381740e-01
6.605385541915893555e-01 5.966288508808362812e-01 6.630139946937561035e-01 5.971767986599574307e-01
6.631329655647277832e-01 5.928919182563429091e-01 6.530995368957519531e-01 5.982201847595154387e-01
6.691268682479858398e-01 5.894647728012550880e-01 6.639532446861267090e-01 5.995819123869672307e-01
6.717659831047058105e-01 5.873686788248064783e-01 6.524733901023864746e-01 6.042201547004614204e-01
6.712291836738586426e-01 5.885073776683646951e-01 6.601961851119995117e-01 5.986932063122627490e-01
6.745840311050415039e-01 5.812724911051074805e-01 6.624921560287475586e-01 5.959512573073786346e-01
6.741814017295837402e-01 5.833232361422729939e-01 6.518472433090209961e-01 5.976529215203773004e-01
6.735551953315734863e-01 5.800686328456746699e-01 6.711542606353759766e-01 5.885593633491493781e-01
6.803990006446838379e-01 5.774323354362055349e-01 6.737633347511291504e-01 5.821439224104622001e-01
6.746734380722045898e-01 5.788357171352828123e-01 6.706324219703674316e-01 5.857897160123419766e-01
6.762390136718750000e-01 5.780714816090715136e-01 6.691713333129882812e-01 5.821221631445633315e-01
6.796385645866394043e-01 5.750746015765241248e-01 6.635357737541198730e-01 5.867683431147234785e-01
6.796385645866394043e-01 5.737053994246001931e-01 6.741807460784912109e-01 5.827440939574618506e-01
6.811146736145019531e-01 5.723139605916320871e-01 6.661448478698730469e-01 5.971525311967670335e-01
6.780282855033874512e-01 5.710908022970307973e-01 6.702150106430053711e-01 5.849647547849855522e-01
6.808910369873046875e-01 5.705643489591591955e-01 6.729283928871154785e-01 5.830620846129289658e-01
6.876453757286071777e-01 5.641324705675732076e-01 6.733458638191223145e-01 5.824879025820773881e-01
6.857219338417053223e-01 5.660642372898518904e-01 6.731371283531188965e-01 5.772703798820967291e-01
6.885847449302673340e-01 5.652825577588814765e-01 6.802337765693664551e-01 5.766517655930571973e-01
6.816514730453491211e-01 5.669866014857862790e-01 6.681277155876159668e-01 5.827120656734268156e-01
6.852298974990844727e-01 5.657946096163654071e-01 6.839908361434936523e-01 5.765914662823351522e-01
6.858114004135131836e-01 5.592363118848086012e-01 6.848257184028625488e-01 5.729114412514956234e-01
6.914921998977661133e-01 5.569931168764387097e-01 6.766854524612426758e-01 5.828413176427079678e-01
6.870191693305969238e-01 5.605748130802093998e-01 6.796075701713562012e-01 5.744201933086054979e-01
6.941760778427124023e-01 5.547382743910187486e-01 6.710498929023742676e-01 5.915630664190453247e-01
6.956074237823486328e-01 5.539626656075158362e-01 6.761636137962341309e-01 5.892765469502317943e-01
6.865718364715576172e-01 5.597304368855211543e-01 6.806512475013732910e-01 5.790360902749628336e-01
6.915369629859924316e-01 5.563433465622344976e-01 6.814861297607421875e-01 5.661945815649691571e-01
6.966809630393981934e-01 5.504486638460075465e-01 6.868085861206054688e-01 5.713551820780086166e-01
6.953390836715698242e-01 5.506299977162630865e-01 6.810686588287353516e-01 5.726624937625798273e-01
6.888978481292724609e-01 5.565877325804848841e-01 6.613441705703735352e-01 5.872929375894729853e-01
6.938629746437072754e-01 5.523932678773292304e-01 6.843038797378540039e-01 5.713363095878485343e-01
6.952048540115356445e-01 5.492129330345846272e-01 6.878522038459777832e-01 5.692185335680827185e-01
6.919842362403869629e-01 5.528599039815922378e-01 6.809642910957336426e-01 5.737870215648053218e-01
6.980676054954528809e-01 5.474195620373336624e-01 6.869129538536071777e-01 5.656804793738442472e-01
6.951601505279541016e-01 5.504010883442381763e-01 6.791901588439941406e-01 5.735222308477960773e-01
6.969046592712402344e-01 5.474031288160111641e-01 6.878522038459777832e-01 5.705073372702139656e-01
6.965020298957824707e-01 5.451110462358330633e-01 6.829472184181213379e-01 5.715683037541500200e-01
6.985596418380737305e-01 5.433904105338497326e-01 6.869129538536071777e-01 5.656530709536382595e-01
7.055823802947998047e-01 5.407213041961118627e-01 6.980797052383422852e-01 5.592523068282928556e-01
6.973966956138610840e-01 5.476623002201782553e-01 6.840952038764953613e-01 5.663864704891277135e-01
6.974413990974426270e-01 5.438978737721739121e-01 6.859737038612365723e-01 5.668684694269857660e-01
7.005278468132019043e-01 5.416757117061713478e-01 6.864954829216003418e-01 5.710661859657639727e-01
6.989175081253051758e-01 5.454589372394463842e-01 6.876435279846191406e-01 5.671470062117117683e-01
7.028090953826904297e-01 5.395862848009187474e-01 6.880609393119812012e-01 5.674549488875990644e-01
7.010198831558227539e-01 5.394557329042373173e-01 6.917136311531066895e-01 5.601216825854675729e-01
7.054034471511840820e-01 5.403493046867204885e-01 6.837821006774902344e-01 5.701428313664368419e-01
7.052245736122131348e-01 5.371802868453179336e-01 6.976622939109802246e-01 5.559746622417197637e-01
7.069243192672729492e-01 5.365685126525086002e-01 6.930703520774841309e-01 5.584506153861308331e-01
7.053139805793762207e-01 5.368127684822276979e-01 6.897307634353637695e-01 5.626117930211246287e-01
7.143943309783935547e-01 5.300103488261082019e-01 6.814861297607421875e-01 5.740935390415083939e-01
7.041062712669372559e-01 5.362152855774652283e-01 6.948444843292236328e-01 5.654359777867981052e-01
7.078636884689331055e-01 5.322969352853470504e-01 6.916092634201049805e-01 5.615094258177630859e-01
7.095634341239929199e-01 5.334474072460199112e-01 7.017323970794677734e-01 5.573544031865560466e-01
7.099660038948059082e-01 5.305993541512598055e-01 6.975579261779785156e-01 5.545714259321817829e-01
7.081320285797119141e-01 5.325748238810530388e-01 6.960968375205993652e-01 5.551162562771396747e-01
7.100554704666137695e-01 5.275906357233672850e-01 6.969317197799682617e-01 5.621748193025439821e-01
7.118894457817077637e-01 5.284984757636181918e-01 6.909831166267395020e-01 5.666580456230292384e-01
7.130971550941467285e-01 5.249440935669484887e-01 7.052807211875915527e-01 5.524420375566198027e-01
7.166308760643005371e-01 5.279750446819794218e-01 7.059069275856018066e-01 5.495429828629267988e-01
