4.976292848587036133e-01 7.006016728873328825e-01 5.048006772994995117e-01 6.939401447561482916e-01
4.987922608852386475e-01 7.001802097132177050e-01 5.058442950248718262e-01 6.936957846352711510e-01
5.070674419403076172e-01 6.972990675462253929e-01 5.070966482162475586e-01 6.932883635116653398e-01
5.080068111419677734e-01 6.972369060765483129e-01 5.046963095664978027e-01 6.929797661799623754e-01
5.032206177711486816e-01 6.973258114965940058e-01 5.094969868659973145e-01 6.926728582312532412e-01
5.061281323432922363e-01 6.971377309756364715e-01 5.201419591903686523e-01 6.922898043722280903e-01
5.079620480537414551e-01 6.973772153890203107e-01 5.159674286842346191e-01 6.920146770328998720e-01
5.114957690238952637e-01 6.955582722181666844e-01 5.199332237243652344e-01 6.917293470230810870e-01
5.125693082809448242e-01 6.958539281383697706e-01 5.197244882583618164e-01 6.915366608945742177e-01
5.107800960540771484e-01 6.963453865324283898e-01 5.198288559913635254e-01 6.913445793345734947e-01
5.148506164550781250e-01 6.953676216908186714e-01 5.246295332908630371e-01 6.910996663622656078e-01
5.199499130249023438e-01 6.939765960591319782e-01 5.273429155349731445e-01 6.908320206810552033e-01
5.149400830268859863e-01 6.950327209804368911e-01 5.264036655426025391e-01 6.906415455601604414e-01
5.154321193695068359e-01 6.943738205229410543e-01 5.290127396583557129e-01 6.904299977651295883e-01
5.182501077651977539e-01 6.941608315952606523e-01 5.313087105751037598e-01 6.902544627456370652e-01
5.185185074806213379e-01 6.934206357879317828e-01 5.320392251014709473e-01 6.900140728713624050e-01
5.191000103950500488e-01 6.934826368934929874e-01 5.328741669654846191e-01 6.897935941457699061e-01
5.180264711380004883e-01 6.943974160811068330e-01 5.332915782928466797e-01 6.896464701262179364e-01
5.248255729675292969e-01 6.917980446822316054e-01 5.321435928344726562e-01 6.894246136885897602e-01
5.223206281661987305e-01 6.930484964225176459e-01 5.352744460105895996e-01 6.892538448386290595e-01
5.178475379943847656e-01 6.935120495087900849e-01 5.375704169273376465e-01 6.890857906188280202e-01
5.229915976524353027e-01 6.930252002846428727e-01 5.418493151664733887e-01 6.888965030125550060e-01
5.239309072494506836e-01 6.920767449099809454e-01 5.427885651588439941e-01 6.887647086706620847e-01
5.220969915390014648e-01 6.927971528817383762e-01 5.408056974411010742e-01 6.885993261223818385e-01
5.281803607940673828e-01 6.911499019726207171e-01 5.465456247329711914e-01 6.884500755817848372e-01
5.255412459373474121e-01 6.911416223339668097e-01 5.466499924659729004e-01 6.882909407597747053e-01
5.317140817642211914e-01 6.906763023203100760e-01 5.451889038085937500e-01 6.881467443969597753e-01
5.203077197074890137e-01 6.923450022951864735e-01 5.443540215492248535e-01 6.879888890904789500e-01
5.303274393081665039e-01 6.906556201591157462e-01 5.443540215492248535e-01 6.878149531574841991e-01
5.299248695373535156e-01 6.911308983289868868e-01 5.449801683425903320e-01 6.876580095121940239e-01
5.312667489051818848e-01 6.910554402990916056e-01 5.470674037933349609e-01 6.875923679159120505e-01
5.282698273658752441e-01 6.912249737934256233e-01 5.470674037933349609e-01 6.875080435665682499e-01
5.275988578796386719e-01 6.906753625740068570e-01 5.498852133750915527e-01 6.873263330032620688e-01
5.303274393081665039e-01 6.902490114777517505e-01 5.484241247177124023e-01 6.872244238529989779e-01
5.336375236511230469e-01 6.900482813026679318e-01 5.475892424583435059e-01 6.870155743655868008e-01
5.259438157081604004e-01 6.908413827749885217e-01 5.488415956497192383e-01 6.868793788844024251e-01
5.275540947914123535e-01 6.903657557969017367e-01 5.503026247024536133e-01 6.866794633507056211e-01
5.297011733055114746e-01 6.899281441045588270e-01 5.496764779090881348e-01 6.865109577106299765e-01
5.360529422760009766e-01 6.885957254303826103e-01 5.524942874908447266e-01 6.863764304876874833e-01
5.382000207901000977e-01 6.893054390235159312e-01 5.547902584075927734e-01 6.862551968547053738e-01
5.335927605628967285e-01 6.895755064958833946e-01 5.559382438659667969e-01 6.860804029805902537e-01
5.346215963363647461e-01 6.887550295774998999e-01 5.573992729187011719e-01 6.859385804029228817e-01
5.403023958206176758e-01 6.881956856095912123e-01 5.576080083847045898e-01 6.857832738139439943e-01
5.345768332481384277e-01 6.888275316798595505e-01 5.565643906593322754e-01 6.855729330907258667e-01
5.360977053642272949e-01 6.879344852799528232e-01 5.590690970420837402e-01 6.854298307113870781e-01
5.397208929061889648e-01 6.873710257334324503e-01 5.595908761024475098e-01 6.853141226939680752e-01
5.410627722740173340e-01 6.880263479179550279e-01 5.594865083694458008e-01 6.851314995488402282e-01
5.402129292488098145e-01 6.875266408660071216e-01 5.617824792861938477e-01 6.849882146232786351e-01
5.414206385612487793e-01 6.870060682638021721e-01 5.644959211349487305e-01 6.847396921175951112e-01
5.422257781028747559e-01 6.877143567950892988e-01 5.624086856842041016e-01 6.845961910925387750e-01
5.404365658760070801e-01 6.871377949126825646e-01 5.652264952659606934e-01 6.844258312516161569e-01
5.391840934753417969e-01 6.882201470401339005e-01 5.651221275329589844e-01 6.842594188778964304e-01
5.383789539337158203e-01 6.871864697890112117e-01 5.681486129760742188e-01 6.841723245112339979e-01
5.417785048484802246e-01 6.860401256286217109e-01 5.716969370841979980e-01 6.839281391112148611e-01
5.455806255340576172e-01 6.865004008646876654e-01 5.671049952507019043e-01 6.836950264900667484e-01
5.456700921058654785e-01 6.859017673577919583e-01 5.709664225578308105e-01 6.835388856226753962e-01
5.421810746192932129e-01 6.862592608733730781e-01 5.692965984344482422e-01 6.833341602516731506e-01
5.420916080474853516e-01 6.870772180584552302e-01 5.699227452278137207e-01 6.831105640575996230e-01
5.508588552474975586e-01 6.845326158735487443e-01 5.686704516410827637e-01 6.829106426766510252e-01
5.458489656448364258e-01 6.859434051427502066e-01 5.768106579780578613e-01 6.828413220766664793e-01
5.444176197052001953e-01 6.861968843726613532e-01 5.734710693359375000e-01 6.826045873194491742e-01
5.483092069625854492e-01 6.857571173575935930e-01 5.702358484268188477e-01 6.823730370217587771e-01
5.550635457038879395e-01 6.835171430369868517e-01 5.742016434669494629e-01 6.821520107445848691e-01
5.447754263877868652e-01 6.848965276010690051e-01 5.773324966430664062e-01 6.819577621060058936e-01
5.528717041015625000e-01 6.844797314418452627e-01 5.787935853004455566e-01 6.817692758718031376e-01
5.513508915901184082e-01 6.850561932046589364e-01 5.768106579780578613e-01 6.816339927236214624e-01
5.481302738189697266e-01 6.844912895065958791e-01 5.804633498191833496e-01 6.813622052349543878e-01
5.488906502723693848e-01 6.837993929031646045e-01 5.771237611770629883e-01 6.811791065465281347e-01
5.483986139297485352e-01 6.841228599304333136e-01 5.786892175674438477e-01 6.809696099674047431e-01
5.516192317008972168e-01 6.842493816295704967e-01 5.731580257415771484e-01 6.808767149652924511e-01
5.489354133605957031e-01 6.831212186135083853e-01 5.811939239501953125e-01 6.805243423452359552e-01
5.513061285018920898e-01 6.841725393727162707e-01 5.766019821166992188e-01 6.804298348825924547e-01
5.537216067314147949e-01 6.825834943241884112e-01 5.775412321090698242e-01 6.801223499345471213e-01
5.522902011871337891e-01 6.829668937844525223e-01 5.788979530334472656e-01 6.799729979005891822e-01
5.527822375297546387e-01 6.823487749230267019e-01 5.769150257110595703e-01 6.797269756548640629e-01
5.543478131294250488e-01 6.826527796633705680e-01 5.772281289100646973e-01 6.795705259654944985e-01
5.556897521018981934e-01 6.820868352995637096e-01 5.738885402679443359e-01 6.795282881311175416e-01
5.562712550163269043e-01 6.826942916163009079e-01 5.764976143836975098e-01 6.791538760373946326e-01
5.586867332458496094e-01 6.808498030080845087e-01 5.773324966430664062e-01 6.788918392515411737e-01
5.533190369606018066e-01 6.816763404465506770e-01 5.781673789024353027e-01 6.786363886109824106e-01
5.572105646133422852e-01 6.818526864990306358e-01 5.777499675750732422e-01 6.784722420846314161e-01
5.580604672431945801e-01 6.806811224285957973e-01 5.801503062248229980e-01 6.781532780608063860e-01
5.591787695884704590e-01 6.801712781718771694e-01 5.791066288948059082e-01 6.779107835366964263e-01
5.560923218727111816e-01 6.814337730365056522e-01 5.766019821166992188e-01 6.780153535348442118e-01
5.607443451881408691e-01 6.808163288198871843e-01 5.767063498497009277e-01 6.777330754172002925e-01
5.602970123291015625e-01 6.810412221570031344e-01 5.803589820861816406e-01 6.772214326174765819e-01
5.602075457572937012e-01 6.798344646738987418e-01 5.821331739425659180e-01 6.766678549207791882e-01
5.675433874130249023e-01 6.792687563397927786e-01 5.782717466354370117e-01 6.764878707772081778e-01
5.603864789009094238e-01 6.789524795693817616e-01 5.790023207664489746e-01 6.762296174369258894e-01
5.641885995864868164e-01 6.789446974999364670e-01 5.767063498497009277e-01 6.761241882660025126e-01
5.650384426116943359e-01 6.790399338098902504e-01 5.845335125923156738e-01 6.759194315313372670e-01
5.644569396972656250e-01 6.792974508092364250e-01 5.865163803100585938e-01 6.758975582689115136e-01
5.627124905586242676e-01 6.784593630058860514e-01 5.866207480430603027e-01 6.754667037365904569e-01
5.644569396972656250e-01 6.792292288514705234e-01 5.787935853004455566e-01 6.750775268843716148e-01
5.645911693572998047e-01 6.786812250911495870e-01 5.814026594161987305e-01 6.748541104621863518e-01
5.645464062690734863e-01 6.776876037930051888e-01 5.883948802947998047e-01 6.747414428912580364e-01
5.647253394126892090e-01 6.778064635598098908e-01 5.811939239501953125e-01 6.744292568896712581e-01
5.689300298690795898e-01 6.776432525516515870e-01 5.806720852851867676e-01 6.741789172323231494e-01
5.681248903274536133e-01 6.784338935540472626e-01 5.844291448593139648e-01 6.740324210209927003e-01
5.682590603828430176e-01 6.769911407101962819e-01 5.804633498191833496e-01 6.738361993579470299e-01
