4.992395639419555664e-01 8.405310509882708558e-01 5.012523531913757324e-01 6.963093858177242801e-01
4.973608851432800293e-01 6.938354491568951010e-01 5.158630609512329102e-01 6.930326978788572401e-01
4.965110123157501221e-01 6.934409219925594670e-01 5.012523531913757324e-01 6.929198112972493329e-01
5.021470785140991211e-01 6.934542498428165613e-01 4.990607500076293945e-01 6.929773567141384039e-01
4.977187216281890869e-01 6.935787938813826603e-01 5.012523531913757324e-01 6.930259093066840625e-01
4.921273887157440186e-01 6.934130460978364940e-01 5.012523531913757324e-01 6.930525242921530271e-01
5.021917819976806641e-01 6.934217750375610834e-01 4.990607500076293945e-01 6.936125230674727860e-01
4.970477819442749023e-01 6.933756048680631556e-01 5.012523531913757324e-01 6.932430263601696563e-01
5.024154782295227051e-01 6.936813997846955626e-01 5.012523531913757324e-01 6.930626414185947493e-01
4.960189759731292725e-01 6.934293732060411442e-01 5.012523531913757324e-01 6.935006511084497172e-01
5.012077093124389648e-01 6.934091349282830441e-01 4.990607500076293945e-01 6.932199296163034097e-01
5.010735392570495605e-01 6.934179104724623732e-01 5.012523531913757324e-01 6.931970992458560410e-01
4.973161518573760986e-01 6.937269618887021982e-01 4.990607500076293945e-01 6.930400383569481626e-01
4.980765879154205322e-01 6.935258515833698789e-01 5.012523531913757324e-01 6.933781552653152103e-01
5.009393692016601562e-01 6.934418064214010746e-01 4.990607500076293945e-01 6.930474450209523907e-01
5.007156729698181152e-01 6.934611052301365985e-01 4.990607500076293945e-01 6.932554507872625837e-01
5.046967267990112305e-01 6.932750956106535911e-01 5.012523531913757324e-01 6.931305505542162404e-01
4.947217702865600586e-01 6.936627245584953139e-01 4.990607500076293945e-01 6.929853146371302008e-01
5.033547878265380859e-01 6.933596195720734823e-01 5.012523531913757324e-01 6.943894117492097617e-01
5.048756599426269531e-01 6.938251241479028719e-01 5.012523531913757324e-01 6.934456990721130643e-01
4.967346489429473877e-01 6.933191424086729837e-01 4.990607500076293945e-01 6.930709134012094097e-01
4.993290305137634277e-01 6.934492544211563470e-01 4.990607500076293945e-01 6.932792562304794792e-01
5.022365450859069824e-01 6.932916195027024608e-01 4.990607500076293945e-01 6.934700706039433893e-01
5.041152238845825195e-01 6.933447093992630705e-01 5.012523531913757324e-01 6.930919802654165185e-01
4.960637092590332031e-01 6.933569768968603775e-01 5.012523531913757324e-01 6.931857102799580117e-01
5.059939026832580566e-01 6.932456745383009933e-01 4.990607500076293945e-01 6.931654456960112398e-01
4.999105334281921387e-01 6.934278947570324814e-01 4.990607500076293945e-01 6.931600131388373498e-01
5.017892122268676758e-01 6.932884427639000036e-01 5.012523531913757324e-01 6.931145501221378513e-01
4.957953095436096191e-01 6.933566672705137046e-01 4.990607500076293945e-01 6.931476681597221745e-01
4.965110123157501221e-01 6.933160328677353546e-01 4.990607500076293945e-01 6.930861372684939958e-01
4.987475275993347168e-01 6.932544114871663776e-01 5.012523531913757324e-01 6.930906684531520368e-01
5.006709694862365723e-01 6.932641724649450943e-01 5.009392499923706055e-01 6.937912581758691744e-01
4.960637092590332031e-01 6.935950672718210752e-01 5.012523531913757324e-01 6.933092939607337080e-01
4.991501271724700928e-01 6.934772984545140018e-01 4.990607500076293945e-01 6.931018527527985640e-01
4.927088916301727295e-01 6.936526486220524479e-01 5.012523531913757324e-01 6.933996794343716408e-01
4.912327826023101807e-01 6.935666273458845899e-01 5.012523531913757324e-01 6.931456387528196483e-01
4.983896911144256592e-01 6.934023163659476241e-01 4.990607500076293945e-01 6.931339987905307254e-01
5.014314055442810059e-01 6.940185361011741438e-01 5.009392499923706055e-01 6.943231427925808941e-01
4.971372485160827637e-01 6.938632719310713348e-01 5.009392499923706055e-01 6.938907580220408100e-01
5.063964724540710449e-01 6.932992991383289949e-01 5.009392499923706055e-01 6.933045127749617453e-01
4.940508008003234863e-01 6.935359103924090274e-01 5.009392499923706055e-01 6.931500869189440861e-01
4.983896911144256592e-01 6.934932481626168155e-01 5.009392499923706055e-01 6.931466485109888387e-01
5.009393692016601562e-01 6.933955655667026763e-01 4.990607500076293945e-01 6.940927327089781995e-01
5.012524724006652832e-01 6.933846988902362396e-01 4.990607500076293945e-01 6.934180908003074739e-01
5.012077093124389648e-01 6.934783874843772900e-01 4.990607500076293945e-01 6.934866201054001866e-01
4.979423880577087402e-01 6.934613903278228353e-01 5.009392499923706055e-01 6.931956433797027417e-01
4.967793822288513184e-01 6.934740460394618333e-01 4.990607500076293945e-01 6.931581597964168173e-01
5.011182427406311035e-01 6.935817299620327114e-01 5.009392499923706055e-01 6.931467091731153829e-01
4.973161518573760986e-01 6.934330193594159253e-01 4.990607500076293945e-01 6.935858833493731002e-01
4.989711940288543701e-01 6.935564810975034522e-01 4.990607500076293945e-01 6.932336131308676208e-01
4.951690733432769775e-01 6.934348514583844603e-01 4.990607500076293945e-01 6.934886230379374572e-01
5.046072602272033691e-01 6.935275268802106874e-01 4.990607500076293945e-01 6.931685621070104997e-01
4.968688488006591797e-01 6.933582165966862831e-01 4.990607500076293945e-01 6.931801991705555110e-01
5.038468241691589355e-01 6.934240640521497356e-01 5.009392499923706055e-01 6.932099951231710522e-01
4.967346489429473877e-01 6.938294299302789625e-01 4.990607500076293945e-01 6.935473375941487717e-01
4.961084127426147461e-01 6.934476712667615450e-01 4.990607500076293945e-01 6.932020805942517017e-01
5.028180480003356934e-01 6.935373337052550546e-01 4.990607500076293945e-01 6.971109843259065686e-01
4.987475275993347168e-01 6.935634122570547566e-01 5.009392499923706055e-01 6.933405191434048875e-01
4.944981336593627930e-01 6.934441664624585444e-01 4.990607500076293945e-01 6.933136822982760572e-01
4.969583153724670410e-01 6.936449944962327363e-01 5.009392499923706055e-01 6.933223364050118409e-01
4.994184970855712891e-01 6.935115294158725741e-01 5.009392499923706055e-01 6.945368517567334088e-01
5.010288357734680176e-01 6.934187535758435939e-01 5.009392499923706055e-01 6.939590791649720147e-01
4.947665035724639893e-01 6.940698194512315844e-01 5.009392499923706055e-01 6.932735543389381139e-01
4.990606606006622314e-01 6.937747938962716132e-01 5.009392499923706055e-01 6.931488021657701282e-01
4.946323037147521973e-01 6.939738593218386375e-01 4.990607500076293945e-01 6.933277597185515395e-01
4.998210668563842773e-01 6.936775828371919417e-01 4.990607500076293945e-01 6.938199252729947419e-01
4.971819519996643066e-01 6.935727034896574938e-01 4.990607500076293945e-01 6.937220283949009358e-01
5.055913329124450684e-01 6.939996192676689546e-01 4.990607500076293945e-01 6.945848993209029487e-01
5.047861933708190918e-01 6.935892709254108945e-01 5.009392499923706055e-01 6.933355228036511830e-01
5.008499026298522949e-01 6.935306463499234519e-01 4.990607500076293945e-01 6.933914526995326177e-01
4.961978793144226074e-01 6.934558092257400164e-01 5.009392499923706055e-01 6.931712199441826261e-01
4.974056184291839600e-01 6.934709060936499192e-01 5.009392499923706055e-01 6.931514580123884217e-01
4.919484555721282959e-01 6.934422801551505255e-01 5.009392499923706055e-01 6.931597995026528292e-01
4.988817274570465088e-01 6.934409710712094999e-01 4.990607500076293945e-01 6.931498137776425095e-01
4.998210668563842773e-01 6.933776379420775182e-01 5.009392499923706055e-01 6.931846484190435920e-01
4.969135820865631104e-01 6.934545459357415176e-01 5.009392499923706055e-01 6.934833755898242025e-01
4.948559701442718506e-01 6.936080217852023111e-01 4.990607500076293945e-01 6.933345755861936022e-01
5.001341700553894043e-01 6.933868325317582570e-01 5.009392499923706055e-01 6.933016557828839410e-01
5.022365450859069824e-01 6.938519960205676851e-01 5.009392499923706055e-01 6.931511431316621508e-01
4.986580908298492432e-01 6.934346914781954752e-01 5.009392499923706055e-01 6.954379483817938468e-01
5.017445087432861328e-01 6.935658777286933807e-01 4.990607500076293945e-01 6.931749730089267203e-01
4.960637092590332031e-01 6.935355118656653106e-01 5.009392499923706055e-01 6.941353200223943087e-01
5.010288357734680176e-01 6.939836790617558426e-01 5.009392499923706055e-01 6.932128975247570102e-01
5.035784840583801270e-01 6.937288264934781123e-01 4.990607500076293945e-01 6.933566190658494444e-01
4.944534003734588623e-01 6.934245744722433713e-01 5.009392499923706055e-01 6.933485567134298755e-01
4.951690733432769775e-01 6.934721647978554504e-01 4.990607500076293945e-01 6.931525028540679312e-01
4.980765879154205322e-01 6.936901868786745640e-01 5.009392499923706055e-01 6.931457465537478324e-01
4.998658001422882080e-01 6.936891163839469243e-01 5.009392499923706055e-01 6.932380987691669771e-01
4.964215457439422607e-01 6.939221545160723092e-01 4.990607500076293945e-01 6.933239219681850418e-01
4.957953095436096191e-01 6.938247654429060551e-01 4.990607500076293945e-01 6.941416195030626346e-01
5.059491991996765137e-01 6.933610324975650885e-01 4.990607500076293945e-01 6.949796444362997816e-01
4.987475275993347168e-01 6.944155357118197980e-01 5.009392499923706055e-01 6.935825855491605241e-01
5.029075145721435547e-01 6.936967600370951281e-01 5.009392499923706055e-01 6.931841010789586699e-01
5.018339753150939941e-01 6.937832350721511165e-01 4.990607500076293945e-01 6.931627242730868943e-01
5.020576119422912598e-01 6.936853111355478774e-01 5.009392499923706055e-01 6.931679079363923801e-01
4.988369941711425781e-01 6.934430017563455451e-01 4.990607500076293945e-01 6.931544705413622554e-01
4.993737637996673584e-01 6.938629898301474919e-01 5.009392499923706055e-01 6.934370403622217571e-01
4.967346489429473877e-01 6.936410364662732864e-01 4.990607500076293945e-01 6.933555430346802773e-01
4.982107579708099365e-01 6.935776800135846631e-01 5.009392499923706055e-01 6.938723099055058574e-01
4.991948604583740234e-01 6.934448253769293080e-01 4.990607500076293945e-01 6.932149213083450556e-01
