5.379763841629028320e-01 6.893370980695143757e-01 5.723230838775634766e-01 6.796488743116003706e-01
5.661567449569702148e-01 6.804662981705623670e-01 5.589647293090820312e-01 6.785439977041740622e-01
5.697799324989318848e-01 6.774311010644311626e-01 5.756626725196838379e-01 6.718726486707873313e-01
5.719270110130310059e-01 6.737908848732480083e-01 5.827593207359313965e-01 6.723502307564200864e-01
5.710771083831787109e-01 6.726975008634702435e-01 5.798372030258178711e-01 6.748445188792655536e-01
5.757291316986083984e-01 6.719062739033715426e-01 5.821331739425659180e-01 6.692026554605104982e-01
5.734031200408935547e-01 6.703382237671227095e-01 5.780630111694335938e-01 6.700276630553291257e-01
5.798890590667724609e-01 6.688481032005851867e-01 5.762888789176940918e-01 6.684965466164118908e-01
5.802469253540039062e-01 6.695787653788233262e-01 5.755583643913269043e-01 6.695623992256271029e-01
5.768473744392395020e-01 6.683003813172307961e-01 5.772281289100646973e-01 6.752038332943726129e-01
5.852120518684387207e-01 6.670424559074131787e-01 5.955958962440490723e-01 6.656792172806369479e-01
5.854803919792175293e-01 6.656843342365572624e-01 5.825506448745727539e-01 6.657544573521320119e-01
5.859724283218383789e-01 6.644788321942800557e-01 5.825506448745727539e-01 6.676828087782018528e-01
5.848988890647888184e-01 6.661470406361311714e-01 5.932999253273010254e-01 6.643178349396202664e-01
5.845857858657836914e-01 6.651816714277077880e-01 5.938217639923095703e-01 6.652538821309574857e-01
5.878511071205139160e-01 6.635501554089510146e-01 5.863076448440551758e-01 6.632011167890118353e-01
5.885220766067504883e-01 6.636965111535230166e-01 5.952827930450439453e-01 6.632387573399043390e-01
5.859277248382568359e-01 6.645883563209420419e-01 5.954915285110473633e-01 6.623966739163272832e-01
5.899981856346130371e-01 6.637127088250531770e-01 5.790023207664489746e-01 6.632818362703405413e-01
5.904902219772338867e-01 6.634180411432484270e-01 5.833855271339416504e-01 6.638696825571483995e-01
5.889246463775634766e-01 6.626511230347599257e-01 5.940304994583129883e-01 6.651509142300202626e-01
5.908480882644653320e-01 6.631515594624218801e-01 5.920475721359252930e-01 6.613241377988555714e-01
5.877617001533508301e-01 6.618619974663271233e-01 5.897516012191772461e-01 6.622861624137267311e-01
5.875380039215087891e-01 6.627615568974424276e-01 5.880818367004394531e-01 6.600819505895758610e-01
5.875827670097351074e-01 6.618181493931154513e-01 5.905865430831909180e-01 6.605176921802481393e-01
5.929951667785644531e-01 6.604686379006092789e-01 5.988311171531677246e-01 6.594663691580407994e-01
5.913401246070861816e-01 6.609764378107944038e-01 6.007096767425537109e-01 6.607112367599549119e-01
5.955001115798950195e-01 6.593061872299892379e-01 5.990398526191711426e-01 6.597564726651174993e-01
5.935319662094116211e-01 6.595980219368346997e-01 6.019620299339294434e-01 6.580504424212197945e-01
5.946502089500427246e-01 6.586597207450423097e-01 5.993529558181762695e-01 6.590421215971833391e-01
5.933977365493774414e-01 6.587352587916937008e-01 5.997704267501831055e-01 6.582320157731657018e-01
5.916532278060913086e-01 6.590382737259379287e-01 5.997704267501831055e-01 6.575902588704363172e-01
5.957684516906738281e-01 6.567307913808878572e-01 5.919432044029235840e-01 6.566239419995656412e-01
5.945607423782348633e-01 6.572048930069013251e-01 5.987268090248107910e-01 6.566086010752777424e-01
5.980497598648071289e-01 6.552276900872964216e-01 5.908995866775512695e-01 6.605632836747532544e-01
5.948291420936584473e-01 6.577850993683351799e-01 6.091629862785339355e-01 6.563807557082529387e-01
5.952764153480529785e-01 6.560838803726267709e-01 6.091629862785339355e-01 6.550998112474097912e-01
6.010466814041137695e-01 6.559165825163834063e-01 6.011270880699157715e-01 6.542643353924625371e-01
5.980944633483886719e-01 6.560528407499559567e-01 6.027969121932983398e-01 6.556283698478090338e-01
5.979602932929992676e-01 6.561754722995352118e-01 5.954915285110473633e-01 6.545891057870204532e-01
5.991680026054382324e-01 6.544990233902343579e-01 6.056147217750549316e-01 6.531213548456644702e-01
5.987654328346252441e-01 6.545353025160656202e-01 6.040492653846740723e-01 6.538358425402337470e-01
6.009572148323059082e-01 6.539487911264635356e-01 5.993529558181762695e-01 6.563899906834638198e-01
5.988101363182067871e-01 6.534681674576249266e-01 6.044667363166809082e-01 6.557277834283561369e-01
5.963499546051025391e-01 6.542945745102641819e-01 6.003965735435485840e-01 6.525911968601841862e-01
6.000626087188720703e-01 6.532932214050989339e-01 6.013358235359191895e-01 6.521457642211070382e-01
5.999284386634826660e-01 6.525922910240175012e-01 6.096848249435424805e-01 6.501601213728105400e-01
6.025227904319763184e-01 6.523041382610617056e-01 6.097891926765441895e-01 6.499806366840650274e-01
5.972445607185363770e-01 6.523388405139681767e-01 5.996660590171813965e-01 6.510934008857298672e-01
6.027017235755920410e-01 6.513013785651980969e-01 5.991442203521728516e-01 6.556124440241746232e-01
6.045356988906860352e-01 6.508826086593241245e-01 6.038405299186706543e-01 6.500331925664060151e-01
6.042225956916809082e-01 6.504610075701496852e-01 5.992485880851745605e-01 6.509698190586573618e-01
6.040436625480651855e-01 6.508490993738131891e-01 6.020663976669311523e-01 6.509703516562033165e-01
6.014940142631530762e-01 6.507168226323969407e-01 5.985180735588073730e-01 6.505078774010107923e-01
6.055197715759277344e-01 6.504152783193194454e-01 6.096848249435424805e-01 6.480861307932225257e-01
6.061459779739379883e-01 6.503143967914973844e-01 6.030056476593017578e-01 6.495463139476868042e-01
6.030595898628234863e-01 6.505439606521696838e-01 5.988311171531677246e-01 6.530811693966450671e-01
6.043567657470703125e-01 6.477015734700019012e-01 6.121895313262939453e-01 6.466273101354983455e-01
6.023886203765869141e-01 6.486555148075381361e-01 6.070757508277893066e-01 6.509167941147587788e-01
6.065038442611694336e-01 6.477269947390198457e-01 6.134418845176696777e-01 6.450991465338234976e-01
6.067274808883666992e-01 6.480005020360696255e-01 6.153203845024108887e-01 6.453406443752144339e-01
6.031937599182128906e-01 6.492212888038015883e-01 6.147986054420471191e-01 6.450524427551885820e-01
6.042225956916809082e-01 6.471706228768980829e-01 6.136506199836730957e-01 6.438349473578425242e-01
6.089640259742736816e-01 6.458929201894976213e-01 6.048841476440429688e-01 6.498002797097708338e-01
6.079352498054504395e-01 6.459886445131470811e-01 6.001878380775451660e-01 6.465952926626585828e-01
6.061012744903564453e-01 6.452244919791250144e-01 6.030056476593017578e-01 6.475471145945982387e-01
6.117820739746093750e-01 6.456593505532951527e-01 6.103109717369079590e-01 6.443767855023571078e-01
6.104401350021362305e-01 6.450170021424845856e-01 6.102066636085510254e-01 6.448546920109332614e-01
6.085614562034606934e-01 6.447435446066215325e-01 5.986224412918090820e-01 6.473472265181027252e-01
6.124530434608459473e-01 6.451261155527251434e-01 6.096848249435424805e-01 6.449215543018803620e-01
6.100823283195495605e-01 6.440046235537737473e-01 6.049885153770446777e-01 6.454907768804278856e-01
6.066380143165588379e-01 6.441534748442550029e-01 6.167814731597900391e-01 6.403768695338836192e-01
6.103059649467468262e-01 6.428310098578111642e-01 6.063452363014221191e-01 6.439159246780906676e-01
6.125425100326538086e-01 6.422280748343932588e-01 6.092673540115356445e-01 6.394289860867727882e-01
6.132134795188903809e-01 6.419469791163397998e-01 6.053016185760498047e-01 6.586480759375031857e-01
6.123188138008117676e-01 6.421882557429574589e-01 6.139636635780334473e-01 6.420978147484419640e-01
6.127214431762695312e-01 6.423452572994058363e-01 6.173032522201538086e-01 6.432927184676208165e-01
6.122294068336486816e-01 6.401719715326923410e-01 6.110415458679199219e-01 6.393197722635047819e-01
6.090982556343078613e-01 6.419004329011487320e-01 6.138592958450317383e-01 6.383395201849852985e-01
6.148237586021423340e-01 6.393045478034348195e-01 6.162596344947814941e-01 6.402975683594466227e-01
6.078904867172241211e-01 6.399474265558772190e-01 6.051972508430480957e-01 6.395668142326090821e-01
6.121846437454223633e-01 6.399421491079454460e-01 6.151116490364074707e-01 6.372951291045871880e-01
6.074432134628295898e-01 6.401418047997281535e-01 6.150072813034057617e-01 6.371094726167574329e-01
6.132134795188903809e-01 6.373842452437959993e-01 6.059277653694152832e-01 6.433396417172511095e-01
6.115136742591857910e-01 6.387691485218465193e-01 5.979962348937988281e-01 6.468084316690588809e-01
6.109321713447570801e-01 6.384891090932269808e-01 6.184512376785278320e-01 6.364235599188783343e-01
6.136160492897033691e-01 6.374859038182503213e-01 6.034230589866638184e-01 6.402370646188513259e-01
6.132581830024719238e-01 6.354744355011805457e-01 6.083281040191650391e-01 6.383857596545099433e-01
6.188048124313354492e-01 6.371058743293094295e-01 6.140680313110351562e-01 6.367847543995904802e-01
6.133476495742797852e-01 6.357176800302282160e-01 6.185556054115295410e-01 6.340510405645169989e-01
6.123188138008117676e-01 6.369144124045400535e-01 6.144855022430419922e-01 6.389323858770888931e-01
6.116926074028015137e-01 6.370967680534708188e-01 5.987268090248107910e-01 6.624193950302539324e-01
6.156736612319946289e-01 6.374713594744128020e-01 6.184512376785278320e-01 6.383263488523498452e-01
6.148237586021423340e-01 6.356323697972668940e-01 6.137549281120300293e-01 6.346290180589082564e-01
6.160762310028076172e-01 6.336250767061121225e-01 6.112502813339233398e-01 6.331286804707406679e-01
6.175523400306701660e-01 6.333864739487649054e-01 6.187643408775329590e-01 6.374875858839755827e-01
6.182680130004882812e-01 6.347290659488302733e-01 6.160508990287780762e-01 6.352741663925236537e-01
6.163446307182312012e-01 6.339161380029658677e-01 6.188687086105346680e-01 6.321903972903414326e-01
6.169261336326599121e-01 6.344549708171017821e-01 5.992485880851745605e-01 6.419872635964982699e-01
6.191179156303405762e-01 6.332157745218848222e-01 6.104153394699096680e-01 6.337423812270637224e-01
