5.402576327323913574e-01 7.018872204482139443e-01 5.732623934745788574e-01 6.756062336814998570e-01
5.734478235244750977e-01 6.764665397021057958e-01 5.791066288948059082e-01 6.710208287270923444e-01
5.741187930107116699e-01 6.740493724183631574e-01 5.871425867080688477e-01 6.701310349018333445e-01
5.833333134651184082e-01 6.698396440844007760e-01 5.931955575942993164e-01 6.661027725642122421e-01
5.877169370651245117e-01 6.683881010431619307e-01 5.946566462516784668e-01 6.639587496123714461e-01
5.915637612342834473e-01 6.651849030467217316e-01 5.931955575942993164e-01 6.652067108458851186e-01
5.946054458618164062e-01 6.623268861808169206e-01 5.959089994430541992e-01 6.634986247207197430e-01
5.997048020362854004e-01 6.605577858664477553e-01 6.002922058105468750e-01 6.584713940853317293e-01
6.015387177467346191e-01 6.576027953575668272e-01 5.974744558334350586e-01 6.560285473213243179e-01
6.055644750595092773e-01 6.568672387304321791e-01 6.038405299186706543e-01 6.521676629750620124e-01
6.052066683769226074e-01 6.536287343828383056e-01 6.118764281272888184e-01 6.558734988698479151e-01
6.075326800346374512e-01 6.557231005924420986e-01 6.134418845176696777e-01 6.492868884698107523e-01
6.103059649467468262e-01 6.501623006471902722e-01 6.120851635932922363e-01 6.495804667000082411e-01
6.049830317497253418e-01 6.538126092090187358e-01 6.183469295501708984e-01 6.512157773329604327e-01
6.154499650001525879e-01 6.479198657500123693e-01 6.213734149932861328e-01 6.452683790246123152e-01
6.114689707756042480e-01 6.481704893852734406e-01 6.127113103866577148e-01 6.430428005464140506e-01
6.126766800880432129e-01 6.470401579716440477e-01 6.141723990440368652e-01 6.409222922303238201e-01
6.195204854011535645e-01 6.460192876033609144e-01 6.057190299034118652e-01 6.483494906006465053e-01
6.168813705444335938e-01 6.436984518449236914e-01 6.140680313110351562e-01 6.449706300741644416e-01
6.173734068870544434e-01 6.440201620868758470e-01 6.150072813034057617e-01 6.478528284598581433e-01
6.183127760887145996e-01 6.435303869987988312e-01 6.245042681694030762e-01 6.377562115396943065e-01
6.156288981437683105e-01 6.441160148020655951e-01 6.102066636085510254e-01 6.463696514855992170e-01
6.185364127159118652e-01 6.410629292425134018e-01 6.263828277587890625e-01 6.385110798197582982e-01
6.222937703132629395e-01 6.387646003323178556e-01 6.216865181922912598e-01 6.338666249132683950e-01
6.254249215126037598e-01 6.352291043509863400e-01 6.263828277587890625e-01 6.362829269334733251e-01
6.248881816864013672e-01 6.355561431884595436e-01 6.268002390861511230e-01 6.331833784502101103e-01
6.242172122001647949e-01 6.365429634675929815e-01 6.261740922927856445e-01 6.376651429577626651e-01
6.236804723739624023e-01 6.352193754950882232e-01 6.237737536430358887e-01 6.334497769250673205e-01
6.267668604850769043e-01 6.345553925178584187e-01 6.316009163856506348e-01 6.291379438414999026e-01
6.311504840850830078e-01 6.316354522489225909e-01 6.290962100028991699e-01 6.275126156615852269e-01
6.287350058555603027e-01 6.301164095869727921e-01 6.297224164009094238e-01 6.280328149438227925e-01
6.301216483116149902e-01 6.292204145648053748e-01 6.343143582344055176e-01 6.241174493769567899e-01
6.275720000267028809e-01 6.299744334027216341e-01 6.276351213455200195e-01 6.282987429388527945e-01
6.306584477424621582e-01 6.274068094170099918e-01 6.355667114257812500e-01 6.253414410834171600e-01
6.307926177978515625e-01 6.273978502064874174e-01 6.344187259674072266e-01 6.231378046661596448e-01
6.344605684280395508e-01 6.260772610440153985e-01 6.354623436927795410e-01 6.272673739119974945e-01
6.324029564857482910e-01 6.260465726824262500e-01 6.306616663932800293e-01 6.241239954623566399e-01
6.307479143142700195e-01 6.280159109563173692e-01 6.419327855110168457e-01 6.218899115220263285e-01
6.315082907676696777e-01 6.233286670227343729e-01 6.290962100028991699e-01 6.343259042052330487e-01
6.340132355690002441e-01 6.255858315724468488e-01 6.316009163856506348e-01 6.221377348830171572e-01
6.395598649978637695e-01 6.207372597599524200e-01 6.397411823272705078e-01 6.200417151682015016e-01
6.428699493408203125e-01 6.183465427865195707e-01 6.343143582344055176e-01 6.195189406443328828e-01
6.401413679122924805e-01 6.176005708635931013e-01 6.390106678009033203e-01 6.190606210232278972e-01
6.427804827690124512e-01 6.167922046513437673e-01 6.365059614181518555e-01 6.178125709736926874e-01
6.431830525398254395e-01 6.151518955237538222e-01 6.357753872871398926e-01 6.159219241943471035e-01
6.433172225952148438e-01 6.153371424192093375e-01 6.431851387023925781e-01 6.138718899543935681e-01
6.452406644821166992e-01 6.114558547356619966e-01 6.397411823272705078e-01 6.173858477113342014e-01
6.448380947113037109e-01 6.138125160316765250e-01 6.434982419013977051e-01 6.141272676411563269e-01
6.430935859680175781e-01 6.142920544352679091e-01 6.499686837196350098e-01 6.097060124726316754e-01
6.417069435119628906e-01 6.156526594836845279e-01 6.392193436622619629e-01 6.182690372399362033e-01
6.472535133361816406e-01 6.110833656448736440e-01 6.419327855110168457e-01 6.200756813309880044e-01
6.519950032234191895e-01 6.073623205856552021e-01 6.367146968841552734e-01 6.142198559238128963e-01
6.421095132827758789e-01 6.130960084795205045e-01 6.409935355186462402e-01 6.118286929307713562e-01
6.494005918502807617e-01 6.078076069225755163e-01 6.379670500755310059e-01 6.232475282204870126e-01
6.470746397972106934e-01 6.069048102201897166e-01 6.516385078430175781e-01 6.097402148021832113e-01
6.471193432807922363e-01 6.098958502346467636e-01 6.523690223693847656e-01 6.088157542511755116e-01
6.526212096214294434e-01 6.043069801490109638e-01 6.477770805358886719e-01 6.036467591000856947e-01
6.499373912811279297e-01 6.057546767550304745e-01 6.517428755760192871e-01 6.038078599174195871e-01
6.485059857368469238e-01 6.071096462050796783e-01 6.504905223846435547e-01 6.060398546595883174e-01
6.522186398506164551e-01 6.039669929303216334e-01 6.444374918937683105e-01 6.111576020207541982e-01
6.540078520774841309e-01 6.019640030300367206e-01 6.504905223846435547e-01 6.017155178129187654e-01
6.544551849365234375e-01 6.011181618344444422e-01 6.448549628257751465e-01 6.047165156206988357e-01
6.474772095680236816e-01 6.032600037141698790e-01 6.492381691932678223e-01 6.041037608999421105e-01
6.498479247093200684e-01 6.029957309458587877e-01 6.460029482841491699e-01 6.068932344261078748e-01
6.559312939643859863e-01 5.995616087825637042e-01 6.516385078430175781e-01 6.006181437022202196e-01
6.593755483627319336e-01 5.974945104661791850e-01 6.494469046592712402e-01 5.996963371565684486e-01
6.584809422492980957e-01 5.978872848870950829e-01 6.654143333435058594e-01 5.947018708373579265e-01
6.602701544761657715e-01 5.970840559361509925e-01 6.551868319511413574e-01 6.028573164684094543e-01
6.590624451637268066e-01 5.962336008568785983e-01 6.599874496459960938e-01 6.003581963384656550e-01
6.602701544761657715e-01 5.911316014739647073e-01 6.485075950622558594e-01 5.988392582071073722e-01
6.606727242469787598e-01 5.948553837930437016e-01 6.583176851272583008e-01 5.940566083454832391e-01
6.581678390502929688e-01 5.952602478894335469e-01 6.600918173789978027e-01 5.943311185758165527e-01
6.593755483627319336e-01 5.942856881332261310e-01 6.558129787445068359e-01 5.967642515493419841e-01
6.646985411643981934e-01 5.906627346373432008e-01 6.539344787597656250e-01 5.956842304395748577e-01
6.676507592201232910e-01 5.874227679230100696e-01 6.625965237617492676e-01 5.891596878950891014e-01
6.646537780761718750e-01 5.871210735371893419e-01 6.612398028373718262e-01 5.880017424147304661e-01
6.655931472778320312e-01 5.873500228376076215e-01 6.656230688095092773e-01 5.914669262544268724e-01
6.630434989929199219e-01 5.908091396098701376e-01 6.649968624114990234e-01 5.857190558940725822e-01
6.676507592201232910e-01 5.878025991990455390e-01 6.618660092353820801e-01 5.890916602219899989e-01
6.621041297912597656e-01 5.911236777248440877e-01 6.561260819435119629e-01 5.965163111313477318e-01
6.680533289909362793e-01 5.859796625489859245e-01 6.539344787597656250e-01 5.999728593640176744e-01
6.663535237312316895e-01 5.847627240934489823e-01 6.554998755455017090e-01 5.974979520316812120e-01
6.685453653335571289e-01 5.837164901304936482e-01 6.614485383033752441e-01 5.866134866770411627e-01
6.672928929328918457e-01 5.845279000828829119e-01 6.598831415176391602e-01 5.902423355903338997e-01
6.689032316207885742e-01 5.850629095720635275e-01 6.624921560287475586e-01 5.868509929480221210e-01
6.679190993309020996e-01 5.822117544496010488e-01 6.692757010459899902e-01 5.860357480615445702e-01
6.688137650489807129e-01 5.846800610041826829e-01 6.583176851272583008e-01 5.872218480092253889e-01
6.710502505302429199e-01 5.782971648223755867e-01 6.635357737541198730e-01 5.855074648667019099e-01
6.655036807060241699e-01 5.819938002385186548e-01 6.609267592430114746e-01 5.852110887887557178e-01
6.699320077896118164e-01 5.793539327038573772e-01 6.643707156181335449e-01 5.830839384052505237e-01
6.685453653335571289e-01 5.788608072887146960e-01 6.591525673866271973e-01 5.851624972684427162e-01
6.716317534446716309e-01 5.771555996342152550e-01 6.654143333435058594e-01 5.866956477547408122e-01
6.686795353889465332e-01 5.806465909207607634e-01 6.655187010765075684e-01 5.909419289289150612e-01
6.728395223617553711e-01 5.775154153633936804e-01 6.715716719627380371e-01 5.764276397499453752e-01
6.758812069892883301e-01 5.776014340587198870e-01 6.645793914794921875e-01 5.803690977072670787e-01
6.764627099037170410e-01 5.726911351364656344e-01 6.676059365272521973e-01 5.769246891654127296e-01
6.785650253295898438e-01 5.743487920311487471e-01 6.646837592124938965e-01 5.814607299536161955e-01
6.756128072738647461e-01 5.724962592700829633e-01 6.686495542526245117e-01 5.759523441263539878e-01
6.723921895027160645e-01 5.752992123221429832e-01 6.604049205780029297e-01 5.837553596849904824e-01
6.770889163017272949e-01 5.726958001570702228e-01 6.734502315521240234e-01 5.753760087268632306e-01
