5.616389513015747070e-01 6.829413816954031935e-01 5.896472334861755371e-01 6.667525113885474086e-01
5.934424996376037598e-01 6.673612805231032841e-01 5.904821753501892090e-01 6.657536241187603787e-01
5.873143672943115234e-01 6.658575976016505305e-01 5.871425867080688477e-01 6.654932354616736045e-01
6.000179052352905273e-01 6.601220918994274989e-01 6.043623685836791992e-01 6.576498571827624762e-01
5.997495055198669434e-01 6.579989756149733360e-01 6.065539717674255371e-01 6.555061481661349498e-01
6.023439168930053711e-01 6.574255155309791654e-01 6.081193685531616211e-01 6.532197980063615406e-01
6.101270318031311035e-01 6.535072326020278100e-01 5.905865430831909180e-01 6.607749626970420564e-01
6.090087890625000000e-01 6.528541877009954586e-01 5.977874994277954102e-01 6.576272227325710151e-01
6.119162440299987793e-01 6.501618925436043472e-01 6.073888540267944336e-01 6.546378786219010371e-01
6.158078312873840332e-01 6.469790334564177181e-01 6.139636635780334473e-01 6.447367510276058589e-01
6.193863153457641602e-01 6.465230748913202152e-01 6.227301359176635742e-01 6.442136100925500708e-01
6.180890798568725586e-01 6.430892453762729888e-01 6.177207231521606445e-01 6.425330559636576178e-01
6.144211888313293457e-01 6.426637658793036278e-01 6.193905472755432129e-01 6.433155874672524810e-01
6.237698793411254883e-01 6.393063824085926106e-01 6.216865181922912598e-01 6.429422001728208880e-01
6.244408488273620605e-01 6.410703765277381283e-01 6.288874745368957520e-01 6.346191911303258326e-01
6.279745697975158691e-01 6.354836105639146693e-01 6.284700632095336914e-01 6.363454521063149905e-01
6.255591511726379395e-01 6.343052273445893841e-01 6.265915036201477051e-01 6.368665680261276218e-01
6.277956962585449219e-01 6.333904062769540877e-01 6.299310922622680664e-01 6.310759644945288516e-01
6.254696846008300781e-01 6.314263461335312133e-01 6.322270631790161133e-01 6.280039850691618852e-01
6.299874782562255859e-01 6.305301371574572045e-01 6.304529309272766113e-01 6.310772815319969364e-01
6.367418169975280762e-01 6.280309507897595678e-01 6.167814731597900391e-01 6.321027044885667578e-01
6.333870291709899902e-01 6.279170167938842306e-01 6.318096518516540527e-01 6.266188608582397013e-01
6.367865204811096191e-01 6.251950169595031914e-01 6.314965486526489258e-01 6.251906717129624980e-01
6.388441324234008789e-01 6.219580944118953125e-01 6.328532695770263672e-01 6.255068641519079264e-01
6.388888955116271973e-01 6.191900249115361854e-01 6.389063000679016113e-01 6.222168353723100953e-01
6.401413679122924805e-01 6.210776571724960782e-01 6.282613277435302734e-01 6.318533274505860886e-01
6.413937807083129883e-01 6.189247314843365766e-01 6.457942128181457520e-01 6.173407980206863099e-01
6.421095132827758789e-01 6.184707746818850493e-01 6.433938741683959961e-01 6.220139767924073304e-01
6.494005918502807617e-01 6.151563429111529535e-01 6.445418596267700195e-01 6.175204194480355957e-01
6.464931368827819824e-01 6.125436888800727120e-01 6.422458887100219727e-01 6.223950668954819632e-01
6.486402153968811035e-01 6.117361269412686653e-01 6.441243886947631836e-01 6.162477026924263468e-01
6.500268578529357910e-01 6.096057469526159345e-01 6.473596096038818359e-01 6.080779529543466344e-01
6.511898636817932129e-01 6.081464711018806923e-01 6.503861546516418457e-01 6.082501621441411821e-01
6.544551849365234375e-01 6.028185351885886334e-01 6.469421982765197754e-01 6.067488451537497163e-01
6.542762517929077148e-01 6.048989407724847389e-01 6.596744060516357422e-01 6.057805755993838082e-01
6.519502401351928711e-01 6.050169804075319346e-01 6.541432142257690430e-01 6.073299930902344990e-01
6.579889059066772461e-01 6.005373297148899336e-01 6.597787737846374512e-01 6.025327572467257253e-01
6.576758027076721191e-01 6.003088831880221132e-01 6.525777578353881836e-01 6.071338038358925493e-01
6.594650149345397949e-01 5.977127425123314186e-01 6.550824642181396484e-01 6.098452347525722406e-01
6.591071486473083496e-01 5.977198944938142411e-01 6.522646546363830566e-01 6.032875916002886640e-01
6.617910265922546387e-01 5.956485643542971387e-01 6.573784351348876953e-01 6.030139584950379161e-01
6.596439480781555176e-01 5.955364617535243710e-01 6.516385078430175781e-01 6.045635382160218230e-01
6.620594263076782227e-01 5.905940739471597922e-01 6.574828028678894043e-01 5.953240991758419476e-01
6.642959117889404297e-01 5.879609663939940889e-01 6.611354351043701172e-01 6.009194837236573328e-01
6.651905775070190430e-01 5.897775696266270851e-01 6.604049205780029297e-01 5.988233102385620565e-01
6.688584685325622559e-01 5.882700146535019270e-01 6.567522287368774414e-01 6.022323338504226298e-01
6.700214743614196777e-01 5.835297248149775573e-01 6.711542606353759766e-01 5.848713395143196880e-01
6.672034263610839844e-01 5.866681067861242438e-01 6.662492156028747559e-01 5.884395678912739402e-01
6.717212200164794922e-01 5.824381308108541599e-01 6.679190397262573242e-01 5.847663944585167473e-01
6.738235950469970703e-01 5.796275611191662458e-01 6.606136560440063477e-01 5.881523452131565133e-01
6.713186502456665039e-01 5.815752587264670925e-01 6.620747447013854980e-01 5.899079422865151079e-01
6.755233407020568848e-01 5.785702836281030326e-01 6.670840978622436523e-01 5.884843771105842114e-01
6.737788319587707520e-01 5.772091988950706076e-01 6.703193783760070801e-01 5.834826347947842384e-01
6.734210252761840820e-01 5.749485448554709777e-01 6.587351560592651367e-01 5.866138740388069373e-01
6.758812069892883301e-01 5.759840197374620496e-01 6.721978783607482910e-01 5.869901361905366377e-01
6.766863465309143066e-01 5.753781155197026376e-01 6.696931719779968262e-01 5.873771490744175150e-01
6.757022738456726074e-01 5.752355498370895770e-01 6.649968624114990234e-01 5.847634775756520575e-01
6.756575703620910645e-01 5.717346827679701260e-01 6.615529060363769531e-01 5.881547234646090638e-01
6.808463335037231445e-01 5.675912889753434998e-01 6.679190397262573242e-01 5.873851430637556659e-01
6.812936067581176758e-01 5.673876487306542815e-01 6.707367897033691406e-01 5.815199601254615880e-01
6.810252070426940918e-01 5.692764374326350074e-01 6.631183624267578125e-01 5.877092672872333834e-01
6.773125529289245605e-01 5.726499802888367352e-01 6.728240251541137695e-01 5.777595310040989363e-01
6.773125529289245605e-01 5.678445590077753069e-01 6.702150106430053711e-01 5.737407203134676781e-01
6.807568669319152832e-01 5.678928238822130714e-01 6.790857911109924316e-01 5.792452836927455273e-01
6.848273277282714844e-01 5.660475589099009941e-01 6.686495542526245117e-01 5.806300488450885089e-01
6.849167943000793457e-01 5.639386800090961938e-01 6.756418347358703613e-01 5.781648627180466793e-01
6.858114004135131836e-01 5.599318149958341095e-01 6.749113202095031738e-01 5.723908664512873390e-01
6.882268786430358887e-01 5.613771225369921236e-01 6.673972010612487793e-01 5.808277309152384271e-01
6.869297027587890625e-01 5.580627095146881711e-01 6.704236865043640137e-01 5.772330255479559691e-01
6.880032420158386230e-01 5.591208164583999496e-01 6.753287315368652344e-01 5.769676154203738916e-01
6.897476911544799805e-01 5.551832376534876490e-01 6.549780964851379395e-01 5.995473406603978317e-01
6.878690123558044434e-01 5.578741017341783959e-01 6.772072911262512207e-01 5.741136221740370527e-01
6.857666969299316406e-01 5.589681772068929577e-01 6.811730265617370605e-01 5.732472562834703966e-01
6.915369629859924316e-01 5.555562899649771902e-01 6.738676428794860840e-01 5.771104411998240202e-01
6.913580298423767090e-01 5.543171525758714413e-01 6.740763783454895020e-01 5.727482612882967006e-01
6.888978481292724609e-01 5.553389155900975149e-01 6.797119379043579102e-01 5.695985367541471778e-01
6.923868060111999512e-01 5.568356776327070268e-01 6.815904974937438965e-01 5.657618514706709290e-01
6.893451213836669922e-01 5.507078636820914586e-01 6.880609393119812012e-01 5.726469145814453432e-01
6.916711330413818359e-01 5.550953855954335880e-01 6.749113202095031738e-01 5.707012621078977332e-01
6.959652900695800781e-01 5.499040421933645284e-01 6.809642910957336426e-01 5.731794009301239834e-01
6.952496170997619629e-01 5.454363470577472395e-01 6.788770556449890137e-01 5.726927093363733956e-01
6.914027333259582520e-01 5.535513211030357317e-01 6.782509088516235352e-01 5.683760419192480651e-01
6.928341388702392578e-01 5.475383248199480191e-01 6.798163056373596191e-01 5.692929343101351680e-01
6.959205865859985352e-01 5.479018701852637063e-01 6.813817620277404785e-01 5.659021779605576397e-01
6.922079324722290039e-01 5.503909811390855777e-01 6.824253797531127930e-01 5.654926726898203970e-01
6.972624659538269043e-01 5.479582454612630382e-01 6.710498929023742676e-01 5.690577810727786012e-01
6.978887319564819336e-01 5.451288685258588451e-01 6.874347925186157227e-01 5.652144200939694940e-01
6.967704296112060547e-01 5.462293075062674141e-01 6.895220279693603516e-01 5.585069211358890673e-01
6.987385749816894531e-01 5.418545168528383638e-01 6.905656456947326660e-01 5.575836688883492043e-01
7.020934224128723145e-01 5.370184009500470479e-01 6.943227052688598633e-01 5.561914313215224892e-01
6.964573264122009277e-01 5.424950893459773438e-01 6.838864684104919434e-01 5.615450669942333439e-01
6.974413990974426270e-01 5.423040882187551981e-01 6.859737038612365723e-01 5.558370448208830306e-01
6.990517377853393555e-01 5.400784425390792176e-01 6.810686588287353516e-01 5.597787371285896096e-01
6.994095444679260254e-01 5.383209557775564535e-01 6.871216893196105957e-01 5.626813150775927808e-01
7.019144892692565918e-01 5.371666641392335295e-01 6.915048956871032715e-01 5.524894082205351609e-01
7.031221985816955566e-01 5.376254571190159925e-01 6.849300861358642578e-01 5.627854870271892240e-01
6.990069746971130371e-01 5.431948788030818154e-01 6.907743811607360840e-01 5.574967465677382883e-01
7.004383802413940430e-01 5.393836361219939146e-01 6.940096020698547363e-01 5.528487711678315986e-01
7.008409500122070312e-01 5.370243673014031272e-01 7.005844116210937500e-01 5.514889701600613758e-01
7.026301622390747070e-01 5.376143785895761695e-01 6.881653070449829102e-01 5.550382982039844260e-01
