5.510377287864685059e-01 6.832162648796672455e-01 5.642871856689453125e-01 6.739339248618012590e-01
5.806047320365905762e-01 6.698339865168853047e-01 5.848466157913208008e-01 6.635603175310570423e-01
5.884773731231689453e-01 6.653465000903548976e-01 6.042580008506774902e-01 6.615989808871038935e-01
5.956789851188659668e-01 6.610723402018537920e-01 5.935086607933044434e-01 6.596643925957230703e-01
5.980049967765808105e-01 6.589571083780050298e-01 5.928825139999389648e-01 6.564730855672649135e-01
6.027017235755920410e-01 6.531879231933618302e-01 6.073888540267944336e-01 6.497555929343999948e-01
6.088745594024658203e-01 6.534470749852652194e-01 6.157378554344177246e-01 6.574828256970530749e-01
6.140186190605163574e-01 6.491028179655691233e-01 6.125026345252990723e-01 6.460088817268591077e-01
6.116479039192199707e-01 6.465329507698759359e-01 6.173032522201538086e-01 6.381434565967917250e-01
6.159867644309997559e-01 6.431742700956272207e-01 6.150072813034057617e-01 6.430460999017467705e-01
6.184469461441040039e-01 6.442411112473932500e-01 6.192861795425415039e-01 6.399875380778407008e-01
6.168813705444335938e-01 6.409527277302328185e-01 6.168858408927917480e-01 6.352547779383825866e-01
6.197441220283508301e-01 6.379913667016602341e-01 6.218951940536499023e-01 6.373551858290081862e-01
6.225621700286865234e-01 6.381192643306702328e-01 6.238781213760375977e-01 6.333798743618029858e-01
6.265879273414611816e-01 6.338335573299985759e-01 6.259653568267822266e-01 6.326127622476377388e-01
6.213096976280212402e-01 6.349848091527673377e-01 6.252348423004150391e-01 6.307985070253856463e-01
6.269457936286926270e-01 6.320327111595025471e-01 6.297224164009094238e-01 6.270247708280607402e-01
6.247539520263671875e-01 6.296570347660362943e-01 6.218951940536499023e-01 6.312591243924837725e-01
6.272141933441162109e-01 6.278026193556321966e-01 6.254435181617736816e-01 6.274633286791040376e-01
6.244856119155883789e-01 6.312243959775314384e-01 6.230431795120239258e-01 6.267502656238757019e-01
6.270352602005004883e-01 6.250258271436952562e-01 6.282613277435302734e-01 6.238462936402959791e-01
6.341027021408081055e-01 6.225348519476949782e-01 6.301398277282714844e-01 6.237044515552014889e-01
6.308373808860778809e-01 6.231147850705165414e-01 6.209559440612792969e-01 6.313744509327116061e-01
6.356235742568969727e-01 6.195470718241992136e-01 6.321227550506591797e-01 6.164215627728810709e-01
6.347289085388183594e-01 6.206098667388100232e-01 6.377583146095275879e-01 6.132514215764758303e-01
6.397835016250610352e-01 6.156195778073767499e-01 6.366103291511535645e-01 6.150669585411893125e-01
6.384863257408142090e-01 6.160247339228011043e-01 6.347317695617675781e-01 6.148660227740341266e-01
6.392019987106323242e-01 6.140195536877947058e-01 6.380713582038879395e-01 6.146982847910239522e-01
6.326712965965270996e-01 6.193903121630010000e-01 6.384888291358947754e-01 6.147914480949040472e-01
6.420647501945495605e-01 6.094546823237957378e-01 6.455854773521423340e-01 6.078222717827781452e-01
6.432725191116333008e-01 6.082872797752199023e-01 6.404716968536376953e-01 6.120479279583617149e-01
6.430041193962097168e-01 6.100163458071490297e-01 6.394280791282653809e-01 6.155073824866383880e-01
6.386204957962036133e-01 6.106643270755159891e-01 6.293049454689025879e-01 6.129537202624681935e-01
6.420647501945495605e-01 6.081419926057414216e-01 6.392193436622619629e-01 6.116611075112675655e-01
6.455537676811218262e-01 6.028334975754516822e-01 6.425589919090270996e-01 6.080271662886469475e-01
6.434961557388305664e-01 6.060967945224975395e-01 6.389063000679016113e-01 6.121835308019215605e-01
6.465378403663635254e-01 6.045836084941393906e-01 6.442287564277648926e-01 6.040010454136651719e-01
6.501610279083251953e-01 6.025401763784626885e-01 6.457942128181457520e-01 6.040077817213607148e-01
6.490874886512756348e-01 6.025449121802496366e-01 6.421415209770202637e-01 6.080610603311817908e-01
6.489980220794677734e-01 5.988357838801139366e-01 6.491338014602661133e-01 6.016187201808276264e-01
6.525765061378479004e-01 5.955797514371142798e-01 6.545606255531311035e-01 5.985774217207281422e-01
6.529343128204345703e-01 5.964643635078371586e-01 6.501774191856384277e-01 5.966394678134555596e-01
6.566469669342041016e-01 5.947690140925872004e-01 6.510123014450073242e-01 5.950505298056351089e-01
6.502057909965515137e-01 5.966326568970891087e-01 6.418284177780151367e-01 6.125141597943672966e-01
6.464483737945556641e-01 6.058080999427627455e-01 6.501774191856384277e-01 6.052147264247695890e-01
6.515476703643798828e-01 5.959093467688855172e-01 6.534126400947570801e-01 5.992021895952848176e-01
6.519055366516113281e-01 5.928129826276283820e-01 6.519515514373779297e-01 5.964221208634492566e-01
6.566917300224304199e-01 5.898600230065115246e-01 6.615529060363769531e-01 5.959293750874609108e-01
6.592860817909240723e-01 5.885573050740751100e-01 6.543518900871276855e-01 5.951549467675200100e-01
6.526212096214294434e-01 5.943992000548437016e-01 6.409935355186462402e-01 6.137952469530346677e-01
6.561102271080017090e-01 5.917882835380846585e-01 6.546649932861328125e-01 5.943760358946379441e-01
6.587940454483032227e-01 5.855713209284292287e-01 6.568565964698791504e-01 5.967206108473059878e-01
6.601806879043579102e-01 5.879229366363406539e-01 6.550824642181396484e-01 5.958593278482596789e-01
6.631329655647277832e-01 5.836578231950760864e-01 6.609267592430114746e-01 5.901398117072993443e-01
6.634460687637329102e-01 5.836399947835498869e-01 6.512210369110107422e-01 5.968193826981960104e-01
6.621488928794860840e-01 5.867870437115627613e-01 6.577958464622497559e-01 5.922177694605725851e-01
6.674718260765075684e-01 5.823531007698470319e-01 6.589438319206237793e-01 5.922798158803480595e-01
6.622382998466491699e-01 5.794590161938342199e-01 6.620747447013854980e-01 5.921476688123251675e-01
6.662641167640686035e-01 5.787613935346017646e-01 6.658317446708679199e-01 5.888311273243999056e-01
6.666219234466552734e-01 5.778477120685286961e-01 6.501774191856384277e-01 6.032026024681867993e-01
6.688584685325622559e-01 5.776651316517515955e-01 6.625965237617492676e-01 5.852091593076530485e-01
6.699320077896118164e-01 5.782498736504387837e-01 6.614485383033752441e-01 5.844681386384305011e-01
6.689926385879516602e-01 5.741125951941185024e-01 6.640576124191284180e-01 5.843038241466632643e-01
6.649668812751770020e-01 5.841334516342178151e-01 6.604049205780029297e-01 5.921681532778189094e-01
6.713186502456665039e-01 5.761622642336047262e-01 6.634314060211181641e-01 5.867569612028503689e-01
6.719896197319030762e-01 5.731873134739988718e-01 6.541432142257690430e-01 5.916829701008415876e-01
6.703345775604248047e-01 5.730308524759025746e-01 6.601961851119995117e-01 5.877717056097254700e-01
6.719896197319030762e-01 5.707727776995966673e-01 6.665623188018798828e-01 5.847423164338414470e-01
6.741366982460021973e-01 5.687478095223724717e-01 6.744938492774963379e-01 5.747023690993441347e-01
6.702451109886169434e-01 5.760948911167935726e-01 6.601961851119995117e-01 5.857455001149091123e-01
6.669350266456604004e-01 5.787384933852876001e-01 6.660404801368713379e-01 5.806569948969740880e-01
6.761496067047119141e-01 5.658236992745221405e-01 6.657273769378662109e-01 5.864600326467023228e-01
6.730184555053710938e-01 5.722183071878050864e-01 6.690670251846313477e-01 5.857514413954245658e-01
6.746734380722045898e-01 5.671568180819832605e-01 6.723022460937500000e-01 5.815570966308137857e-01
6.827697157859802246e-01 5.627343916449356609e-01 6.715716719627380371e-01 5.815148196571731098e-01
6.753891706466674805e-01 5.635982508905929000e-01 6.669797301292419434e-01 5.825021436009917286e-01
6.840668916702270508e-01 5.589671974682086653e-01 6.763723492622375488e-01 5.816407642218196505e-01
6.783413887023925781e-01 5.641548200484614028e-01 6.690670251846313477e-01 5.806422744282997428e-01
6.672481894493103027e-01 5.791036350864868787e-01 6.708411574363708496e-01 5.785394200599908165e-01
6.806226372718811035e-01 5.624802873287757521e-01 6.575871706008911133e-01 5.844994964168654938e-01
6.768652796745300293e-01 5.636543231096606821e-01 6.737633347511291504e-01 5.748183379166311724e-01
6.821435093879699707e-01 5.591617797371909449e-01 6.667710542678833008e-01 5.749121636768095289e-01
6.841563582420349121e-01 5.573822730959879790e-01 6.734502315521240234e-01 5.710300255408990999e-01
6.864823698997497559e-01 5.539570398419417785e-01 6.745982170104980469e-01 5.690844379967275879e-01
6.782519221305847168e-01 5.630864856984965083e-01 6.769985556602478027e-01 5.642623740629969520e-01
6.840221881866455078e-01 5.591908826408242827e-01 6.664579510688781738e-01 5.764262716672137188e-01
6.816067099571228027e-01 5.566351561965232619e-01 6.718847751617431641e-01 5.721127655729573158e-01
6.852298974990844727e-01 5.573608224625279384e-01 6.742851138114929199e-01 5.759405193909103993e-01
6.833065152168273926e-01 5.545675595430765714e-01 6.730327606201171875e-01 5.746074850363662723e-01
6.851851940155029297e-01 5.537883042222720986e-01 6.729283928871154785e-01 5.725042232016983590e-01
6.855877637863159180e-01 5.524449262066163380e-01 6.796075701713562012e-01 5.692158698712179721e-01
6.897029876708984375e-01 5.521330052783779418e-01 6.724066138267517090e-01 5.750964321514878685e-01
6.852298974990844727e-01 5.558032291928181046e-01 6.693800687789916992e-01 5.833097159103619589e-01
6.786992549896240234e-01 5.653545287197616620e-01 6.687539219856262207e-01 5.846726992911074339e-01
6.837537884712219238e-01 5.596924897254654807e-01 6.785639524459838867e-01 5.699263727757010178e-01
6.883163452148437500e-01 5.526890590677621118e-01 6.727196574211120605e-01 5.766487452636006594e-01
6.884952783584594727e-01 5.499473953315323627e-01 6.799206733703613281e-01 5.673636989040131695e-01
6.854088306427001953e-01 5.489510224829164953e-01 6.807555556297302246e-01 5.749992724252229737e-01
6.919842362403869629e-01 5.490480503662260592e-01 6.734502315521240234e-01 5.769809081767899306e-01
6.948470473289489746e-01 5.477961321853103138e-01 6.760593056678771973e-01 5.771984853219001010e-01
