5.339058637619018555e-01 7.013246808757634954e-01 5.719056725502014160e-01 6.733584382220016984e-01
5.627124905586242676e-01 6.844870289422719800e-01 5.721144080162048340e-01 6.721610853752146841e-01
5.727768540382385254e-01 6.765792606704071899e-01 5.878731012344360352e-01 6.685622399670921867e-01
5.787708163261413574e-01 6.744439138839743997e-01 5.897516012191772461e-01 6.659390593192144880e-01
5.738503932952880859e-01 6.725016756846069477e-01 5.908995866775512695e-01 6.648702612129240297e-01
5.860171914100646973e-01 6.687064988388318199e-01 5.982049703598022461e-01 6.634523349523893110e-01
5.878064036369323730e-01 6.670134262058341479e-01 6.025881767272949219e-01 6.620973885693846039e-01
5.869565010070800781e-01 6.672077294666367564e-01 6.012314558029174805e-01 6.616104134088068855e-01
5.929951667785644531e-01 6.633885173384672651e-01 5.994573235511779785e-01 6.597202763356387889e-01
5.947843790054321289e-01 6.628001653181886388e-01 6.018576622009277344e-01 6.596839975599106953e-01
5.959473848342895508e-01 6.615040716277740263e-01 6.046754121780395508e-01 6.580438200478463395e-01
5.986312627792358398e-01 6.603398132695348366e-01 6.093717217445373535e-01 6.576768798834096152e-01
5.999284386634826660e-01 6.577007128207366105e-01 6.067627072334289551e-01 6.550970536337294980e-01
5.979155302047729492e-01 6.578505531068051804e-01 6.079106926918029785e-01 6.549549965812676566e-01
6.031490564346313477e-01 6.566974956760212034e-01 6.119807958602905273e-01 6.554443206948343814e-01
6.032832264900207520e-01 6.555275366224827538e-01 6.174076199531555176e-01 6.515759709383495135e-01
6.066827774047851562e-01 6.539414582834365275e-01 6.082237362861633301e-01 6.517038330905399190e-01
6.063249111175537109e-01 6.525206161560622720e-01 6.116676926612854004e-01 6.526140020252443330e-01
6.128556132316589355e-01 6.520556212751313918e-01 6.151116490364074707e-01 6.501057288189368011e-01
6.083825230598449707e-01 6.511689321814335685e-01 6.160508990287780762e-01 6.505042021420375242e-01
6.154499650001525879e-01 6.506906264070151380e-01 5.957002639770507812e-01 6.576459358166961700e-01
6.093665957450866699e-01 6.511380015193382054e-01 6.169902086257934570e-01 6.470192330686266313e-01
6.153157949447631836e-01 6.482158859741454782e-01 6.178250908851623535e-01 6.485683862263761368e-01
6.167472004890441895e-01 6.470223944864155197e-01 6.195992231369018555e-01 6.462982313987781779e-01
6.123635768890380859e-01 6.472636363143292604e-01 6.210603117942810059e-01 6.442525510597866267e-01
6.156736612319946289e-01 6.464616668247796794e-01 6.257566213607788086e-01 6.437888203297246204e-01
6.182680130004882812e-01 6.461329090294503086e-01 6.225214004516601562e-01 6.444807174782543058e-01
6.164340376853942871e-01 6.460981315375441403e-01 6.224170327186584473e-01 6.428858959159778896e-01
6.189389824867248535e-01 6.444818280979865976e-01 6.168858408927917480e-01 6.493205181916853475e-01
6.221596002578735352e-01 6.427988604625620717e-01 6.228345036506652832e-01 6.432826575867643948e-01
6.224279999732971191e-01 6.422571071274785215e-01 6.213734149932861328e-01 6.433881317068803618e-01
6.255143880844116211e-01 6.424412471618010656e-01 6.253391504287719727e-01 6.404231986405330979e-01
6.222937703132629395e-01 6.419860905665877304e-01 6.197035908699035645e-01 6.419268134142406268e-01
6.217122673988342285e-01 6.425662817202520971e-01 6.190774440765380859e-01 6.398929904308928718e-01
6.210860610008239746e-01 6.414974800246541209e-01 6.232519149780273438e-01 6.421831567310833933e-01
6.263195276260375977e-01 6.400100983816602307e-01 6.271133422851562500e-01 6.389206489001850731e-01
6.237698793411254883e-01 6.407040809130365444e-01 6.236693859100341797e-01 6.408713868529730684e-01
6.248881816864013672e-01 6.395522043559520586e-01 6.277394890785217285e-01 6.405368256832657536e-01
6.267668604850769043e-01 6.390327865310848621e-01 6.290962100028991699e-01 6.376561012528828565e-01
6.231883764266967773e-01 6.379437185204035465e-01 6.292005777359008789e-01 6.381435331211436912e-01
6.254249215126037598e-01 6.378306988890001250e-01 6.151116490364074707e-01 6.403021200343677055e-01
6.276167631149291992e-01 6.369259497905634948e-01 6.316009163856506348e-01 6.345493173678865562e-01
6.260511875152587891e-01 6.368823041961111375e-01 6.309747695922851562e-01 6.348832546109521857e-01
6.266773939132690430e-01 6.360176227177632979e-01 6.242955327033996582e-01 6.377450692904963470e-01
6.268116235733032227e-01 6.344502539450419532e-01 6.279482245445251465e-01 6.327893808126400232e-01
6.327160596847534180e-01 6.338555861466428354e-01 6.289918422698974609e-01 6.319901980902898897e-01
6.279745697975158691e-01 6.337242521589568911e-01 6.302441954612731934e-01 6.321628267022071368e-01
6.281087994575500488e-01 6.331085807352719863e-01 6.246086359024047852e-01 6.316004255026472780e-01
6.287350058555603027e-01 6.328395841735530158e-01 6.211646795272827148e-01 6.368856332889804017e-01
6.300321817398071289e-01 6.328096259128729306e-01 6.304529309272766113e-01 6.343383996453322293e-01
6.328502297401428223e-01 6.321508273986227167e-01 6.340012550354003906e-01 6.305360518126864600e-01
6.328949928283691406e-01 6.293546121136236460e-01 6.325401663780212402e-01 6.308683632958336229e-01
6.313294172286987305e-01 6.293591919984474758e-01 6.295136809349060059e-01 6.273006628759467684e-01
6.300321817398071289e-01 6.308109242623043400e-01 6.298267841339111328e-01 6.287565252348465972e-01
6.326265931129455566e-01 6.297742414397702326e-01 6.397411823272705078e-01 6.276582531728965852e-01
6.349526047706604004e-01 6.283464736238023596e-01 6.382800936698913574e-01 6.279751926293529740e-01
6.343711018562316895e-01 6.272557502164890497e-01 6.288874745368957520e-01 6.314862005597637884e-01
6.349078416824340820e-01 6.267499614431640831e-01 6.368190646171569824e-01 6.271068225123891393e-01
6.378153562545776367e-01 6.258034886134761221e-01 6.351492404937744141e-01 6.268112381647683584e-01
6.367418169975280762e-01 6.257655350333101163e-01 6.298267841339111328e-01 6.306068690354130757e-01
6.386204957962036133e-01 6.268293624018956844e-01 6.378626823425292969e-01 6.228185433531274739e-01
6.364287137985229492e-01 6.245351062304731471e-01 6.283656954765319824e-01 6.341091111392572754e-01
6.370996832847595215e-01 6.242630991276229002e-01 6.366103291511535645e-01 6.240152520069471853e-01
6.401413679122924805e-01 6.238215669661648644e-01 6.415153145790100098e-01 6.238751801088890936e-01
6.365628838539123535e-01 6.244112509033679093e-01 6.300354599952697754e-01 6.274773078033456519e-01
6.426462531089782715e-01 6.228671614397274237e-01 6.392193436622619629e-01 6.265071727268582968e-01
6.418411135673522949e-01 6.227481622328205901e-01 6.434982419013977051e-01 6.203393585073303518e-01
6.430041193962097168e-01 6.201835958299450891e-01 6.342099905014038086e-01 6.257463599813927191e-01
6.434513926506042480e-01 6.205443076017526094e-01 6.454811096191406250e-01 6.227124204244476324e-01
6.434513926506042480e-01 6.206425469875932466e-01 6.410979032516479492e-01 6.192564556479728255e-01
6.401413679122924805e-01 6.221646933889193321e-01 6.423502564430236816e-01 6.165340630999688321e-01
6.421095132827758789e-01 6.185547740392468574e-01 6.367146968841552734e-01 6.201995914874657290e-01
6.429593563079833984e-01 6.175904542095739247e-01 6.407848000526428223e-01 6.172987657358690594e-01
6.443907618522644043e-01 6.182956242736240560e-01 6.448549628257751465e-01 6.156443171226463340e-01
6.456879377365112305e-01 6.193788363652443785e-01 6.425589919090270996e-01 6.158763011868874093e-01
6.454195976257324219e-01 6.167382014141161717e-01 6.413066387176513672e-01 6.204276440586981023e-01
6.481481194496154785e-01 6.143365005812079227e-01 6.488206982612609863e-01 6.132120538469496562e-01
6.474324464797973633e-01 6.165405104786962909e-01 6.503861546516418457e-01 6.122808133951186393e-01
6.454643011093139648e-01 6.134071651053655261e-01 6.480901837348937988e-01 6.121489194882137053e-01
6.453301310539245605e-01 6.152043283508253912e-01 6.487163305282592773e-01 6.159438219157024053e-01
6.453301310539245605e-01 6.149035171780780074e-01 6.508035659790039062e-01 6.121921626144549711e-01
6.483718156814575195e-01 6.141507098213635496e-01 6.476727128028869629e-01 6.142818268145133764e-01
6.468509435653686523e-01 6.141164217295554950e-01 6.426633000373840332e-01 6.169761758934503293e-01
6.481481194496154785e-01 6.131898962250547092e-01 6.505948901176452637e-01 6.117433033987764723e-01
6.469404101371765137e-01 6.135390086066512261e-01 6.471509337425231934e-01 6.130486121259286492e-01
6.470298767089843750e-01 6.138630303335778082e-01 6.495512127876281738e-01 6.105681784813350443e-01
6.512345671653747559e-01 6.111571201486394322e-01 6.468378305435180664e-01 6.127607171133897523e-01
6.504294276237487793e-01 6.116548657289321289e-01 6.534126400947570801e-01 6.101339363126211390e-01
6.520844697952270508e-01 6.106482393990306790e-01 6.433938741683959961e-01 6.158739336719842861e-01
6.530237793922424316e-01 6.097418533964390486e-01 6.405760645866394043e-01 6.164165575627219562e-01
6.504294276237487793e-01 6.086185366997758361e-01 6.501774191856384277e-01 6.105818574425074807e-01
6.544104218482971191e-01 6.085467417160371761e-01 6.488206982612609863e-01 6.086668849762734146e-01
6.520397067070007324e-01 6.085262738926762172e-01 6.583176851272583008e-01 6.058618486786008228e-01
6.562891602516174316e-01 6.089178416208113065e-01 6.546649932861328125e-01 6.078935152950378784e-01
6.563338637351989746e-01 6.049805529686222982e-01 6.506991982460021973e-01 6.070331618846072086e-01
6.542762517929077148e-01 6.062666147782009851e-01 6.528908610343933105e-01 6.055193021784642804e-01
6.610305905342102051e-01 6.058719813087840578e-01 6.517428755760192871e-01 6.055536407240993402e-01
6.559312939643859863e-01 6.054471474914735474e-01 6.525777578353881836e-01 6.054635477747805083e-01
6.566469669342041016e-01 6.049235597516795515e-01 6.585264205932617188e-01 6.045937728866906946e-01
6.589729785919189453e-01 6.041683131263345663e-01 6.533082723617553711e-01 6.043905037550706405e-01
