4.977187216281890869e-01 1.101197466928772517e+00 5.025047063827514648e-01 6.941116339875222918e-01
4.998210668563842773e-01 6.980372089929285373e-01 5.247339010238647461e-01 6.928989381636888600e-01
5.027732849121093750e-01 6.946732673369445665e-01 4.990607500076293945e-01 6.935270336096780452e-01
4.999552667140960693e-01 6.947804746249852670e-01 5.148194432258605957e-01 6.926644155586519913e-01
5.038915872573852539e-01 6.943253417265907723e-01 5.018784999847412109e-01 6.940631786086469690e-01
5.074700117111206055e-01 6.940775699746867256e-01 5.054268240928649902e-01 6.925957330928866895e-01
5.017892122268676758e-01 6.943800512612623432e-01 5.014610886573791504e-01 6.929228676432882539e-01
5.068885087966918945e-01 6.946751545187526133e-01 4.984345734119415283e-01 6.941496011385264175e-01
5.015655755996704102e-01 6.940066493417095250e-01 5.012523531913757324e-01 6.920597231903148350e-01
5.024154782295227051e-01 6.937051708827528529e-01 4.984345734119415283e-01 6.932558196742010237e-01
5.030864477157592773e-01 6.941943760420730136e-01 4.987476468086242676e-01 6.931100809432300114e-01
5.050098299980163574e-01 6.936935069501709572e-01 5.000000000000000000e-01 6.929704473277915611e-01
5.050098299980163574e-01 6.938523384833255037e-01 5.002087354660034180e-01 6.930151452502635312e-01
5.036231875419616699e-01 6.936533677917108287e-01 4.988520145416259766e-01 6.930034438918314388e-01
5.050098299980163574e-01 6.932097271359399793e-01 4.988520145416259766e-01 6.933618706070389104e-01
4.985238909721374512e-01 6.933929267627519932e-01 5.004174709320068359e-01 6.933775731900668760e-01
5.109143257141113281e-01 6.930309817112287885e-01 5.009392499923706055e-01 6.948194706945074461e-01
5.087224841117858887e-01 6.933298400613399082e-01 4.984345734119415283e-01 6.949475929001084351e-01
5.046967267990112305e-01 6.939189894123866109e-01 4.985389411449432373e-01 6.944742229880084272e-01
5.114510655403137207e-01 6.932503765545242613e-01 4.985389411449432373e-01 6.943962042651676825e-01
5.080962777137756348e-01 6.938219061582923120e-01 5.154456496238708496e-01 6.923209526822005078e-01
5.062175989151000977e-01 6.936002952038526903e-01 4.995825588703155518e-01 6.932912385680187750e-01
5.085435509681701660e-01 6.933205846085874757e-01 5.582342147827148438e-01 6.922687547760750792e-01
5.053676962852478027e-01 6.932512174823198814e-01 5.258818864822387695e-01 6.920592843602928479e-01
5.218285918235778809e-01 6.932855169426287434e-01 5.006261467933654785e-01 6.921181970014872453e-01
5.199499130249023438e-01 6.930206448111685402e-01 4.992694556713104248e-01 7.207846809866731430e-01
5.042493939399719238e-01 6.961592921184328597e-01 4.994781911373138428e-01 6.930069393789163312e-01
4.994632303714752197e-01 6.940399262768186528e-01 4.992694556713104248e-01 6.929427662888042461e-01
5.084540843963623047e-01 6.933937374989660452e-01 5.001043677330017090e-01 6.945282207777444539e-01
5.067096352577209473e-01 6.934651802298121837e-01 5.088707804679870605e-01 6.927406326810294779e-01
5.089014172554016113e-01 6.938218942672244038e-01 4.996869266033172607e-01 6.939143628298776179e-01
5.032206177711486816e-01 6.936989677018482459e-01 5.000000000000000000e-01 6.955255248979048677e-01
5.125693082809448242e-01 6.930786653630612859e-01 5.013567209243774414e-01 6.931549956618906494e-01
4.983002245426177979e-01 6.950196545737057363e-01 5.296388864517211914e-01 6.937010759004494931e-01
5.055466294288635254e-01 6.942453204593668215e-01 4.988520145416259766e-01 6.944361008848334293e-01
5.036678910255432129e-01 6.934757991454792991e-01 5.033395886421203613e-01 6.946568391661981368e-01
4.977187216281890869e-01 6.940652559366224938e-01 4.984345734119415283e-01 6.941933289148493058e-01
5.013419389724731445e-01 6.939114653417901568e-01 4.959298670291900635e-01 6.931053349778190098e-01
5.013419389724731445e-01 6.935604677513430572e-01 5.142976641654968262e-01 6.928334681780247140e-01
5.062623023986816406e-01 6.942546768848830707e-01 5.135670900344848633e-01 6.917358485573992244e-01
5.218285918235778809e-01 6.923950490274973779e-01 5.015654563903808594e-01 7.006924472106969004e-01
5.067990422248840332e-01 6.953418481582434030e-01 5.360050201416015625e-01 6.917842588129085035e-01
5.087224841117858887e-01 6.943670660124031668e-01 5.053224563598632812e-01 6.929577813718792445e-01
5.099301934242248535e-01 6.937052883857007801e-01 5.111667513847351074e-01 6.944790908997204859e-01
5.314904451370239258e-01 6.913639627920961095e-01 5.402838587760925293e-01 6.882057414625164515e-01
5.091250538825988770e-01 6.940564280930732188e-01 4.911291897296905518e-01 6.933593599215550629e-01
5.039362907409667969e-01 6.934187377921838813e-01 5.084533691406250000e-01 6.924282886419135252e-01
4.987922608852386475e-01 6.943163823774279875e-01 5.291171073913574219e-01 6.911677553319801603e-01
5.101985931396484375e-01 6.938278258625351080e-01 5.217073559761047363e-01 6.916707938634585329e-01
5.142691135406494141e-01 6.956711877200744132e-01 5.034439563751220703e-01 6.934287318156223678e-01
5.079173445701599121e-01 6.948673455099616536e-01 5.211855769157409668e-01 6.932495581757870395e-01
5.157899260520935059e-01 6.925625248445042015e-01 5.348570346832275391e-01 6.881293634536295167e-01
5.127035379409790039e-01 6.935672151165755972e-01 4.990607500076293945e-01 6.949966523000875585e-01
5.066648721694946289e-01 6.942805000826633988e-01 5.210812091827392578e-01 6.915889324138667638e-01
5.084093809127807617e-01 6.948020414283139212e-01 5.426841974258422852e-01 6.919696672279733729e-01
5.130613446235656738e-01 6.941646838107120576e-01 4.598205089569091797e-01 7.017152961075268092e-01
5.097960233688354492e-01 6.943575585436621012e-01 5.437278151512145996e-01 6.878332946425413930e-01
5.171765685081481934e-01 6.953314202355237450e-01 5.447714328765869141e-01 6.850563811126220148e-01
4.960189759731292725e-01 6.961579913315778523e-01 4.901899397373199463e-01 6.946923326311368330e-01
5.018786787986755371e-01 6.939692799275879453e-01 5.132540464401245117e-01 6.928861859172701365e-01
5.097065567970275879e-01 6.939904301809398657e-01 5.015654563903808594e-01 6.945904821897692649e-01
5.248702764511108398e-01 6.933127191950200219e-01 5.020872354507446289e-01 6.931370697671400682e-01
5.064412355422973633e-01 6.949819252494836563e-01 5.427885651588439941e-01 6.891545271281284135e-01
5.425836443901062012e-01 6.891962633318072795e-01 4.984345734119415283e-01 6.975171646004901804e-01
5.169082283973693848e-01 6.934197545264867424e-01 5.281778573989868164e-01 6.863885091680297368e-01
5.280461907386779785e-01 6.924405786683551778e-01 5.468586683273315430e-01 6.942954132711680604e-01
5.338611602783203125e-01 6.903382444194016143e-01 4.990607500076293945e-01 6.954330823859897759e-01
4.973608851432800293e-01 6.945760399716380817e-01 5.045919418334960938e-01 6.931402662606060971e-01
5.066201686859130859e-01 6.931256631935489576e-01 5.033395886421203613e-01 6.927397948818250217e-01
5.074700117111206055e-01 6.941480598950517944e-01 4.986432790756225586e-01 6.927887515070243474e-01
5.002683997154235840e-01 6.974564275623839071e-01 5.009392499923706055e-01 6.936173211231880797e-01
5.012524724006652832e-01 6.953071774299978136e-01 5.008348822593688965e-01 6.931269100055245103e-01
5.026838183403015137e-01 6.973116384633518683e-01 5.006261467933654785e-01 6.957612320317327903e-01
4.976739883422851562e-01 2.805807447749145034e+00 5.009392499923706055e-01 5.729049006625123397e+00
5.014761090278625488e-01 2.315465524683358645e+00 5.009392499923706055e-01 8.043163204660895849e-01
4.999552667140960693e-01 7.115317539572395544e-01 5.009392499923706055e-01 6.993660091159488168e-01
5.037126541137695312e-01 6.986314084858774587e-01 4.978083968162536621e-01 6.931641173123865851e-01
5.005815029144287109e-01 6.974957089962483536e-01 5.009392499923706055e-01 6.931806317054510780e-01
5.009393692016601562e-01 6.989320922162370886e-01 5.021916031837463379e-01 6.940683952778222698e-01
4.963768124580383301e-01 6.980279945883560710e-01 4.990607500076293945e-01 6.968483159871022847e-01
5.014761090278625488e-01 6.951469461421758700e-01 5.009392499923706055e-01 6.940543160411665191e-01
5.064412355422973633e-01 6.990755322282824480e-01 4.990607500076293945e-01 6.940062726073961130e-01
4.965557456016540527e-01 7.017436662712513984e-01 5.009392499923706055e-01 6.931971275366016760e-01
5.004025697708129883e-01 6.948623925975363491e-01 4.990607500076293945e-01 6.932991548013498484e-01
5.052782297134399414e-01 6.942687635985699268e-01 4.990607500076293945e-01 6.933133026125833931e-01
4.994184970855712891e-01 7.020530170437944140e-01 5.009392499923706055e-01 7.017152037831543288e-01
4.978529214859008789e-01 6.986993194415587194e-01 4.990607500076293945e-01 6.957387678734172631e-01
4.998658001422882080e-01 6.950105598050081435e-01 4.985389411449432373e-01 6.933884523875826211e-01
5.044730901718139648e-01 6.972135102563306042e-01 4.990607500076293945e-01 6.945065939831996937e-01
5.044730901718139648e-01 6.956600825930350229e-01 5.009392499923706055e-01 6.963645334881747306e-01
4.994632303714752197e-01 6.974595483225175530e-01 4.990607500076293945e-01 6.953341428060617613e-01
5.043836236000061035e-01 6.964570153781224349e-01 5.009392499923706055e-01 6.934714024585961756e-01
4.996421635150909424e-01 6.961530956775776602e-01 5.009392499923706055e-01 6.931839330264557564e-01
5.003131031990051270e-01 6.954075140056381610e-01 5.009392499923706055e-01 6.933327723435235290e-01
5.003578662872314453e-01 6.944782708642051050e-01 5.009392499923706055e-01 6.931406053763246033e-01
5.003578662872314453e-01 6.950281114799218285e-01 4.990607500076293945e-01 6.933405945978341478e-01
5.028627514839172363e-01 6.955151506412176055e-01 5.009392499923706055e-01 6.931972140883683187e-01
5.058597326278686523e-01 6.943826119787557261e-01 4.990607500076293945e-01 6.936335086673218742e-01
5.027732849121093750e-01 6.967158154397002923e-01 5.009392499923706055e-01 6.965116096224672759e-01
4.989264607429504395e-01 6.973502267279380051e-01 5.009392499923706055e-01 6.936755039651616439e-01
