4.944534003734588623e-01 7.392350306534813953e-01 4.710916280746459961e-01 7.070728822332711383e-01
4.913222491741180420e-01 7.392045417738890567e-01 4.710916280746459961e-01 7.069723727657809542e-01
4.930667281150817871e-01 7.403562343126973699e-01 4.715090692043304443e-01 7.068729212651843063e-01
4.963320791721343994e-01 7.377268320589719375e-01 4.716134369373321533e-01 7.067704538889952870e-01
4.910538494586944580e-01 7.424719347725999841e-01 4.716134369373321533e-01 7.066640100581639272e-01
4.957505762577056885e-01 7.372902167528083694e-01 4.716134369373321533e-01 7.065635274133859056e-01
4.885489344596862793e-01 7.404445377034351017e-01 4.717178046703338623e-01 7.064612057706155523e-01
4.912775158882141113e-01 7.406879575484168754e-01 4.727614223957061768e-01 7.063561912071627535e-01
4.938718974590301514e-01 7.401429217453399101e-01 4.753704965114593506e-01 7.062609567445147229e-01
4.925299584865570068e-01 7.402047043218662470e-01 4.754748344421386719e-01 7.061658578510200401e-01
4.907854795455932617e-01 7.412806130475105837e-01 4.734919667243957520e-01 7.060738865405078446e-01
4.927983582019805908e-01 7.389798458071722420e-01 4.738050401210784912e-01 7.059835517389045911e-01
4.930219948291778564e-01 7.398183458199930618e-01 4.740137755870819092e-01 7.058898650313488732e-01
4.931561946868896484e-01 7.381717123292516058e-01 4.740137755870819092e-01 7.058047838734575752e-01
4.956163763999938965e-01 7.384782475208548913e-01 4.741181433200836182e-01 7.057165737765189739e-01
4.958400428295135498e-01 7.369190721312198766e-01 4.734919667243957520e-01 7.056288998352413522e-01
4.855967164039611816e-01 7.426206745643226803e-01 4.734919667243957520e-01 7.055382681176598503e-01
4.994632303714752197e-01 7.347914604578446029e-01 4.725527167320251465e-01 7.054532076864097334e-01
4.972266852855682373e-01 7.370384998218300066e-01 4.731788635253906250e-01 7.053643809656737762e-01
4.953927397727966309e-01 7.369728683145597703e-01 4.733875989913940430e-01 7.052828589179426233e-01
4.971819519996643066e-01 7.369461116626109254e-01 4.731788635253906250e-01 7.051969706900207413e-01
4.903829097747802734e-01 7.389663395908954158e-01 4.728657901287078857e-01 7.051071241214961205e-01
4.918590188026428223e-01 7.389647385199139551e-01 4.728657901287078857e-01 7.050248767781720494e-01
4.935140311717987061e-01 7.372906286530043207e-01 4.728657901287078857e-01 7.049476464514791152e-01
4.978976547718048096e-01 7.360740168765653735e-01 4.728657901287078857e-01 7.048702009956863135e-01
4.869833588600158691e-01 7.385449332272906453e-01 4.730745255947113037e-01 7.047946344982529698e-01
4.927088916301727295e-01 7.369876064561436957e-01 4.732832312583923340e-01 7.047195553257081801e-01
4.927088916301727295e-01 7.355732547722811931e-01 4.732832312583923340e-01 7.046464741839617574e-01
4.905618131160736084e-01 7.396669605269289294e-01 4.737007021903991699e-01 7.045686209881089068e-01
4.942297339439392090e-01 7.359935833678772354e-01 4.741181433200836182e-01 7.044995782321092914e-01
4.978081881999969482e-01 7.369841504852040481e-01 4.747443199157714844e-01 7.044272627319928537e-01
4.923510551452636719e-01 7.359397067625250699e-01 4.753704965114593506e-01 7.043539237762089789e-01
4.885936677455902100e-01 7.355186233134021201e-01 4.753704965114593506e-01 7.042787041949768456e-01
4.956163763999938965e-01 7.373076858514535648e-01 4.762053787708282471e-01 7.042059294243392387e-01
4.967346489429473877e-01 7.347485789631577058e-01 4.785013496875762939e-01 7.041339538237217921e-01
4.900250434875488281e-01 7.366946912724721130e-01 4.786057174205780029e-01 7.040650116902158473e-01
4.970030486583709717e-01 7.328532135301037975e-01 4.786057174205780029e-01 7.039975710936314801e-01
4.903381764888763428e-01 7.389418891022683233e-01 4.786057174205780029e-01 7.039285182728943768e-01
4.921273887157440186e-01 7.380347659601084187e-01 4.786057174205780029e-01 7.038587578351700458e-01
4.938718974590301514e-01 7.360353687407186207e-01 4.780839085578918457e-01 7.037968125604084912e-01
4.915458858013153076e-01 7.370899413070944872e-01 4.783969819545745850e-01 7.037349453402371724e-01
4.918590188026428223e-01 7.358739165868160015e-01 4.781882762908935547e-01 7.036678657430219808e-01
4.944086670875549316e-01 7.339236018141089835e-01 4.781882762908935547e-01 7.036034418555745518e-01
4.969135820865631104e-01 7.324181423137772207e-01 4.793362617492675781e-01 7.035408894370279720e-01
4.940060973167419434e-01 7.361616165507007814e-01 4.793362617492675781e-01 7.034791697168917279e-01
4.957505762577056885e-01 7.354858082209744241e-01 4.794406294822692871e-01 7.034184404714349803e-01
4.909643828868865967e-01 7.376725568628882401e-01 4.794406294822692871e-01 7.033590340609342517e-01
4.947665035724639893e-01 7.359187032972087650e-01 4.797537028789520264e-01 7.032998949942472766e-01
4.973608851432800293e-01 7.347454200023016968e-01 4.804842472076416016e-01 7.032423444268002255e-01
4.893988072872161865e-01 7.392244028221794938e-01 4.806929528713226318e-01 7.031783604268564414e-01
5.005367398262023926e-01 7.320899903017072941e-01 4.811104238033294678e-01 7.031184250888932175e-01
4.933351278305053711e-01 7.345750390640800598e-01 4.814234972000122070e-01 7.030596508782732679e-01
5.029075145721435547e-01 7.289494725987701873e-01 4.817366003990173340e-01 7.030019330296628510e-01
4.915906190872192383e-01 7.388504451045112553e-01 4.818409383296966553e-01 7.029431783015880342e-01
4.906065464019775391e-01 7.370154782983053821e-01 4.820496737957000732e-01 7.028854087234612802e-01
4.896224737167358398e-01 7.382543570966749735e-01 4.820496737957000732e-01 7.028327970309686812e-01
4.882805645465850830e-01 7.337812043127891481e-01 4.812147915363311768e-01 7.027733597544433275e-01
4.969583153724670410e-01 7.342614152709194819e-01 4.812147915363311768e-01 7.027171222682387919e-01
4.877437949180603027e-01 7.381283405173079126e-01 4.819453060626983643e-01 7.026624558888107108e-01
4.944981336593627930e-01 7.326272203171908526e-01 4.820496737957000732e-01 7.026055458318064550e-01
4.933351278305053711e-01 7.333697255725488695e-01 4.820496737957000732e-01 7.025503328338691400e-01
4.919931888580322266e-01 7.340731217878665449e-01 4.820496737957000732e-01 7.024976776104534526e-01
4.913669824600219727e-01 7.371146054723476393e-01 4.820496737957000732e-01 7.024403261979121904e-01
4.942744672298431396e-01 7.310263198738896628e-01 4.820496737957000732e-01 7.023920270153038992e-01
4.923510551452636719e-01 7.351804021902557107e-01 4.823627769947052002e-01 7.023396072868414164e-01
4.944981336593627930e-01 7.339324286445177981e-01 4.823627769947052002e-01 7.022861581434911571e-01
4.880568981170654297e-01 7.353658992460533339e-01 4.824671149253845215e-01 7.022353843293043241e-01
4.895330071449279785e-01 7.360086950596297362e-01 4.824671149253845215e-01 7.021804863489438109e-01
4.912327826023101807e-01 7.345964358837921981e-01 4.824671149253845215e-01 7.021283873235774076e-01
4.996421635150909424e-01 7.318761692978781319e-01 4.824671149253845215e-01 7.020773423462017826e-01
4.926194250583648682e-01 7.335774264836443237e-01 4.823627769947052002e-01 7.020259091859569756e-01
4.956163763999938965e-01 7.321121053845837112e-01 4.821540415287017822e-01 7.019769006695087965e-01
4.949007034301757812e-01 7.335300171688814430e-01 4.823627769947052002e-01 7.019263879040092968e-01
4.907854795455932617e-01 7.359501350478423465e-01 4.824671149253845215e-01 7.018748732057052964e-01
4.968688488006591797e-01 7.322986421569726012e-01 4.825714826583862305e-01 7.018223768533632390e-01
4.966004788875579834e-01 7.314765558705216275e-01 4.829889237880706787e-01 7.017751895070101220e-01
4.913222491741180420e-01 7.342777068019019637e-01 4.847630858421325684e-01 7.017248901413168927e-01
4.978976547718048096e-01 7.315410719849508858e-01 4.847630858421325684e-01 7.016773861600620332e-01
4.982554912567138672e-01 7.323547518089090769e-01 4.811104238033294678e-01 7.016316203303686327e-01
4.923957884311676025e-01 7.349337323724232096e-01 4.814234972000122070e-01 7.015863775808859337e-01
4.902934432029724121e-01 7.359690058527830203e-01 4.819453060626983643e-01 7.015390810899808649e-01
4.970925152301788330e-01 7.326668674947111048e-01 4.820496737957000732e-01 7.014916356683299492e-01
4.962426126003265381e-01 7.343079444226947583e-01 4.821540415287017822e-01 7.014446238639383546e-01
4.910091161727905273e-01 7.320387495035433068e-01 4.821540415287017822e-01 7.014024589833574019e-01
4.969135820865631104e-01 7.301665643584346332e-01 4.818409383296966553e-01 7.013578904468812381e-01
4.966451823711395264e-01 7.297273596255803296e-01 4.814234972000122070e-01 7.013127343113699785e-01
4.884594678878784180e-01 7.349558841416438115e-01 4.817366003990173340e-01 7.012652377076050714e-01
4.893093705177307129e-01 7.334687852607811864e-01 4.817366003990173340e-01 7.012208347229986760e-01
4.949454367160797119e-01 7.345731105248175519e-01 4.819453060626983643e-01 7.011716340559057681e-01
4.966004788875579834e-01 7.327976887054190591e-01 4.811104238033294678e-01 7.011284434927254061e-01
4.872517585754394531e-01 7.349951205387549313e-01 4.814234972000122070e-01 7.010804494246887231e-01
4.925746917724609375e-01 7.322509224160154151e-01 4.814234972000122070e-01 7.010365422621471776e-01
4.932009279727935791e-01 7.325625645067082026e-01 4.815278649330139160e-01 7.009904295286936149e-01
4.983002245426177979e-01 7.311984458769940076e-01 4.815278649330139160e-01 7.009463925198408107e-01
4.983449578285217285e-01 7.303809165037431494e-01 4.815278649330139160e-01 7.009030227072924335e-01
4.927536249160766602e-01 7.309935115108465720e-01 4.817366003990173340e-01 7.008617643373441508e-01
4.946323037147521973e-01 7.336945580036957626e-01 4.817366003990173340e-01 7.008185917389117003e-01
4.938718974590301514e-01 7.319362168022848225e-01 4.817366003990173340e-01 7.007766880563096601e-01
4.910538494586944580e-01 7.292522413292518157e-01 4.814234972000122070e-01 7.007339414737090433e-01
4.944086670875549316e-01 7.321215043193348704e-01 4.816322326660156250e-01 7.006888338455051768e-01
