5.341295599937438965e-01 7.064032338454314663e-01 5.715925693511962891e-01 6.742286776680210814e-01
5.690194964408874512e-01 6.788850094470509910e-01 5.829680562019348145e-01 6.702704485361971054e-01
5.759527683258056641e-01 6.751058448574628335e-01 5.874556303024291992e-01 6.679361917807846716e-01
5.858382582664489746e-01 6.692668911830153000e-01 5.934042930603027344e-01 6.670556843616698428e-01
5.922347307205200195e-01 6.668013246184407716e-01 5.967438817024230957e-01 6.643214243186388313e-01
5.914743542671203613e-01 6.672648170549342339e-01 5.984137058258056641e-01 6.659237112662559355e-01
5.896403789520263672e-01 6.664614363675638309e-01 5.975787639617919922e-01 6.644468203613091983e-01
5.931293368339538574e-01 6.648950326376598108e-01 5.900647044181823730e-01 6.659315789176337708e-01
5.921900272369384766e-01 6.664280554735931839e-01 5.931955575942993164e-01 6.639289631273272985e-01
5.911611914634704590e-01 6.641956271500722986e-01 5.923606753349304199e-01 6.634375627417575805e-01
5.964394211769104004e-01 6.640492702963783911e-01 6.037361621856689453e-01 6.619400694932103812e-01
5.967525243759155273e-01 6.635281779958472903e-01 6.036317944526672363e-01 6.623830965231615187e-01
5.954106450080871582e-01 6.623449248669505129e-01 5.987268090248107910e-01 6.630148302535875393e-01
5.946949124336242676e-01 6.651316331951109273e-01 5.936130285263061523e-01 6.691752575529166247e-01
5.965288877487182617e-01 6.628073969538298416e-01 5.976831316947937012e-01 6.628289665864320890e-01
5.927715301513671875e-01 6.641144038611777045e-01 5.988311171531677246e-01 6.620831720840455459e-01
6.048040986061096191e-01 6.606049285226781587e-01 5.954915285110473633e-01 6.635832023431502691e-01
5.962157845497131348e-01 6.630386137795972745e-01 6.044667363166809082e-01 6.606256563462934439e-01
5.974682569503784180e-01 6.616868735170253757e-01 6.040492653846740723e-01 6.612211812813977296e-01
5.995258688926696777e-01 6.612774656782595128e-01 5.974744558334350586e-01 6.612238483497628883e-01
6.000626087188720703e-01 6.621163372256330115e-01 5.991442203521728516e-01 6.604049900732118505e-01
5.998836755752563477e-01 6.594099480492801035e-01 5.676267743110656738e-01 6.731056023853304593e-01
5.986312627792358398e-01 6.606965986853486905e-01 5.999791026115417480e-01 6.648424857719236192e-01
5.995705723762512207e-01 6.606208577120233905e-01 5.860989093780517578e-01 6.630640676215157070e-01
6.015834808349609375e-01 6.604061745364457892e-01 6.037361621856689453e-01 6.624426217199591571e-01
6.021202206611633301e-01 6.593901735125085040e-01 6.117720603942871094e-01 6.593226593363337162e-01
6.094113588333129883e-01 6.575008226456252602e-01 5.893341898918151855e-01 6.723787094476302295e-01
6.041778326034545898e-01 6.583935141798037405e-01 5.984137058258056641e-01 6.616269226015497606e-01
6.061459779739379883e-01 6.576359130056882440e-01 6.114589571952819824e-01 6.567935703866194519e-01
6.053408384323120117e-01 6.569773348867840035e-01 6.133375167846679688e-01 6.570507713833225738e-01
6.030595898628234863e-01 6.576943212490555801e-01 6.105197072029113770e-01 6.560843983290713943e-01
6.090534925460815430e-01 6.550142743822542357e-01 6.127113103866577148e-01 6.555414254693739950e-01
6.075773835182189941e-01 6.543734675124327493e-01 6.013358235359191895e-01 6.588045999367334593e-01
6.092324256896972656e-01 6.549812211058694267e-01 6.142767667770385742e-01 6.562414471751288891e-01
6.119162440299987793e-01 6.542861661494663306e-01 6.117720603942871094e-01 6.552800934515276010e-01
6.118267774581909180e-01 6.536340690145425736e-01 6.038405299186706543e-01 6.589838097548837981e-01
6.130792498588562012e-01 6.553943697573098026e-01 6.135462522506713867e-01 6.541490334853377053e-01
6.138396859169006348e-01 6.531862128845244975e-01 6.133375167846679688e-01 6.591638791688024801e-01
6.090982556343078613e-01 6.563817907540011598e-01 6.107284426689147949e-01 6.579490534275415081e-01
6.099928617477416992e-01 6.533834432570190254e-01 6.017532944679260254e-01 6.618901377579186063e-01
6.118715405464172363e-01 6.537294287143229354e-01 6.166771054267883301e-01 6.517069503226426974e-01
6.124082803726196289e-01 6.513973362523896027e-01 6.189730763435363770e-01 6.528926611419412218e-01
6.155394315719604492e-01 6.501065273898342101e-01 6.199123263359069824e-01 6.523410339888937592e-01
6.107980012893676758e-01 6.519541977598961591e-01 6.155291199684143066e-01 6.556574023235219872e-01
6.125872135162353516e-01 6.503077222337277918e-01 6.077019572257995605e-01 6.526110846820640798e-01
6.145106554031372070e-01 6.485653776221549371e-01 6.173032522201538086e-01 6.523517233497836409e-01
6.166129708290100098e-01 6.483996222240593355e-01 6.155291199684143066e-01 6.502081175433696014e-01
6.101270318031311035e-01 6.497313827729477298e-01 6.179294586181640625e-01 6.550552260276047978e-01
6.157631278038024902e-01 6.476834605900028130e-01 6.155291199684143066e-01 6.532310902189049084e-01
6.192520856857299805e-01 6.466062043024145556e-01 6.157378554344177246e-01 6.491562364196459267e-01
6.167919039726257324e-01 6.487776425384327306e-01 6.159465909004211426e-01 6.538839973330472510e-01
6.166577339172363281e-01 6.462286617636872066e-01 6.146942377090454102e-01 6.470805342126255688e-01
6.169708371162414551e-01 6.444908915873097666e-01 6.193905472755432129e-01 6.488474555464434079e-01
6.192073822021484375e-01 6.454350258118566330e-01 6.058233976364135742e-01 6.542628190010332245e-01
6.214886307716369629e-01 6.444310875138606898e-01 6.192861795425415039e-01 6.467622246953247389e-01
6.181785464286804199e-01 6.449464735948116090e-01 6.260697245597839355e-01 6.440290149804371866e-01
6.218912005424499512e-01 6.417731031959439392e-01 6.081193685531616211e-01 6.482272277393910098e-01
6.234120726585388184e-01 6.424666342399993901e-01 6.212690472602844238e-01 6.477931577909019634e-01
6.231436729431152344e-01 6.414202245131953584e-01 6.205385327339172363e-01 6.416717401702377588e-01
6.244856119155883789e-01 6.389170671260128165e-01 6.273220777511596680e-01 6.398959099388003002e-01
6.280193328857421875e-01 6.377140813403658903e-01 6.176163554191589355e-01 6.412631581929898461e-01
6.271247267723083496e-01 6.373451630573064852e-01 6.130244135856628418e-01 6.514960634287899621e-01
6.259617209434509277e-01 6.388472601901996617e-01 6.266958713531494141e-01 6.439149974034937829e-01
6.280193328857421875e-01 6.361717485340662170e-01 6.325401663780212402e-01 6.405814440333502668e-01
6.320897936820983887e-01 6.335927649524605298e-01 6.273220777511596680e-01 6.395165425978183160e-01
6.264089941978454590e-01 6.359389283657500558e-01 6.268002390861511230e-01 6.389201806472900591e-01
6.280640363693237305e-01 6.346875397159537080e-01 6.242955327033996582e-01 6.377077108881613610e-01
6.284219026565551758e-01 6.326836347899894575e-01 6.235650181770324707e-01 6.385005990689046618e-01
6.335211992263793945e-01 6.299694304731583427e-01 6.340012550354003906e-01 6.305474468373326591e-01
6.303453445434570312e-01 6.300941991409305665e-01 6.274264454841613770e-01 6.408211514835839839e-01
6.295849084854125977e-01 6.338448958739033579e-01 6.221039295196533203e-01 6.425314703133976346e-01
6.334764957427978516e-01 6.283984573417665809e-01 6.248173713684082031e-01 6.381323162510608160e-01
6.287350058555603027e-01 6.309120445286444667e-01 6.351492404937744141e-01 6.339605788277873355e-01
6.333422660827636719e-01 6.284487471637667522e-01 6.343143582344055176e-01 6.286505746010374596e-01
6.358024477958679199e-01 6.270708830033673298e-01 6.294093132019042969e-01 6.307530038741455680e-01
6.380389928817749023e-01 6.244289784701059220e-01 6.306616663932800293e-01 6.316660119979123911e-01
6.380837559700012207e-01 6.240715902891242894e-01 6.342099905014038086e-01 6.294632165896273390e-01
6.411254405975341797e-01 6.229544438089789082e-01 6.329576373100280762e-01 6.267808835259113254e-01
6.362944841384887695e-01 6.253962267338856185e-01 6.345230937004089355e-01 6.275254415336120051e-01
6.380837559700012207e-01 6.200302270640838387e-01 6.241911649703979492e-01 6.340918055135057463e-01
6.403203010559082031e-01 6.212922297664736915e-01 6.296180486679077148e-01 6.273101418557283093e-01
6.388888955116271973e-01 6.220330569735151860e-01 6.304529309272766113e-01 6.293010472679058109e-01
6.438540220260620117e-01 6.162994791706766229e-01 6.399499177932739258e-01 6.267202646939845634e-01
6.498031616210937500e-01 6.156763539350103009e-01 6.255478858947753906e-01 6.314349403910834990e-01
6.450617313385009766e-01 6.142023532201617009e-01 6.409935355186462402e-01 6.242826592322556767e-01
6.437197923660278320e-01 6.193578212754758949e-01 6.359841227531433105e-01 6.249454267784887440e-01
6.464483737945556641e-01 6.152144882392747149e-01 6.413066387176513672e-01 6.226764595774811895e-01
6.487743854522705078e-01 6.109646842014301305e-01 6.380713582038879395e-01 6.191911889849364137e-01
6.461799740791320801e-01 6.132210627035583617e-01 6.385931968688964844e-01 6.212964450434687036e-01
6.508319973945617676e-01 6.112132845528118752e-01 6.365059614181518555e-01 6.227945371998846458e-01
6.481928825378417969e-01 6.117284834907484870e-01 6.351492404937744141e-01 6.246287148672114986e-01
6.467167735099792480e-01 6.123505070482944124e-01 6.368190646171569824e-01 6.241685607766239707e-01
6.519055366516113281e-01 6.080379563509233920e-01 6.379670500755310059e-01 6.239853811970684783e-01
6.421095132827758789e-01 6.194655601529107658e-01 6.346274018287658691e-01 6.284565291109126539e-01
6.514582037925720215e-01 6.083802015607782110e-01 6.468378305435180664e-01 6.181073758204529422e-01
6.569601297378540039e-01 6.041967961587255687e-01 6.415153145790100098e-01 6.175428129790148102e-01
6.531132459640502930e-01 6.050302873337752851e-01 6.474639773368835449e-01 6.198177900599975976e-01
6.557076573371887207e-01 6.024699680364543619e-01 6.423502564430236816e-01 6.177269713511872595e-01
6.509214639663696289e-01 6.041564342586996927e-01 6.432895064353942871e-01 6.154004598280951033e-01
6.583467721939086914e-01 6.019500397488349863e-01 6.446462273597717285e-01 6.196491487761226491e-01
