5.014314055442810059e-01 6.991780154562994287e-01 5.130453109741210938e-01 6.923852193656631071e-01
5.080962777137756348e-01 6.954682271432356400e-01 5.413274765014648438e-01 6.913826462869677725e-01
5.164161920547485352e-01 6.934665116988220079e-01 5.328741669654846191e-01 6.907889729774314702e-01
5.169529318809509277e-01 6.933008723532839701e-01 5.373617410659790039e-01 6.901545880533065391e-01
5.154768228530883789e-01 6.932552530228462961e-01 5.395533442497253418e-01 6.894694186282093185e-01
5.280461907386779785e-01 6.907761872166661155e-01 5.520768165588378906e-01 6.887804933391515894e-01
5.345321297645568848e-01 6.901419400038372176e-01 5.616781711578369141e-01 6.880009959993619306e-01
5.326534509658813477e-01 6.898574526332575951e-01 5.643915534019470215e-01 6.872588440859848102e-01
5.342637300491333008e-01 6.894475574206743174e-01 5.662701129913330078e-01 6.863887450113298483e-01
5.349346995353698730e-01 6.886350727823556950e-01 5.697140693664550781e-01 6.853921474879979270e-01
5.416890382766723633e-01 6.872904752550280660e-01 5.728449225425720215e-01 6.844897104115805764e-01
5.430309772491455078e-01 6.868834468989492015e-01 5.716969370841979980e-01 6.837770978311137338e-01
5.495616197586059570e-01 6.857142594744084496e-01 5.709664225578308105e-01 6.828152397882711888e-01
5.560476183891296387e-01 6.850947010472329124e-01 5.725318193435668945e-01 6.821803692934333974e-01
5.576578974723815918e-01 6.849473608288787485e-01 5.671049952507019043e-01 6.818637380120252667e-01
5.581946969032287598e-01 6.831896641980046425e-01 5.698184370994567871e-01 6.808347577243527571e-01
5.598049759864807129e-01 6.830921988300399095e-01 5.697140693664550781e-01 6.801803459506073901e-01
5.592681765556335449e-01 6.824200190357113671e-01 5.691922307014465332e-01 6.797086675240237019e-01
5.594024062156677246e-01 6.818370678531907592e-01 5.686704516410827637e-01 6.793609437801175766e-01
5.648595690727233887e-01 6.816709780654661710e-01 5.708620548248291016e-01 6.788248336033989583e-01
5.622651576995849609e-01 6.811284595001658726e-01 5.703402161598205566e-01 6.780791872853004776e-01
5.684827566146850586e-01 6.791809868100163738e-01 5.685660839080810547e-01 6.770247236793062173e-01
5.634728670120239258e-01 6.805091071563962313e-01 5.743060111999511719e-01 6.762701485580503435e-01
5.630255937576293945e-01 6.799983887195502064e-01 5.730536580085754395e-01 6.760609836549505980e-01
5.667829513549804688e-01 6.792325261219773758e-01 5.758714079856872559e-01 6.753761460302867281e-01
5.735372900962829590e-01 6.781925268752521108e-01 5.713838338851928711e-01 6.749992353312532778e-01
5.702272057533264160e-01 6.783564927049433591e-01 5.764976143836975098e-01 6.749148399315804125e-01
5.691536664962768555e-01 6.779199801418729354e-01 5.791066288948059082e-01 6.746204690504262746e-01
5.711665749549865723e-01 6.774916469698878396e-01 5.738885402679443359e-01 6.743884859814620603e-01
5.732241868972778320e-01 6.771143127541398021e-01 5.786892175674438477e-01 6.727149266585554788e-01
5.737609863281250000e-01 6.759256335016353701e-01 5.698184370994567871e-01 6.742859563258216671e-01
5.738056898117065430e-01 6.765420449763339672e-01 5.744103789329528809e-01 6.734957317797383158e-01
5.689300298690795898e-01 6.765718394602149299e-01 5.791066288948059082e-01 6.726292073166810770e-01
5.698693990707397461e-01 6.761551160124722459e-01 5.800459384918212891e-01 6.738540661581322588e-01
5.704509019851684570e-01 6.763566268388349068e-01 5.766019821166992188e-01 6.719478055744573242e-01
5.782340168952941895e-01 6.741982321872291850e-01 5.816113352775573730e-01 6.713703775724372269e-01
5.752817988395690918e-01 6.761759524269466137e-01 5.791066288948059082e-01 6.721666407122339759e-01
5.736715197563171387e-01 6.743657615620327617e-01 5.780630111694335938e-01 6.731331051702266199e-01
5.681695938110351562e-01 6.751289432623408526e-01 5.737841725349426270e-01 6.722813630696254927e-01
5.734031200408935547e-01 6.746880679784083013e-01 5.819244384765625000e-01 6.715053971339755012e-01
5.737162232398986816e-01 6.739634075901080879e-01 5.850552916526794434e-01 6.710117017145421636e-01
5.723742842674255371e-01 6.747481397875180198e-01 5.840116739273071289e-01 6.713528703906744832e-01
5.735372900962829590e-01 6.743736454254187773e-01 5.830724239349365234e-01 6.709673885909980262e-01
5.767132043838500977e-01 6.728782001879458630e-01 5.839073061943054199e-01 6.701044349823682689e-01
5.817230343818664551e-01 6.727410618020502886e-01 5.848466157913208008e-01 6.703777270933154453e-01
5.797995924949645996e-01 6.730740672788246837e-01 5.815069675445556641e-01 6.698665650496525847e-01
5.746108293533325195e-01 6.730255622261430704e-01 5.779586434364318848e-01 6.697986400766876569e-01
5.781893134117126465e-01 6.724822471725810935e-01 5.778543353080749512e-01 6.702740799283414264e-01
5.760869383811950684e-01 6.717503896380691009e-01 5.913170576095581055e-01 6.686101686578781456e-01
5.768921375274658203e-01 6.728740552602587854e-01 5.771237611770629883e-01 6.700576378840839009e-01
5.749686956405639648e-01 6.728167855519902041e-01 5.849509239196777344e-01 6.696500402107987693e-01
5.767579078674316406e-01 6.726979164323007021e-01 5.770193934440612793e-01 6.694127367274842477e-01
5.823492407798767090e-01 6.707087622961773743e-01 5.910039544105529785e-01 6.686513672116852769e-01
5.786813497543334961e-01 6.708441982757300526e-01 5.856814980506896973e-01 6.690745754919726895e-01
5.830649733543395996e-01 6.703672989427051920e-01 5.880818367004394531e-01 6.673820126755852788e-01
5.796654224395751953e-01 6.719333985598787695e-01 5.839073061943054199e-01 6.684402477838280454e-01
5.818125009536743164e-01 6.706116737630888336e-01 5.781673789024353027e-01 6.693540787652051405e-01
5.769368410110473633e-01 6.721711718965716065e-01 5.851596593856811523e-01 6.685944166095887375e-01
5.827071070671081543e-01 6.717198907870430835e-01 5.874556303024291992e-01 6.684945114493444640e-01
5.813651680946350098e-01 6.697836520953817097e-01 5.949697494506835938e-01 6.670610052736585249e-01
5.791733860969543457e-01 6.709863770773808467e-01 5.868294835090637207e-01 6.682003204396064211e-01
5.827518105506896973e-01 6.713908925681831841e-01 5.828636884689331055e-01 6.680817157807665829e-01
5.791733860969543457e-01 6.700358781666976293e-01 5.787935853004455566e-01 6.684191527906078178e-01
5.799785256385803223e-01 6.708534554881472323e-01 5.769150257110595703e-01 6.686383430805019623e-01
5.785918831825256348e-01 6.695624124835313218e-01 5.928825139999389648e-01 6.674051166974137583e-01
5.772052407264709473e-01 6.699469962728367145e-01 5.817157030105590820e-01 6.675722020524847977e-01
5.815441012382507324e-01 6.702397490341178710e-01 5.814026594161987305e-01 6.678069305803103761e-01
5.816335678100585938e-01 6.704157793387506281e-01 5.946566462516784668e-01 6.677721300147018146e-01
5.864644646644592285e-01 6.687640359734866591e-01 5.923606753349304199e-01 6.664398173229899580e-01
5.826623439788818359e-01 6.693207975107050567e-01 5.869338512420654297e-01 6.666131745024728161e-01
5.853909254074096680e-01 6.686247252121149121e-01 5.936130285263061523e-01 6.667294476132282766e-01
5.860171914100646973e-01 6.689400120377860803e-01 5.834898948669433594e-01 6.667302691645374813e-01
5.808284282684326172e-01 6.688983218468116387e-01 5.846378803253173828e-01 6.670302314863799653e-01
5.828412771224975586e-01 6.702344299301219444e-01 5.963264703750610352e-01 6.682953191709229968e-01
5.816335678100585938e-01 6.687972173961250766e-01 5.984137058258056641e-01 6.665534887675128584e-01
5.796654224395751953e-01 6.697854990608513859e-01 5.856814980506896973e-01 6.662407868268270805e-01
5.804258584976196289e-01 6.700213762361134640e-01 5.939261317253112793e-01 6.658866564980182590e-01
5.824834704399108887e-01 6.684834197374208697e-01 5.924650430679321289e-01 6.685981251481329934e-01
5.836911797523498535e-01 6.691805114151433420e-01 5.867251157760620117e-01 6.659536383341608801e-01
5.822150707244873047e-01 6.693101815704711743e-01 5.886036157608032227e-01 6.656782676247509078e-01
5.874485373497009277e-01 6.675549310975817940e-01 5.914214253425598145e-01 6.659239121380142734e-01
5.903113484382629395e-01 6.675869546501383978e-01 5.696097016334533691e-01 6.750484771281636265e-01
5.871801972389221191e-01 6.684368071028832237e-01 5.939261317253112793e-01 6.660629873160304193e-01
5.902218818664550781e-01 6.665189765203103356e-01 5.864120125770568848e-01 6.655210634657346969e-01
5.818125009536743164e-01 6.688769082622934015e-01 5.948653817176818848e-01 6.654499681128810407e-01
5.882537364959716797e-01 6.675173934595084457e-01 5.923606753349304199e-01 6.655153218004405957e-01
5.878511071205139160e-01 6.672678416307250560e-01 5.913170576095581055e-01 6.648583562208401077e-01
5.904455184936523438e-01 6.666346530322205810e-01 5.844291448593139648e-01 6.656918363216848267e-01
5.825281739234924316e-01 6.682892261303948755e-01 5.913170576095581055e-01 6.644229012077075280e-01
5.847199559211730957e-01 6.665320045023618301e-01 5.911083221435546875e-01 6.640649484184732998e-01
5.872696638107299805e-01 6.674738109143779630e-01 5.936130285263061523e-01 6.665761796872269329e-01
5.843621492385864258e-01 6.673156769656606313e-01 5.943435430526733398e-01 6.661992924891690926e-01
5.847199559211730957e-01 6.670478056615698481e-01 5.889167189598083496e-01 6.654536708788193478e-01
5.875380039215087891e-01 6.667437441853679703e-01 5.924650430679321289e-01 6.655987333813482287e-01
5.846305489540100098e-01 6.677341852787036514e-01 5.952827930450439453e-01 6.663571439887158165e-01
5.865092277526855469e-01 6.669533350084181356e-01 5.892298221588134766e-01 6.668907705763640337e-01
5.856146216392517090e-01 6.675343037419465553e-01 5.926737785339355469e-01 6.655391054968574638e-01
5.828412771224975586e-01 6.686215109444619831e-01 5.967438817024230957e-01 6.665114902723460188e-01
5.903113484382629395e-01 6.654968572059627441e-01 5.784804821014404297e-01 6.658538783848149123e-01
5.839595794677734375e-01 6.669338362484418248e-01 5.929868221282958984e-01 6.661932561223876670e-01
