5.159688591957092285e-01 7.124488228633080178e-01 5.333959460258483887e-01 6.906748776569219261e-01
5.166845321655273438e-01 7.080260879730235768e-01 5.435190796852111816e-01 6.878429282510287734e-01
5.246018767356872559e-01 7.036098353678050810e-01 5.588603615760803223e-01 6.859419083973481435e-01
5.262122154235839844e-01 7.004986616425745716e-01 5.658526420593261719e-01 6.843869753183489113e-01
5.260332822799682617e-01 7.001018751006707896e-01 5.661657452583312988e-01 6.831434639180485879e-01
5.327429175376892090e-01 6.955500927417643808e-01 5.668962597846984863e-01 6.821484453766213374e-01
5.316246151924133301e-01 6.973155370593007163e-01 5.687747597694396973e-01 6.814797522006017516e-01
5.330112576484680176e-01 6.955542041505038409e-01 5.667918920516967773e-01 6.806921363747759912e-01
5.391840934753417969e-01 6.943879446055087890e-01 5.699227452278137207e-01 6.800347985367365400e-01
5.414206385612487793e-01 6.916819965611162857e-01 5.695053339004516602e-01 6.794297065647278977e-01
5.404365658760070801e-01 6.926584738720122925e-01 5.695053339004516602e-01 6.789097989608240402e-01
5.436571836471557617e-01 6.907987920089151412e-01 5.705489516258239746e-01 6.783016323670044700e-01
5.442386865615844727e-01 6.894516780223289842e-01 5.746190547943115234e-01 6.778509117720445953e-01
5.503220558166503906e-01 6.873188930305177413e-01 5.737841725349426270e-01 6.773249251039807906e-01
5.500089526176452637e-01 6.885323043926646625e-01 5.762888789176940918e-01 6.768892194428043352e-01
5.574789643287658691e-01 6.863500653662948370e-01 5.774368643760681152e-01 6.764115111560617954e-01
5.584630370140075684e-01 6.857877995550237804e-01 5.737841725349426270e-01 6.760134466553848753e-01
5.547951459884643555e-01 6.851866826812319511e-01 5.727405548095703125e-01 6.755976732427604325e-01
5.599391460418701172e-01 6.834340724733481975e-01 5.735754370689392090e-01 6.751690184963045072e-01
5.638307332992553711e-01 6.821817259900279096e-01 5.749321579933166504e-01 6.747355122975281505e-01
5.597602725028991699e-01 6.844202768911422652e-01 5.776455998420715332e-01 6.743792279904731179e-01
5.664251446723937988e-01 6.804229193626181171e-01 5.787935853004455566e-01 6.740321930652619642e-01
5.607890486717224121e-01 6.820570859697471233e-01 5.788979530334472656e-01 6.736651639230712973e-01
5.665146112442016602e-01 6.814495553098396385e-01 5.799415707588195801e-01 6.733449865074253582e-01
5.639201998710632324e-01 6.811019732393717163e-01 5.800459384918212891e-01 6.730609859511539339e-01
5.696009993553161621e-01 6.787371027659465650e-01 5.814026594161987305e-01 6.726455614204024380e-01
5.661567449569702148e-01 6.800142914179421183e-01 5.821331739425659180e-01 6.723714625131260725e-01
5.705850720405578613e-01 6.798250564822444497e-01 5.851596593856811523e-01 6.720351144854944669e-01
5.690194964408874512e-01 6.792324076058890991e-01 5.859946012496948242e-01 6.717655152996854229e-01
5.714349746704101562e-01 6.778673065393379105e-01 5.858902335166931152e-01 6.714239967464031844e-01
5.692431330680847168e-01 6.793521758929457199e-01 5.859946012496948242e-01 6.711815731233307103e-01
5.731794834136962891e-01 6.778814006009582505e-01 5.862032771110534668e-01 6.710672615291529697e-01
5.719270110130310059e-01 6.779249059981193870e-01 5.879774689674377441e-01 6.707317408627594402e-01
5.729110836982727051e-01 6.777161884806965908e-01 5.873512625694274902e-01 6.704310880426921360e-01
5.725979804992675781e-01 6.762370996151868541e-01 5.874556303024291992e-01 6.701835364544971307e-01
5.732689499855041504e-01 6.760675767108352829e-01 5.871425867080688477e-01 6.699858268276183138e-01
5.768026709556579590e-01 6.758722620480472898e-01 5.878731012344360352e-01 6.696500058364230901e-01
5.680354237556457520e-01 6.763476539669149856e-01 5.897516012191772461e-01 6.693924042407716213e-01
5.763106346130371094e-01 6.752461183900845265e-01 5.881862044334411621e-01 6.690528107520509193e-01
5.741635560989379883e-01 6.753207741728151081e-01 5.907952189445495605e-01 6.688419973220737225e-01
5.766684412956237793e-01 6.739529234434330496e-01 5.897516012191772461e-01 6.686557291121851820e-01
5.756843686103820801e-01 6.754520347024955962e-01 5.922563076019287109e-01 6.683852657523341456e-01
5.785918831825256348e-01 6.737202721176174247e-01 5.926737785339355469e-01 6.681450461201716706e-01
5.749686956405639648e-01 6.732976523318472406e-01 5.919432044029235840e-01 6.679421376271328370e-01
5.820361375808715820e-01 6.721823458851589050e-01 5.941348075866699219e-01 6.676618610113156382e-01
5.802469253540039062e-01 6.724839248689646887e-01 5.943435430526733398e-01 6.674326366010724376e-01
5.793970227241516113e-01 6.735166960527014801e-01 5.937173962593078613e-01 6.672314493896517318e-01
5.829307436943054199e-01 6.723138190676603010e-01 5.964307785034179688e-01 6.669809141355127480e-01
5.823045372962951660e-01 6.720013877619868126e-01 5.912126898765563965e-01 6.669792195024333292e-01
5.824834704399108887e-01 6.723415238909739022e-01 5.968482494354248047e-01 6.666141022000624528e-01
5.800232887268066406e-01 6.721999801896642035e-01 5.966395139694213867e-01 6.663996827450606730e-01
5.853014588356018066e-01 6.702956320092383624e-01 5.957002639770507812e-01 6.661520091359188767e-01
5.832886099815368652e-01 6.708923339694444765e-01 5.981006026268005371e-01 6.659938900188572264e-01
5.848094224929809570e-01 6.726720528795416820e-01 5.946566462516784668e-01 6.657868686684783599e-01
5.847647190093994141e-01 6.700489241613175606e-01 5.952827930450439453e-01 6.655884296778123987e-01
5.811415314674377441e-01 6.712437178862928899e-01 5.957002639770507812e-01 6.653840247735278712e-01
5.839595794677734375e-01 6.695848759587025301e-01 5.962221026420593262e-01 6.652013301426372704e-01
5.835570096969604492e-01 6.692816702341388702e-01 5.984137058258056641e-01 6.649797755227261353e-01
5.830649733543395996e-01 6.696321123784034768e-01 5.962221026420593262e-01 6.647866041220894529e-01
5.827965736389160156e-01 6.697376785604232108e-01 5.978918671607971191e-01 6.646229482174815795e-01
5.853014588356018066e-01 6.690660520473561412e-01 5.970569849014282227e-01 6.644416675142643669e-01
5.896403789520263672e-01 6.668600419122645562e-01 5.986224412918090820e-01 6.642498928354518828e-01
5.877169370651245117e-01 6.664010584514370450e-01 5.947610139846801758e-01 6.641530867932708970e-01
5.910270214080810547e-01 6.681645175578406759e-01 5.994573235511779785e-01 6.639420844721809489e-01
5.877617001533508301e-01 6.673737332120865950e-01 5.966395139694213867e-01 6.638600711433356727e-01
5.868670344352722168e-01 6.687256038604855179e-01 5.994573235511779785e-01 6.636744618689534025e-01
5.858382582664489746e-01 6.685244630542972466e-01 5.998747944831848145e-01 6.635078045575908412e-01
5.844516158103942871e-01 6.680319122816800181e-01 6.003965735435485840e-01 6.633702450743101942e-01
5.890588760375976562e-01 6.672859453498026783e-01 5.988311171531677246e-01 6.632490500953943657e-01
5.891035795211791992e-01 6.676919652473353173e-01 5.998747944831848145e-01 6.631761280362179489e-01
5.888799428939819336e-01 6.676102642894409245e-01 5.987268090248107910e-01 6.630639082652446392e-01
5.917426943778991699e-01 6.659397711308490120e-01 6.006053090095520020e-01 6.629819504230859417e-01
5.887010097503662109e-01 6.669726847514502177e-01 5.959089994430541992e-01 6.628963260306268701e-01
5.874485373497009277e-01 6.681200387034652577e-01 5.998747944831848145e-01 6.626765834367044361e-01
5.887904763221740723e-01 6.670016322820168098e-01 5.978918671607971191e-01 6.625793597887812414e-01
5.857040882110595703e-01 6.664941469572336352e-01 5.984137058258056641e-01 6.624532784855308165e-01
5.944712758064270020e-01 6.660730471805546005e-01 5.986224412918090820e-01 6.623562816736519032e-01
5.881642699241638184e-01 6.671799160026868902e-01 5.969526171684265137e-01 6.622970855153943459e-01
5.892825126647949219e-01 6.660379518078742844e-01 5.981006026268005371e-01 6.621880823424802776e-01
5.878064036369323730e-01 6.656692672722837045e-01 6.003965735435485840e-01 6.621003722353285825e-01
5.882537364959716797e-01 6.667696169417069996e-01 5.988311171531677246e-01 6.619607705682784005e-01
5.943818092346191406e-01 6.649968344594907599e-01 5.988311171531677246e-01 6.618978543013825933e-01
5.918769240379333496e-01 6.669620009308148134e-01 6.013358235359191895e-01 6.619385737537765158e-01
5.912506580352783203e-01 6.662585456547487350e-01 5.983093380928039551e-01 6.618005262613545492e-01
5.944265723228454590e-01 6.635420334469250836e-01 5.988311171531677246e-01 6.616972688094879818e-01
5.937108397483825684e-01 6.655057179712400295e-01 5.988311171531677246e-01 6.616151839202342178e-01
5.892825126647949219e-01 6.650638842992224742e-01 5.995616912841796875e-01 6.614762134826698281e-01
5.916085243225097656e-01 6.651100575081413391e-01 6.029012799263000488e-01 6.615003508756116535e-01
5.920110940933227539e-01 6.645039908999854639e-01 6.010227799415588379e-01 6.614096745323024829e-01
5.924136638641357422e-01 6.635084468854691719e-01 6.025881767272949219e-01 6.613742511846207872e-01
5.917874574661254883e-01 6.654093984436489917e-01 6.013358235359191895e-01 6.612329697638805737e-01
5.962157845497131348e-01 6.640122254604217122e-01 6.034230589866638184e-01 6.611502422243388244e-01
5.944265723228454590e-01 6.629110184183357735e-01 6.035274267196655273e-01 6.610771019755861122e-01
5.946949124336242676e-01 6.651162932481764489e-01 6.011270880699157715e-01 6.610149475931499374e-01
5.925925970077514648e-01 6.643704131797507628e-01 6.010227799415588379e-01 6.608965431964614057e-01
5.945607423782348633e-01 6.637473851522321944e-01 6.005009412765502930e-01 6.609408561209502153e-01
5.876274704933166504e-01 6.654943184256233435e-01 5.991442203521728516e-01 6.608676766458470020e-01
5.944265723228454590e-01 6.633002115481866356e-01 5.990398526191711426e-01 6.607689638024355494e-01
5.941134095191955566e-01 6.646854120389488196e-01 6.003965735435485840e-01 6.606719267191655254e-01
5.960368514060974121e-01 6.636631977773561619e-01 6.008140444755554199e-01 6.606183726736309936e-01
