5.384237170219421387e-01 6.906509100804283374e-01 5.814026594161987305e-01 6.744813550068475827e-01
5.750133991241455078e-01 6.745094205936862375e-01 5.843247771263122559e-01 6.687226114081977757e-01
5.796206593513488770e-01 6.718562252300970261e-01 5.864120125770568848e-01 6.664611682889854949e-01
5.828860402107238770e-01 6.679561551514326956e-01 5.898559689521789551e-01 6.632381032812547650e-01
5.899534821510314941e-01 6.654752880777436985e-01 5.886036157608032227e-01 6.620249064972395514e-01
5.924136638641357422e-01 6.624722086822310008e-01 5.984137058258056641e-01 6.598165785437758446e-01
5.969314575195312500e-01 6.620908268429251953e-01 6.021707653999328613e-01 6.586173974106640516e-01
5.980944633483886719e-01 6.593335031567244542e-01 5.990398526191711426e-01 6.595998976703875138e-01
6.007783412933349609e-01 6.587173569221619340e-01 6.003965735435485840e-01 6.600093267526787599e-01
6.032385230064392090e-01 6.573202512647752238e-01 6.033187508583068848e-01 6.555523014322398589e-01
6.014045476913452148e-01 6.567711558937493477e-01 6.104153394699096680e-01 6.542357464867776251e-01
6.042225956916809082e-01 6.561469696122219641e-01 6.092673540115356445e-01 6.535094427405556683e-01
6.046251654624938965e-01 6.545985242957440553e-01 6.051972508430480957e-01 6.526735793247872008e-01
6.046698689460754395e-01 6.542172561841054224e-01 6.104153394699096680e-01 6.524466471491913167e-01
6.089193224906921387e-01 6.523067035216896237e-01 6.111459136009216309e-01 6.530400552423183402e-01
6.078904867172241211e-01 6.510174806716511053e-01 6.138592958450317383e-01 6.514230703566075142e-01
6.105296015739440918e-01 6.512519662080329397e-01 6.150072813034057617e-01 6.484789358900225897e-01
6.116031408309936523e-01 6.494674214972944171e-01 6.110415458679199219e-01 6.486125465749176255e-01
6.120951771736145020e-01 6.497435230414498886e-01 6.143811345100402832e-01 6.475401824661745076e-01
6.126766800880432129e-01 6.479231913777834251e-01 6.211646795272827148e-01 6.471562937813346572e-01
6.187600493431091309e-01 6.455441210602238522e-01 6.136506199836730957e-01 6.455959469310128540e-01
6.152263283729553223e-01 6.467400090833921311e-01 6.197035908699035645e-01 6.461758997016847639e-01
6.189389824867248535e-01 6.442741932436399921e-01 6.199123263359069824e-01 6.445825627193001450e-01
6.175075769424438477e-01 6.444654404253199464e-01 6.211646795272827148e-01 6.428245234479488257e-01
6.201466917991638184e-01 6.435996401201187211e-01 6.189730763435363770e-01 6.420074783295137699e-01
6.215333938598632812e-01 6.419987906324434723e-01 6.212690472602844238e-01 6.418984244721240850e-01
6.233226060867309570e-01 6.407814221041725489e-01 6.246086359024047852e-01 6.423416883904160546e-01
6.214886307716369629e-01 6.402857625158128174e-01 6.263828277587890625e-01 6.388704218786809275e-01
6.237251758575439453e-01 6.399044298298095512e-01 6.184512376785278320e-01 6.392368812497337682e-01
6.209965944290161133e-01 6.398291513390438334e-01 6.226257681846618652e-01 6.376456024875175599e-01
6.230542063713073730e-01 6.383645355242867359e-01 6.262784600257873535e-01 6.374712269407203369e-01
6.275720000267028809e-01 6.366737836971545494e-01 6.236693859100341797e-01 6.352465425073117178e-01
6.246645450592041016e-01 6.370188757566587201e-01 6.238781213760375977e-01 6.352427196238936702e-01
6.276167631149291992e-01 6.351926705026310627e-01 6.264871358871459961e-01 6.327372889283852109e-01
6.273483633995056152e-01 6.348386056458593663e-01 6.255478858947753906e-01 6.375403950020804844e-01
6.260958909988403320e-01 6.333498627262009739e-01 6.301398277282714844e-01 6.340878766704217684e-01
6.283771991729736328e-01 6.344576428840488225e-01 6.235650181770324707e-01 6.331763982125897527e-01
6.303453445434570312e-01 6.326030840769631958e-01 6.313921809196472168e-01 6.302697464086596257e-01
6.304795145988464355e-01 6.327789793459881462e-01 6.328532695770263672e-01 6.310797357230762961e-01
6.286008358001708984e-01 6.322040855724582187e-01 6.346274018287658691e-01 6.295525690778216443e-01
6.343711018562316895e-01 6.305264260457910108e-01 6.292005777359008789e-01 6.284059433667352756e-01
6.321345567703247070e-01 6.308684026454851601e-01 6.320183873176574707e-01 6.276410227776370032e-01
6.341921687126159668e-01 6.277214166388185301e-01 6.349405050277709961e-01 6.254404694296029632e-01
6.320897936820983887e-01 6.302200269242650421e-01 6.366103291511535645e-01 6.255217434916559016e-01
6.351762413978576660e-01 6.267863663583647105e-01 6.334794163703918457e-01 6.257774325010299066e-01
6.350420713424682617e-01 6.260594852944566524e-01 6.392193436622619629e-01 6.228097138910446695e-01
6.375469565391540527e-01 6.262324904154144001e-01 6.420371532440185547e-01 6.222044696043488310e-01
6.368312835693359375e-01 6.264290552187059546e-01 6.452723741531372070e-01 6.220104442934630828e-01
6.353551745414733887e-01 6.268690603004198891e-01 6.378626823425292969e-01 6.216674537132189649e-01
6.393809318542480469e-01 6.226416886503356451e-01 6.377583146095275879e-01 6.210145222769976048e-01
6.386652588844299316e-01 6.231900599992943324e-01 6.401586532592773438e-01 6.203356590133647375e-01
6.393809318542480469e-01 6.236278584933830915e-01 6.392193436622619629e-01 6.205854273817779099e-01
6.401860713958740234e-01 6.212535919966520881e-01 6.479858160018920898e-01 6.185719006943867226e-01
6.389335989952087402e-01 6.215001230249252995e-01 6.427676677703857422e-01 6.179464659718724162e-01
6.408123373985290527e-01 6.207455875600977890e-01 6.393237113952636719e-01 6.192367837265323471e-01
6.462247371673583984e-01 6.192029990478457036e-01 6.467334628105163574e-01 6.166719466205231592e-01
6.425120830535888672e-01 6.202391615321756202e-01 6.421415209770202637e-01 6.162285732590960796e-01
6.368759870529174805e-01 6.194504301606446051e-01 6.426633000373840332e-01 6.157290639919120734e-01
6.419752836227416992e-01 6.174325041724864072e-01 6.463159918785095215e-01 6.145770920017172845e-01
6.417069435119628906e-01 6.178320690544245597e-01 6.467334628105163574e-01 6.129270094318346462e-01
6.422436833381652832e-01 6.172760899494790232e-01 6.478814482688903809e-01 6.121563708401502879e-01
6.392019987106323242e-01 6.181727731285463490e-01 6.455854773521423340e-01 6.116699875582983781e-01
6.472982764244079590e-01 6.133228527196384894e-01 6.449592709541320801e-01 6.132401713646172814e-01
6.459116339683532715e-01 6.146552241281525442e-01 6.486119627952575684e-01 6.109791346916050303e-01
6.480139493942260742e-01 6.145172214802400168e-01 6.510123014450073242e-01 6.111996608670233755e-01
6.484165191650390625e-01 6.142562586626867382e-01 6.478814482688903809e-01 6.107221508145556088e-01
6.462694406509399414e-01 6.134061518690627768e-01 6.457942128181457520e-01 6.103567922073026564e-01
6.480139493942260742e-01 6.121534516717949126e-01 6.445418596267700195e-01 6.127128903762802947e-01
6.483270525932312012e-01 6.131465420097587105e-01 6.518472433090209961e-01 6.105341502754754179e-01
6.510109305381774902e-01 6.111211928384507885e-01 6.511166691780090332e-01 6.071143695243687022e-01
6.487296223640441895e-01 6.122591446030010154e-01 6.421415209770202637e-01 6.096894365465732601e-01
6.480139493942260742e-01 6.102226455025221430e-01 6.494469046592712402e-01 6.084487489209844391e-01
6.512345671653747559e-01 6.113574739794203072e-01 6.516385078430175781e-01 6.075933404318153430e-01
6.518160700798034668e-01 6.088923108046629951e-01 6.527864933013916016e-01 6.060013945977041905e-01
6.515924334526062012e-01 6.087712474683248942e-01 6.516385078430175781e-01 6.059872755872957040e-01
6.541867852210998535e-01 6.085784078326884616e-01 6.521602869033813477e-01 6.041086514293214638e-01
6.560654640197753906e-01 6.062934181732447803e-01 6.528908610343933105e-01 6.032320241096048585e-01
6.553497910499572754e-01 6.091514640682860193e-01 6.539344787597656250e-01 6.037810706589670229e-01
6.503846645355224609e-01 6.079436853184088108e-01 6.539344787597656250e-01 6.015109969837584281e-01
6.544998884201049805e-01 6.059973598550355556e-01 6.587351560592651367e-01 6.037789864496307946e-01
6.548130512237548828e-01 6.052259564357060917e-01 6.579002141952514648e-01 6.030217327645616132e-01
6.577205061912536621e-01 6.015068485007812882e-01 6.525777578353881836e-01 6.045051795210626411e-01
6.543210148811340332e-01 6.061952589961235871e-01 6.553955078125000000e-01 6.012960624729658532e-01
6.591966152191162109e-01 6.028286334354477916e-01 6.525777578353881836e-01 6.032801591337312308e-01
6.594650149345397949e-01 6.012800605699358814e-01 6.542475223541259766e-01 6.013609786368043775e-01
6.603596210479736328e-01 6.022043643856884731e-01 6.534126400947570801e-01 6.022902670893930388e-01
6.563786268234252930e-01 6.029304737992695618e-01 6.583176851272583008e-01 6.007952264021593214e-01
6.606727242469787598e-01 6.023256135212967655e-01 6.619703769683837891e-01 5.994105180179218895e-01
6.600912213325500488e-01 5.990418041087280931e-01 6.655187010765075684e-01 5.974915643694803657e-01
6.612095236778259277e-01 5.988117284202302271e-01 6.594656705856323242e-01 5.963206567388067425e-01
6.601359844207763672e-01 6.018133787226647158e-01 6.612398028373718262e-01 5.953915311881630146e-01
6.639828085899353027e-01 5.973801193200618531e-01 6.642663478851318359e-01 5.967166403394431606e-01
6.608516573905944824e-01 5.995322363196171622e-01 6.612398028373718262e-01 5.991529094055684235e-01
6.611647605895996094e-01 5.981309604593585405e-01 6.613441705703735352e-01 5.954846371516532288e-01
6.632223725318908691e-01 5.988268765423757634e-01 6.606136560440063477e-01 5.946834346517047010e-01
6.636250019073486328e-01 5.979131356529567842e-01 6.617616415023803711e-01 5.954987973540840640e-01
6.639828085899353027e-01 5.972924053103749742e-01 6.603005528450012207e-01 5.950552716655289620e-01
6.644301414489746094e-01 5.962336457549918256e-01 6.619703769683837891e-01 5.984103230538285745e-01
6.624619960784912109e-01 5.966656796832826570e-01 6.616572737693786621e-01 5.929008853308618265e-01
6.639381051063537598e-01 5.965445898453266560e-01 6.678146719932556152e-01 5.923169156351011377e-01
