5.625335574150085449e-01 6.844484843706952759e-01 5.767063498497009277e-01 6.725677096428190893e-01
5.757291316986083984e-01 6.742349125912799890e-01 5.928825139999389648e-01 6.656643114043188092e-01
5.874485373497009277e-01 6.669464470299737435e-01 5.725318193435668945e-01 6.718962152599915472e-01
5.851225852966308594e-01 6.666665779369038702e-01 5.935086607933044434e-01 6.673586748507743804e-01
5.970656871795654297e-01 6.613918089721598781e-01 5.997704267501831055e-01 6.583339157171175238e-01
5.987207293510437012e-01 6.590115330176183894e-01 6.048841476440429688e-01 6.569913986878265222e-01
6.028806567192077637e-01 6.576133544233024875e-01 6.048841476440429688e-01 6.600683850277642151e-01
6.030148267745971680e-01 6.557537469780281292e-01 6.135462522506713867e-01 6.535062862447795773e-01
6.134371161460876465e-01 6.511775333481667483e-01 6.173032522201538086e-01 6.530848827747233187e-01
6.110216379165649414e-01 6.500856615516319437e-01 6.121895313262939453e-01 6.494280825425627901e-01
6.134818196296691895e-01 6.479775623849475252e-01 6.128156781196594238e-01 6.499247316452237966e-01
6.149132251739501953e-01 6.473033213193097879e-01 6.142767667770385742e-01 6.512382729047028196e-01
6.136160492897033691e-01 6.472436054423917895e-01 6.218951940536499023e-01 6.419494276851931414e-01
6.209965944290161133e-01 6.416111602981992013e-01 6.265915036201477051e-01 6.379425029022114391e-01
6.176865100860595703e-01 6.450441663114643287e-01 6.239824891090393066e-01 6.374803221666148767e-01
6.236357092857360840e-01 6.403991121003571596e-01 6.263828277587890625e-01 6.371022494693708849e-01
6.252907514572143555e-01 6.378400260080995254e-01 6.192861795425415039e-01 6.404061753250716027e-01
6.244856119155883789e-01 6.369722812093420172e-01 6.246086359024047852e-01 6.367476170233709043e-01
6.243066787719726562e-01 6.352755380649433015e-01 6.276351213455200195e-01 6.376225075849135671e-01
6.307031512260437012e-01 6.327978132086333751e-01 6.235650181770324707e-01 6.338881857333962255e-01
6.314635872840881348e-01 6.315949219649753532e-01 6.266958713531494141e-01 6.352583537567535465e-01
6.308373808860778809e-01 6.307418672529566672e-01 6.300354599952697754e-01 6.287535905987303719e-01
6.328949928283691406e-01 6.292466148960715877e-01 6.368190646171569824e-01 6.237434304922514494e-01
6.384863257408142090e-01 6.260126041883986581e-01 6.249217391014099121e-01 6.400804825576554835e-01
6.374127864837646484e-01 6.268099878742520170e-01 6.414110064506530762e-01 6.258012627142004458e-01
6.391125321388244629e-01 6.241779253593304766e-01 6.279482245445251465e-01 6.331001311148712896e-01
6.367418169975280762e-01 6.231214714020432144e-01 6.284700632095336914e-01 6.286620892082019907e-01
6.359366774559020996e-01 6.238473662538335240e-01 6.388019323348999023e-01 6.250060606888604431e-01
6.419305801391601562e-01 6.205449591362960371e-01 6.332707405090332031e-01 6.252496076560771776e-01
6.436750888824462891e-01 6.198125124446904888e-01 6.414110064506530762e-01 6.212876909736102515e-01
6.401413679122924805e-01 6.213455487927164178e-01 6.393237113952636719e-01 6.168468175663924802e-01
6.447486281394958496e-01 6.159808791202047162e-01 6.455854773521423340e-01 6.159571011114707284e-01
6.443907618522644043e-01 6.155966900077098902e-01 6.374452114105224609e-01 6.236802176826061750e-01
6.466273069381713867e-01 6.154850641801076216e-01 6.428720355033874512e-01 6.134455161213103747e-01
6.527554392814636230e-01 6.081389216067945025e-01 6.485075950622558594e-01 6.134406199686165406e-01
6.481481194496154785e-01 6.118920644977520196e-01 6.491338014602661133e-01 6.106131544095244612e-01
6.532474756240844727e-01 6.058342622652700404e-01 6.463159918785095215e-01 6.098503160640905696e-01
6.520844697952270508e-01 6.096933411237996925e-01 6.517428755760192871e-01 6.096433680905003483e-01
6.564233303070068359e-01 6.057780371793247687e-01 6.540388464927673340e-01 6.077364031493701635e-01
6.523975729942321777e-01 6.080950150807186150e-01 6.575871706008911133e-01 6.052589091048362624e-01
6.524422764778137207e-01 6.075531158640935514e-01 6.547693610191345215e-01 6.027191015828553544e-01
6.554392576217651367e-01 6.005849228133069984e-01 6.544562578201293945e-01 6.066808955850045981e-01
6.630882024765014648e-01 5.981611025250220814e-01 6.398455500602722168e-01 6.194427817332125441e-01
6.576310396194458008e-01 6.010087169886787484e-01 6.545606255531311035e-01 6.035091619704566757e-01
6.579442024230957031e-01 5.995359868477743159e-01 6.571696996688842773e-01 6.080311387621816221e-01
6.560207605361938477e-01 5.991929577339268898e-01 6.477770805358886719e-01 6.027899566634267181e-01
6.634907722473144531e-01 5.948120456920110710e-01 6.619703769683837891e-01 6.009006111837333908e-01
6.628645658493041992e-01 5.966326034779325660e-01 6.608223915100097656e-01 5.963353883794642041e-01
6.618357300758361816e-01 5.916735141280299315e-01 6.545606255531311035e-01 5.980542907882050452e-01
6.636250019073486328e-01 5.939871903544228227e-01 6.593613028526306152e-01 5.940128166101790175e-01
6.659957170486450195e-01 5.903911436152258219e-01 6.593613028526306152e-01 5.998867987168156057e-01
6.635355353355407715e-01 5.939195823063682100e-01 6.597787737846374512e-01 5.946457423339729376e-01
6.652352809906005859e-01 5.910331178893127868e-01 6.614485383033752441e-01 5.941162753692377230e-01
6.691268682479858398e-01 5.875141924684729178e-01 6.454811096191406250e-01 6.042375245713361709e-01
6.654142141342163086e-01 5.916099996041219722e-01 6.624921560287475586e-01 5.917050995350978670e-01
6.659509539604187012e-01 5.864257791277376342e-01 6.630139946937561035e-01 5.912596755922524538e-01
6.681427955627441406e-01 5.871522129595141415e-01 6.389063000679016113e-01 6.114435154867680078e-01
6.677402257919311523e-01 5.840757116155476103e-01 6.629096269607543945e-01 5.921818534010662161e-01
6.719896197319030762e-01 5.833268858363065412e-01 6.730327606201171875e-01 5.841408930275689970e-01
6.735104918479919434e-01 5.789545874920699609e-01 6.654143333435058594e-01 5.930537366712796965e-01
6.760601401329040527e-01 5.790139620153522682e-01 6.664579510688781738e-01 5.873615989304862284e-01
6.737788319587707520e-01 5.791358455367709990e-01 6.613441705703735352e-01 5.920849119141414763e-01
6.760601401329040527e-01 5.771130013069156739e-01 6.717804074287414551e-01 5.824326055081247011e-01
6.750760674476623535e-01 5.778958382707179986e-01 6.645793914794921875e-01 5.873236024561367952e-01
6.779388189315795898e-01 5.753031603060162480e-01 6.703193783760070801e-01 5.842238269626559566e-01
6.783860921859741211e-01 5.733888486797170669e-01 6.579002141952514648e-01 5.919403452212366190e-01
6.778493523597717285e-01 5.746917110219754710e-01 6.766854524612426758e-01 5.804140351182407453e-01
6.792359948158264160e-01 5.711615991989131835e-01 6.665623188018798828e-01 5.897326561235679554e-01
6.720343828201293945e-01 5.777954502808725357e-01 6.658317446708679199e-01 5.842260338896327898e-01
6.790123581886291504e-01 5.715961964788622840e-01 6.601961851119995117e-01 5.882336290289230663e-01
6.785203218460083008e-01 5.734981524323623514e-01 6.693800687789916992e-01 5.814418985683916796e-01
6.764627099037170410e-01 5.751445258873096877e-01 6.763723492622375488e-01 5.772012284418606143e-01
6.834853887557983398e-01 5.664192390028106594e-01 6.776247024536132812e-01 5.781848279351458064e-01
6.798174977302551270e-01 5.683910213017595581e-01 6.693800687789916992e-01 5.829250760029661693e-01
6.843352913856506348e-01 5.662648169122840303e-01 6.703193783760070801e-01 5.824098905151509076e-01
6.769994497299194336e-01 5.721245449543596040e-01 6.669797301292419434e-01 5.843777408980049826e-01
6.854088306427001953e-01 5.632673971852200090e-01 6.777290701866149902e-01 5.785368833853391513e-01
6.823224425315856934e-01 5.657260675169227815e-01 6.761636137962341309e-01 5.741754243777456024e-01
6.864823698997497559e-01 5.586383396066094686e-01 6.781465411186218262e-01 5.759170541457755421e-01
6.787439584732055664e-01 5.691582205193609356e-01 6.701106429100036621e-01 5.799137913615936002e-01
6.866165399551391602e-01 5.636449714192424132e-01 6.806512475013732910e-01 5.750905235284954342e-01
6.879137754440307617e-01 5.583947365325344636e-01 6.765810847282409668e-01 5.753738828900710756e-01
6.882715821266174316e-01 5.615668955461819989e-01 6.676059365272521973e-01 5.889637402442122749e-01
6.876453757286071777e-01 5.616694770168161321e-01 6.769985556602478027e-01 5.783170530701997603e-01
6.859008669853210449e-01 5.597946453785550558e-01 6.677103042602539062e-01 5.868821611510913749e-01
6.871980428695678711e-01 5.594150589412089092e-01 6.777290701866149902e-01 5.709109715643070349e-01
6.914921998977661133e-01 5.573509584323816934e-01 6.779378056526184082e-01 5.690001288253563327e-01
6.861692667007446289e-01 5.601991243963059253e-01 6.742851138114929199e-01 5.771269875039538588e-01
6.859456300735473633e-01 5.577124292595823096e-01 6.690670251846313477e-01 5.761814614821266778e-01
6.871980428695678711e-01 5.576782072778463384e-01 6.730327606201171875e-01 5.695535722218781904e-01
6.940866112709045410e-01 5.506360478063327957e-01 6.764767169952392578e-01 5.849335981395692441e-01
6.895688176155090332e-01 5.528173189637570761e-01 6.862868070602416992e-01 5.653930522907355538e-01
6.963678598403930664e-01 5.490004035393780679e-01 6.821122765541076660e-01 5.662744513659755397e-01
6.926105022430419922e-01 5.507193557007578066e-01 6.729283928871154785e-01 5.759014795304737699e-01
6.928341388702392578e-01 5.528320256659970955e-01 6.849300861358642578e-01 5.659645085940901987e-01
6.920737028121948242e-01 5.529808933053637077e-01 6.832602620124816895e-01 5.618888398496723058e-01
6.970388293266296387e-01 5.476954040042742999e-01 6.786683201789855957e-01 5.678331354818422216e-01
6.924762725830078125e-01 5.541523017467806511e-01 6.863911747932434082e-01 5.670124913550846912e-01
6.935051083564758301e-01 5.515825588367432308e-01 6.711542606353759766e-01 5.788796996179539356e-01
6.959652900695800781e-01 5.511081396818886535e-01 6.798163056373596191e-01 5.697530227373298617e-01
