5.604759454727172852e-01 6.845681539458907672e-01 5.692965984344482422e-01 6.787177627978905337e-01
5.744766592979431152e-01 6.735573707677998678e-01 5.831767916679382324e-01 6.687259792510215073e-01
5.849436521530151367e-01 6.697121830442165358e-01 5.889167189598083496e-01 6.666504541410829265e-01
5.907139182090759277e-01 6.669680421265790082e-01 5.990398526191711426e-01 6.644123114989162193e-01
5.932635664939880371e-01 6.665611948560017375e-01 5.939261317253112793e-01 6.615068519247322421e-01
5.901771187782287598e-01 6.671729130701422594e-01 5.968482494354248047e-01 6.635799685765646494e-01
6.005099415779113770e-01 6.635929934559151588e-01 5.995616912841796875e-01 6.653357759768120383e-01
5.967972874641418457e-01 6.618566167527351052e-01 6.058233976364135742e-01 6.643867749208399731e-01
6.052961349487304688e-01 6.620335628615655610e-01 5.864120125770568848e-01 6.692851987120951307e-01
5.986312627792358398e-01 6.615838801142013281e-01 6.001878380775451660e-01 6.608178450105285373e-01
6.040883660316467285e-01 6.582133575679365300e-01 6.133375167846679688e-01 6.571323137595842523e-01
6.054750680923461914e-01 6.588327836469922705e-01 5.847422480583190918e-01 6.703760364040206587e-01
5.988996028900146484e-01 6.591254846101414211e-01 6.047797799110412598e-01 6.583944089202188321e-01
6.065038442611694336e-01 6.568252314052079877e-01 6.145898699760437012e-01 6.568135324810372433e-01
6.092771291732788086e-01 6.571625435068646492e-01 5.959089994430541992e-01 6.640085215683995123e-01
6.082035899162292480e-01 6.552079453261855368e-01 6.018576622009277344e-01 6.553742123953959497e-01
6.054303050041198730e-01 6.550542549575926188e-01 6.006053090095520020e-01 6.552580869588491286e-01
6.010914444923400879e-01 6.578048116876265006e-01 6.110415458679199219e-01 6.556645310440135654e-01
6.084719896316528320e-01 6.541543448412859840e-01 6.094760894775390625e-01 6.535661157848092762e-01
6.065933108329772949e-01 6.558253212998049753e-01 6.030056476593017578e-01 6.567801201649583476e-01
6.100375652313232422e-01 6.514250772181511273e-01 6.032143831253051758e-01 6.565859261795216062e-01
6.108427047729492188e-01 6.502829385285813224e-01 6.072844862937927246e-01 6.523830842508997474e-01
6.133476495742797852e-01 6.504393565162048807e-01 6.104153394699096680e-01 6.522441447788875912e-01
6.070853471755981445e-01 6.512058089640725411e-01 6.132331490516662598e-01 6.507966433430335540e-01
6.117373704910278320e-01 6.484249323462518699e-01 6.088499426841735840e-01 6.544005424686225592e-01
6.105743646621704102e-01 6.489662436748749874e-01 6.127113103866577148e-01 6.455407105813915081e-01
6.151368618011474609e-01 6.465539183806895407e-01 6.061365008354187012e-01 6.556287696629768957e-01
6.154052615165710449e-01 6.462063722926999487e-01 6.013358235359191895e-01 6.510365133841882201e-01
6.171050071716308594e-01 6.434568391223354222e-01 6.090586781501770020e-01 6.477955347733764802e-01
6.194310188293457031e-01 6.430212250121016826e-01 6.061365008354187012e-01 6.615727484985125528e-01
6.148237586021423340e-01 6.450407866033294191e-01 6.170945763587951660e-01 6.499152845765076014e-01
6.181338429450988770e-01 6.421048977354127940e-01 6.069713830947875977e-01 6.439353090515964606e-01
6.175523400306701660e-01 6.436555555690527397e-01 6.112502813339233398e-01 6.507387902114117884e-01
6.171050071716308594e-01 6.406301228427186967e-01 6.137549281120300293e-01 6.468579409715153883e-01
6.206834912300109863e-01 6.424944330507409429e-01 6.174076199531555176e-01 6.419384220377484240e-01
6.224727034568786621e-01 6.369189626416786876e-01 6.250261068344116211e-01 6.356022996784027601e-01
6.229647397994995117e-01 6.356983621744547452e-01 6.263828277587890625e-01 6.374106372455246028e-01
6.234120726585388184e-01 6.374669129295198466e-01 6.121895313262939453e-01 6.485039793830453814e-01
6.261406540870666504e-01 6.339207542115363747e-01 6.203297972679138184e-01 6.356960850178984268e-01
6.284219026565551758e-01 6.322986953777668395e-01 6.240868568420410156e-01 6.345624804521646789e-01
6.269010305404663086e-01 6.334732986985304182e-01 6.258609890937805176e-01 6.365168590407310756e-01
6.230095028877258301e-01 6.330270073157471256e-01 6.141723990440368652e-01 6.383030876638595696e-01
6.303453445434570312e-01 6.284871596538396110e-01 6.217908859252929688e-01 6.371480608951868296e-01
6.281087994575500488e-01 6.276191202978644856e-01 6.259653568267822266e-01 6.315519948688436136e-01
6.311504840850830078e-01 6.273370705322324214e-01 6.268002390861511230e-01 6.255776086572166772e-01
6.327607631683349609e-01 6.241023596272866625e-01 6.373408436775207520e-01 6.241211365792528332e-01
6.287797689437866211e-01 6.258524207634583725e-01 6.329576373100280762e-01 6.349096140341976557e-01
6.332080960273742676e-01 6.240342155960084680e-01 6.310790777206420898e-01 6.274140598479851505e-01
6.352657079696655273e-01 6.198242186945438492e-01 6.353579759597778320e-01 6.237873588790726620e-01
6.352657079696655273e-01 6.183554975605539683e-01 6.332707405090332031e-01 6.250718908279082608e-01
6.332527995109558105e-01 6.222806899785184864e-01 6.346274018287658691e-01 6.298825555692707523e-01
6.370102167129516602e-01 6.176416336114344263e-01 6.260697245597839355e-01 6.276019950471375397e-01
6.399176716804504395e-01 6.163406337090310272e-01 6.455854773521423340e-01 6.208883584404111255e-01
6.406781077384948730e-01 6.131512667949776674e-01 6.392193436622619629e-01 6.178137392297067265e-01
6.434513926506042480e-01 6.134502756870758855e-01 6.395324468612670898e-01 6.212690151252818760e-01
6.425120830535888672e-01 6.121488609090434130e-01 6.288874745368957520e-01 6.264846783743300840e-01
6.425567865371704102e-01 6.129352395874504422e-01 6.378626823425292969e-01 6.160116853307916474e-01
6.453748345375061035e-01 6.075438190112282255e-01 6.368190646171569824e-01 6.208314139219446304e-01
6.365628838539123535e-01 6.168167957425181314e-01 6.392193436622619629e-01 6.255062025167130724e-01
6.424673199653625488e-01 6.115678219382292280e-01 6.377583146095275879e-01 6.249858808776228569e-01
6.421989798545837402e-01 6.084323598161582858e-01 6.444374918937683105e-01 6.203430541445980051e-01
6.443460583686828613e-01 6.102432884925123036e-01 6.414110064506530762e-01 6.120126479554340859e-01
6.483718156814575195e-01 6.045572776597351039e-01 6.325401663780212402e-01 6.189514398948058327e-01
6.502504944801330566e-01 6.022294783105917038e-01 6.472552418708801270e-01 6.172799133005383299e-01
6.480139493942260742e-01 6.015509454225849151e-01 6.398455500602722168e-01 6.145115706597656935e-01
6.497584581375122070e-01 6.013913946664488641e-01 6.284700632095336914e-01 6.255784080511740397e-01
6.514582037925720215e-01 6.033828507426983734e-01 6.397411823272705078e-01 6.125983787065656383e-01
6.524870395660400391e-01 6.000562829799825915e-01 6.512210369110107422e-01 6.075806630302187372e-01
6.553497910499572754e-01 5.957154685257798343e-01 6.382800936698913574e-01 6.227486897326043325e-01
6.520844697952270508e-01 6.042600771697865802e-01 6.422458887100219727e-01 6.157506212539251012e-01
6.479244828224182129e-01 6.004269263104049514e-01 6.417240500450134277e-01 6.133122537708859401e-01
6.479244828224182129e-01 6.063268575627382972e-01 6.392193436622619629e-01 6.114731047328143543e-01
6.557523608207702637e-01 5.958085398295203117e-01 6.540388464927673340e-01 6.115804611703493654e-01
6.524870395660400391e-01 6.003070138801421818e-01 6.468378305435180664e-01 6.053483477342455066e-01
6.511003971099853516e-01 5.985005938061919162e-01 6.526821255683898926e-01 6.061044851665182698e-01
6.522634029388427734e-01 5.989968098858683421e-01 6.472552418708801270e-01 6.084687056657890336e-01
6.574074029922485352e-01 5.931472175021913484e-01 6.550824642181396484e-01 6.065123336620207306e-01
6.494900584220886230e-01 6.016977234867012525e-01 6.468378305435180664e-01 6.092964137827172610e-01
6.544104218482971191e-01 5.948102535854236095e-01 6.432895064353942871e-01 6.175531214723206652e-01
6.499373912811279297e-01 5.965753772067221572e-01 6.463159918785095215e-01 6.130281540352724434e-01
6.571837663650512695e-01 5.922863063135691553e-01 6.537257432937622070e-01 6.093096960762850456e-01
6.595991849899291992e-01 5.917891579954925874e-01 6.551868319511413574e-01 6.077209211819059043e-01
6.618357300758361816e-01 5.906044639357729276e-01 6.416196823120117188e-01 6.083027884672042029e-01
6.596886515617370605e-01 5.888244452747809499e-01 6.567522287368774414e-01 6.032220039728961591e-01
6.584809422492980957e-01 5.920337078545298004e-01 6.473596096038818359e-01 6.100554100732120677e-01
6.512345671653747559e-01 5.994040887435575504e-01 6.606136560440063477e-01 6.025854305468578698e-01
6.623725295066833496e-01 5.876396714222624773e-01 6.394280791282653809e-01 6.181329077704916797e-01
6.581230759620666504e-01 5.922690782676679477e-01 6.450636386871337891e-01 6.116002532714743811e-01
6.614331603050231934e-01 5.888003163248978211e-01 6.454811096191406250e-01 6.180781208754730915e-01
6.637144684791564941e-01 5.864189587097556888e-01 6.583176851272583008e-01 6.006506486367990671e-01
6.670244932174682617e-01 5.844115576924951982e-01 6.604049205780029297e-01 5.951378218218469351e-01
6.690374016761779785e-01 5.806985252294712962e-01 6.569609642028808594e-01 5.983739224686500657e-01
6.615226268768310547e-01 5.877996850768788528e-01 6.514297723770141602e-01 6.029335859796742803e-01
6.667113900184631348e-01 5.828521759635030275e-01 6.489250659942626953e-01 6.009646486051642977e-01
6.649668812751770020e-01 5.871867158370701612e-01 6.515341401100158691e-01 6.056831929684183269e-01
6.662193536758422852e-01 5.844739991514984467e-01 6.522646546363830566e-01 6.103966908175222361e-01
6.675612926483154297e-01 5.829712604448308300e-01 6.520559191703796387e-01 6.070773063336003528e-01
6.569601297378540039e-01 5.888218558800840663e-01 6.580045819282531738e-01 6.036607644249915028e-01
6.692610383033752441e-01 5.809173907549399773e-01 6.509079337120056152e-01 6.049189115834618935e-01
6.727052927017211914e-01 5.778203480549544135e-01 6.573784351348876953e-01 6.011900005672002889e-01
