5.063517689704895020e-01 7.023245719981163759e-01 5.166980028152465820e-01 6.928488685327839347e-01
5.020129084587097168e-01 7.026108848769201387e-01 5.164892673492431641e-01 6.928074443372648217e-01
5.012077093124389648e-01 7.041646762255970859e-01 5.152369141578674316e-01 6.927706301274515477e-01
5.044283270835876465e-01 7.036704479485595964e-01 5.153412818908691406e-01 6.927301513454506843e-01
5.034890174865722656e-01 7.028041904397931416e-01 5.150281786918640137e-01 6.926900638565591795e-01
5.021470785140991211e-01 7.037111333602867891e-01 5.148194432258605957e-01 6.926576576410069519e-01
5.034442543983459473e-01 7.033352616605829111e-01 5.137758255004882812e-01 6.926251468094125618e-01
5.069779753684997559e-01 7.025025472335556520e-01 5.142976641654968262e-01 6.925904410563687996e-01
5.074700117111206055e-01 7.020821200114154559e-01 5.153412818908691406e-01 6.925529698269572432e-01
5.039810538291931152e-01 7.029924135682492636e-01 5.153412818908691406e-01 6.925239342658859876e-01
5.004473328590393066e-01 7.033929381926812274e-01 5.156543254852294922e-01 6.924903336807423093e-01
5.095723867416381836e-01 7.014717793055138539e-01 5.083490014076232910e-01 6.924597401381086259e-01
5.025496482849121094e-01 7.041179835529740583e-01 5.104362368583679199e-01 6.924296985262745618e-01
5.051887631416320801e-01 7.023383430172791542e-01 5.099143981933593750e-01 6.924015756216708173e-01
5.032206177711486816e-01 7.033987180515657300e-01 5.107493400573730469e-01 6.923746484551641656e-01
5.008946061134338379e-01 7.030472681099623200e-01 5.109580755233764648e-01 6.923455637149734665e-01
5.008946061134338379e-01 7.026589808128753667e-01 5.133583545684814453e-01 6.923139777941933470e-01
5.055018663406372070e-01 7.033679720262953072e-01 5.133583545684814453e-01 6.922784560509500640e-01
5.057255029678344727e-01 7.021747879040094453e-01 5.135670900344848633e-01 6.922515224773484466e-01
5.030416846275329590e-01 7.036390822120164312e-01 5.136714577674865723e-01 6.922210666437135229e-01
5.061281323432922363e-01 7.012889290201491654e-01 5.145063400268554688e-01 6.921906137088225108e-01
5.083199143409729004e-01 7.005095732384833962e-01 5.134627223014831543e-01 6.921592221034142955e-01
5.057702660560607910e-01 7.017286778306850437e-01 5.137758255004882812e-01 6.921308139275718085e-01
5.023260116577148438e-01 7.026459438618659625e-01 5.137758255004882812e-01 6.920984886031488204e-01
5.100196599960327148e-01 7.020942990778596959e-01 5.160717964172363281e-01 6.920707614952824605e-01
5.032653212547302246e-01 7.011657291095144684e-01 5.168023109436035156e-01 6.920452566416570583e-01
5.051887631416320801e-01 7.017076409637320600e-01 5.163848996162414551e-01 6.920182316021091795e-01
4.984791576862335205e-01 7.030192815589870747e-01 5.185765027999877930e-01 6.919942573350497117e-01
5.020576119422912598e-01 7.020805228010318366e-01 5.192026495933532715e-01 6.919667631841805999e-01
5.075594782829284668e-01 7.005952969820006260e-01 5.202462673187255859e-01 6.919440775269930510e-01
5.016550421714782715e-01 7.034213264697906087e-01 5.216029882431030273e-01 6.919182359089908196e-01
5.089908838272094727e-01 7.011950392696635337e-01 5.210812091827392578e-01 6.918924858066985983e-01
5.074253082275390625e-01 7.019567610347691167e-01 5.211855769157409668e-01 6.918626466217431270e-01
5.020576119422912598e-01 7.019231153272477153e-01 5.207681059837341309e-01 6.918388025244599504e-01
5.085883140563964844e-01 7.010995548576420822e-01 5.201419591903686523e-01 6.918154639531913785e-01
5.044730901718139648e-01 7.026604129773684759e-01 5.206637382507324219e-01 6.917927874401103017e-01
5.054571628570556641e-01 7.013790361952495500e-01 5.208724737167358398e-01 6.917669950758731368e-01
5.026838183403015137e-01 7.029786721007899031e-01 5.229597091674804688e-01 6.917410047012986229e-01
5.050098299980163574e-01 7.011564550149801400e-01 5.235859155654907227e-01 6.917152768185630407e-01
5.057702660560607910e-01 7.020874082412931205e-01 5.234815478324890137e-01 6.916921661283794709e-01
5.049651265144348145e-01 7.028855794464503592e-01 5.238989591598510742e-01 6.916685016661341390e-01
5.063517689704895020e-01 7.013210015980325673e-01 5.231684446334838867e-01 6.916436983831887320e-01
5.050098299980163574e-01 7.022813171665535092e-01 5.233771800994873047e-01 6.916200854265224240e-01
5.084093809127807617e-01 7.010064096373167519e-01 5.266124010086059570e-01 6.915966926624271816e-01
5.119431018829345703e-01 7.001237631761274560e-01 5.262992978096008301e-01 6.915751245145732584e-01
5.083199143409729004e-01 7.022951819598515222e-01 5.253600478172302246e-01 6.915517481601056726e-01
5.077384114265441895e-01 7.009667593030645127e-01 5.261949300765991211e-01 6.915282394089298235e-01
5.076489448547363281e-01 7.001083677944204275e-01 5.265080332756042480e-01 6.915085835487702060e-01
5.016550421714782715e-01 7.023941503161500455e-01 5.256731510162353516e-01 6.914866586314738495e-01
5.010735392570495605e-01 7.024306767228720716e-01 5.258818864822387695e-01 6.914683837553226020e-01
5.034890174865722656e-01 7.019577435569230861e-01 5.261949300765991211e-01 6.914464629435435050e-01
5.015655755996704102e-01 7.017030638943718701e-01 5.262992978096008301e-01 6.914267202330341977e-01
5.074253082275390625e-01 7.014239663129886448e-01 5.260905623435974121e-01 6.914042420661964394e-01
5.118536353111267090e-01 6.995940491474470502e-01 5.266124010086059570e-01 6.913840348350804854e-01
5.092592835426330566e-01 7.012173955119302970e-01 5.270298719406127930e-01 6.913612272191510533e-01
5.105116963386535645e-01 7.004125902639516399e-01 5.272385478019714355e-01 6.913409608561468245e-01
5.084988474845886230e-01 7.012226175464186806e-01 5.271342396736145020e-01 6.913189627859991360e-01
5.061281323432922363e-01 7.012282726823974022e-01 5.271342396736145020e-01 6.912955204571147316e-01
5.149847865104675293e-01 6.990787347755015313e-01 5.251513123512268066e-01 6.912724280178210723e-01
5.059044361114501953e-01 7.004033370827664751e-01 5.242120623588562012e-01 6.912488587289283837e-01
5.033547878265380859e-01 7.021838077216524532e-01 5.235859155654907227e-01 6.912273032957366725e-01
5.097065567970275879e-01 7.002835742773321215e-01 5.237945914268493652e-01 6.912073434531328386e-01
5.078278779983520508e-01 7.016285566593415401e-01 5.237945914268493652e-01 6.911884192458972453e-01
5.048308968544006348e-01 7.018287682772151870e-01 5.241076946258544922e-01 6.911680340219504837e-01
5.033100843429565430e-01 7.016265552912869241e-01 5.237945914268493652e-01 6.911495920885731836e-01
5.031311511993408203e-01 7.020911094135195984e-01 5.230640769004821777e-01 6.911324715594413526e-01
5.079173445701599121e-01 7.014288884792713175e-01 5.222291946411132812e-01 6.911122578839075103e-01
5.076489448547363281e-01 7.014886975544342151e-01 5.226466059684753418e-01 6.910922935376757614e-01
5.012524724006652832e-01 7.022360512834474600e-01 5.227509737014770508e-01 6.910720171472568563e-01
5.062175989151000977e-01 7.000686243792343388e-01 5.225422382354736328e-01 6.910534733970536969e-01
5.060833692550659180e-01 7.013555952209674649e-01 5.227509737014770508e-01 6.910335318551036332e-01
5.042941570281982422e-01 7.022186941634693813e-01 5.233771800994873047e-01 6.910162584514414341e-01
5.055466294288635254e-01 7.002518686482082089e-01 5.233771800994873047e-01 6.909986747950906949e-01
5.133297443389892578e-01 6.991830874287094932e-01 5.229597091674804688e-01 6.909831737058691470e-01
5.136428475379943848e-01 6.991186679891960853e-01 5.231684446334838867e-01 6.909664972319630172e-01
5.048308968544006348e-01 7.004711402083236838e-01 5.236902236938476562e-01 6.909476412758401853e-01
5.111826658248901367e-01 6.995989121463350724e-01 5.242120623588562012e-01 6.909281215695591838e-01
5.059939026832580566e-01 7.008490935381249676e-01 5.238989591598510742e-01 6.909090878569837946e-01
5.138217806816101074e-01 6.996905945306771679e-01 5.254644155502319336e-01 6.908872849108704806e-01
5.145822167396545410e-01 6.997079328915624119e-01 5.244207978248596191e-01 6.908674698188493890e-01
5.066201686859130859e-01 7.000887181405240911e-01 5.249425768852233887e-01 6.908484151308135202e-01
5.110484957695007324e-01 6.998246206454885598e-01 5.258818864822387695e-01 6.908282897487808549e-01
5.083199143409729004e-01 6.998538343866730349e-01 5.259861946105957031e-01 6.908097073569523516e-01
5.172213315963745117e-01 6.976050705512151229e-01 5.264036655426025391e-01 6.907884627362925745e-01
5.079173445701599121e-01 7.006070831099697749e-01 5.261949300765991211e-01 6.907711411487879039e-01
5.072463750839233398e-01 7.013045845442966719e-01 5.264036655426025391e-01 6.907528603631801767e-01
5.156109929084777832e-01 6.977205105215220637e-01 5.268211364746093750e-01 6.907355291712535816e-01
5.045177936553955078e-01 7.011048215769509762e-01 5.265080332756042480e-01 6.907156386496851042e-01
5.116299986839294434e-01 6.995529988132407340e-01 5.261949300765991211e-01 6.906944345616766734e-01
5.104669928550720215e-01 7.000225180269119551e-01 5.253600478172302246e-01 6.906759786197771422e-01
5.109590291976928711e-01 6.999980633577478351e-01 5.253600478172302246e-01 6.906593973192236557e-01
5.116747021675109863e-01 7.001384786446974706e-01 5.256731510162353516e-01 6.906435294455860463e-01
5.111379623413085938e-01 6.987119601267269831e-01 5.255687832832336426e-01 6.906273367384534456e-01
5.136876106262207031e-01 6.990324294957434015e-01 5.265080332756042480e-01 6.906103008202982840e-01
5.094381570816040039e-01 6.997967857349578491e-01 5.267167687416076660e-01 6.905909899355499038e-01
5.023707151412963867e-01 7.022581323461384306e-01 5.268211364746093750e-01 6.905724425152631740e-01
5.094381570816040039e-01 7.006116233223516065e-01 5.274472832679748535e-01 6.905546231524627432e-01
5.125246047973632812e-01 6.987039088818953747e-01 5.279691219329833984e-01 6.905345355536289809e-01
5.114957690238952637e-01 6.988606413909330684e-01 5.284909009933471680e-01 6.905174560050232335e-01
5.136428475379943848e-01 6.994737221508295910e-01 5.293258428573608398e-01 6.904991297850253673e-01
