5.033547878265380859e-01 7.081959653698410850e-01 5.104362368583679199e-01 6.951406720634593084e-01
5.086777806282043457e-01 7.080152124982332928e-01 5.133583545684814453e-01 6.951144457709388380e-01
5.014314055442810059e-01 7.082796350193484303e-01 5.123147368431091309e-01 6.950945937790270479e-01
5.070227384567260742e-01 7.061547801541095959e-01 5.103318691253662109e-01 6.950669207769006874e-01
5.040257573127746582e-01 7.067643666463624408e-01 5.114798545837402344e-01 6.950363561097377962e-01
4.998658001422882080e-01 7.081021067387602841e-01 5.081402659416198730e-01 6.950062563364104440e-01
5.085435509681701660e-01 7.052899248528766707e-01 5.075140595436096191e-01 6.949763582061810885e-01
5.001341700553894043e-01 7.079650925958619334e-01 5.073053836822509766e-01 6.949471277574535977e-01
5.001341700553894043e-01 7.077244059368501539e-01 5.069922804832458496e-01 6.949215096413180470e-01
5.061281323432922363e-01 7.071565624041854514e-01 5.063660740852355957e-01 6.948938662486792150e-01
5.020576119422912598e-01 7.068284484328684059e-01 5.051137804985046387e-01 6.948639286806030935e-01
5.052782297134399414e-01 7.069955113472036201e-01 5.035483241081237793e-01 6.948314687698625702e-01
5.009840726852416992e-01 7.077497866589260722e-01 5.029221177101135254e-01 6.948070444634751874e-01
4.989711940288543701e-01 7.076896540187386231e-01 5.033395886421203613e-01 6.947795405091286014e-01
5.036231875419616699e-01 7.079781875838148109e-01 5.032352209091186523e-01 6.947534623635733819e-01
5.008051395416259766e-01 7.072081821381587252e-01 5.028178095817565918e-01 6.947280037530004781e-01
5.025049448013305664e-01 7.067360281411043665e-01 5.030264854431152344e-01 6.947005006321982368e-01
5.057702660560607910e-01 7.062628164362194649e-01 5.035483241081237793e-01 6.946726504085806164e-01
5.048756599426269531e-01 7.053729834934534537e-01 5.035483241081237793e-01 6.946478837393837980e-01
5.033995509147644043e-01 7.057747381235580653e-01 5.044875741004943848e-01 6.946184934243059272e-01
5.007156729698181152e-01 7.067375172014248585e-01 5.043832063674926758e-01 6.945921640086587523e-01
5.030864477157592773e-01 7.052930747594575722e-01 5.042788386344909668e-01 6.945652953271103103e-01
5.059939026832580566e-01 7.053782202131442247e-01 5.036526918411254883e-01 6.945396054017471954e-01
5.016550421714782715e-01 7.056832972718684038e-01 5.050094127655029297e-01 6.945113753555861580e-01
5.017445087432861328e-01 7.072482846102745579e-01 5.049050450325012207e-01 6.944850958406340036e-01
5.078278779983520508e-01 7.052037797496322202e-01 5.048006772994995117e-01 6.944606217952840055e-01
5.059491991996765137e-01 7.046879088863701179e-01 5.060530304908752441e-01 6.944338722359385541e-01
5.084093809127807617e-01 7.053099379148737302e-01 5.061573982238769531e-01 6.944077191957972461e-01
5.007604360580444336e-01 7.062017856631345181e-01 5.059486627578735352e-01 6.943808615493813896e-01
5.086330175399780273e-01 7.036241934004698884e-01 5.058442950248718262e-01 6.943543547007465788e-01
5.042046904563903809e-01 7.054739628586365052e-01 5.058442950248718262e-01 6.943266501110199052e-01
4.995079636573791504e-01 7.077132473479956776e-01 5.059486627578735352e-01 6.943011228761053477e-01
5.026391148567199707e-01 7.063630128465626656e-01 5.051137804985046387e-01 6.942756109186911662e-01
5.036231875419616699e-01 7.053649036247415793e-01 5.044875741004943848e-01 6.942497369293080256e-01
5.084540843963623047e-01 7.036573645104063912e-01 5.042788386344909668e-01 6.942233811761461260e-01
5.014314055442810059e-01 7.060717713493719350e-01 5.036526918411254883e-01 6.941985239243114725e-01
5.028627514839172363e-01 7.063560034619138506e-01 5.034439563751220703e-01 6.941725216188552317e-01
5.045625567436218262e-01 7.059093137230210147e-01 5.028178095817565918e-01 6.941479193569598527e-01
5.050545930862426758e-01 7.058734636994418166e-01 5.027134418487548828e-01 6.941225966514462664e-01
5.071569085121154785e-01 7.045467774585185694e-01 5.022959709167480469e-01 6.940975301924092733e-01
5.004473328590393066e-01 7.068210072584795167e-01 5.031308531761169434e-01 6.940729210008984573e-01
5.017445087432861328e-01 7.052925627503332517e-01 5.020872354507446289e-01 6.940456440443286690e-01
5.014314055442810059e-01 7.072113472525091149e-01 5.041744709014892578e-01 6.940199404836721042e-01
5.103328227996826172e-01 7.032678636738429745e-01 5.040701031684875488e-01 6.939957292287440849e-01
5.041152238845825195e-01 7.038244018722762396e-01 5.044875741004943848e-01 6.939681408127124085e-01
5.033547878265380859e-01 7.058586831232754877e-01 5.052180886268615723e-01 6.939437280888598458e-01
5.004920363426208496e-01 7.062791836541162382e-01 5.060530304908752441e-01 6.939175692885535263e-01
5.115405321121215820e-01 7.007118491670871752e-01 5.077227950096130371e-01 6.938931226008770992e-01
5.074700117111206055e-01 7.046634372071133301e-01 5.083490014076232910e-01 6.938675609667050992e-01
5.118089318275451660e-01 7.037661999895952203e-01 5.085577368736267090e-01 6.938428247903041246e-01
5.018786787986755371e-01 7.045027918861683780e-01 5.086620450019836426e-01 6.938172187543417690e-01
5.060833692550659180e-01 7.037155560590560022e-01 5.106449723243713379e-01 6.937923757847304085e-01
5.061728358268737793e-01 7.047063095088849094e-01 5.113754868507385254e-01 6.937681883044791720e-01
5.010735392570495605e-01 7.038809328199521209e-01 5.115842223167419434e-01 6.937427264343744016e-01
4.994184970855712891e-01 7.056341367707223977e-01 5.113754868507385254e-01 6.937219371653329247e-01
5.052782297134399414e-01 7.040054967693916144e-01 5.102275013923645020e-01 6.936975613911349203e-01
5.027285814285278320e-01 7.050194611253327581e-01 5.118973255157470703e-01 6.936715243380743301e-01
5.008499026298522949e-01 7.056711502846462203e-01 5.114798545837402344e-01 6.936463537606335494e-01
5.028180480003356934e-01 7.040603547131232265e-01 5.113754868507385254e-01 6.936224243059160299e-01
5.073358416557312012e-01 7.045030338027478134e-01 5.112711191177368164e-01 6.935987031377698342e-01
5.055913329124450684e-01 7.041276327547136837e-01 5.104362368583679199e-01 6.935758092313338841e-01
5.033995509147644043e-01 7.055182591131322623e-01 5.104362368583679199e-01 6.935508713869530384e-01
5.094381570816040039e-01 7.038794693867493901e-01 5.105406045913696289e-01 6.935273470099299065e-01
5.021917819976806641e-01 7.054562490279483455e-01 5.094969868659973145e-01 6.935039651192347332e-01
5.071569085121154785e-01 7.034634989155578166e-01 5.108537077903747559e-01 6.934810067188562632e-01
5.060386657714843750e-01 7.039572917875439595e-01 5.124191045761108398e-01 6.934575805756623135e-01
5.022812485694885254e-01 7.058390408706357588e-01 5.120016932487487793e-01 6.934353514146616160e-01
5.066648721694946289e-01 7.033126094960253649e-01 5.131496787071228027e-01 6.934125076452990477e-01
5.104222297668457031e-01 7.015792818013149024e-01 5.132540464401245117e-01 6.933887306172373810e-01
5.048756599426269531e-01 7.041996999319304340e-01 5.129409432411193848e-01 6.933653805629615974e-01
5.036231875419616699e-01 7.040838930128640039e-01 5.133583545684814453e-01 6.933427858491999496e-01
5.041152238845825195e-01 7.043471954700281090e-01 5.127322077751159668e-01 6.933195676691122911e-01
5.104669928550720215e-01 7.034653527917109628e-01 5.128365755081176758e-01 6.932972228818187199e-01
5.063964724540710449e-01 7.038961767425134797e-01 5.128365755081176758e-01 6.932758778252797738e-01
5.098407864570617676e-01 7.026766309756928841e-01 5.127322077751159668e-01 6.932532455024926765e-01
5.060833692550659180e-01 7.031788120949752363e-01 5.125234723091125488e-01 6.932301684277860643e-01
5.006709694862365723e-01 7.041628660211241009e-01 5.125234723091125488e-01 6.932051888439805243e-01
5.082752108573913574e-01 7.028466438773621761e-01 5.127322077751159668e-01 6.931815811747226164e-01
5.059939026832580566e-01 7.030191970737489360e-01 5.126278400421142578e-01 6.931584176104542694e-01
5.092592835426330566e-01 7.020823863073503146e-01 5.129409432411193848e-01 6.931370226407792545e-01
5.047861933708190918e-01 7.029076263396508706e-01 5.127322077751159668e-01 6.931162536629453808e-01
5.032653212547302246e-01 7.037798232822346511e-01 5.132540464401245117e-01 6.930951030213059472e-01
5.060386657714843750e-01 7.035984768170452375e-01 5.127322077751159668e-01 6.930745437980767587e-01
5.037573575973510742e-01 7.043140705272963320e-01 5.131496787071228027e-01 6.930530413384976551e-01
5.112274289131164551e-01 7.014293275636217517e-01 5.133583545684814453e-01 6.930325648974238195e-01
5.129719376564025879e-01 7.018689601722951643e-01 5.129409432411193848e-01 6.930100647598486097e-01
5.063517689704895020e-01 7.034662138543373855e-01 5.127322077751159668e-01 6.929899878975643857e-01
5.070674419403076172e-01 7.020645309249623489e-01 5.133583545684814453e-01 6.929678361691057331e-01
5.002236366271972656e-01 7.045351713282581585e-01 5.133583545684814453e-01 6.929465356760894368e-01
5.083646178245544434e-01 7.021474851161044750e-01 5.131496787071228027e-01 6.929245089419673320e-01
5.092145204544067383e-01 7.021230033481029587e-01 5.130453109741210938e-01 6.929036995683326428e-01
5.080068111419677734e-01 7.019960788137095120e-01 5.127322077751159668e-01 6.928821839835394014e-01
5.066648721694946289e-01 7.018951914416674542e-01 5.127322077751159668e-01 6.928630339604184840e-01
5.041152238845825195e-01 7.033296824461403585e-01 5.128365755081176758e-01 6.928435853044664361e-01
5.038915872573852539e-01 7.027515653613471969e-01 5.135670900344848633e-01 6.928206636422463705e-01
5.066201686859130859e-01 7.023989675744186645e-01 5.139845609664916992e-01 6.927976921042130476e-01
5.021023154258728027e-01 7.038683092835167354e-01 5.148194432258605957e-01 6.927790401176480151e-01
5.085435509681701660e-01 7.027029121555568025e-01 5.145063400268554688e-01 6.927572984557091029e-01
5.080515146255493164e-01 7.028240339447591190e-01 5.146107077598571777e-01 6.927371619514571810e-01
5.033547878265380859e-01 7.029107572098584056e-01 5.147150754928588867e-01 6.927171291550572318e-01
