4.985238909721374512e-01 7.470823216788093912e-01 4.797537028789520264e-01 7.091050208224505269e-01
4.998658001422882080e-01 7.481196439101969187e-01 4.781882762908935547e-01 7.089617063744882985e-01
4.927088916301727295e-01 7.466072499122831108e-01 4.773533642292022705e-01 7.088228763456111414e-01
4.953032732009887695e-01 7.475100769875492324e-01 4.772489964962005615e-01 7.086918323927298147e-01
4.988817274570465088e-01 7.450624426333928296e-01 4.775620996952056885e-01 7.085672475629299916e-01
4.936482310295104980e-01 7.481200295327323779e-01 4.772489964962005615e-01 7.084524412041689478e-01
4.959742426872253418e-01 7.470450514884514615e-01 4.756835699081420898e-01 7.083242874234086939e-01
4.940508008003234863e-01 7.463058998875251593e-01 4.749530255794525146e-01 7.081965442192477145e-01
4.948559701442718506e-01 7.467004801510783718e-01 4.738050401210784912e-01 7.080728822475036432e-01
4.963320791721343994e-01 7.476877860976878232e-01 4.738050401210784912e-01 7.079677776114922105e-01
4.963320791721343994e-01 7.450734863321348822e-01 4.739094078540802002e-01 7.078611506994769709e-01
4.934693276882171631e-01 7.480338808248413462e-01 4.745355844497680664e-01 7.077508177993143690e-01
4.913669824600219727e-01 7.485351333423641007e-01 4.740137755870819092e-01 7.076487417784396161e-01
4.938718974590301514e-01 7.465911027377993836e-01 4.737007021903991699e-01 7.075533602885129003e-01
4.943639338016510010e-01 7.453948317475898033e-01 4.744312167167663574e-01 7.074526723803171713e-01
4.928878247737884521e-01 7.454597622364103060e-01 4.734919667243957520e-01 7.073605101632564063e-01
5.000447034835815430e-01 7.437631474515580265e-01 4.741181433200836182e-01 7.072657319479759286e-01
4.963768124580383301e-01 7.440486746240460025e-01 4.743268489837646484e-01 7.071782931408636674e-01
5.005815029144287109e-01 7.413622098759091728e-01 4.748486876487731934e-01 7.070869512310159477e-01
4.965557456016540527e-01 7.464413622087262556e-01 4.761010110378265381e-01 7.069964799023052970e-01
4.951243400573730469e-01 7.430284696863256322e-01 4.768315553665161133e-01 7.069098679339106406e-01
4.957953095436096191e-01 7.444420324111585829e-01 4.771446585655212402e-01 7.068226683042762026e-01
4.910538494586944580e-01 7.470038140005663685e-01 4.768315553665161133e-01 7.067376555094662116e-01
4.962873458862304688e-01 7.452844788081575134e-01 4.766228199005126953e-01 7.066551182419839039e-01
5.010735392570495605e-01 7.439182405822455380e-01 4.767271876335144043e-01 7.065754921220832596e-01
4.978976547718048096e-01 7.450444045551434247e-01 4.765184819698333740e-01 7.064902689008567549e-01
4.967346489429473877e-01 7.406742493012954398e-01 4.772489964962005615e-01 7.064060178785377397e-01
4.957058429718017578e-01 7.450075432148959287e-01 4.771446585655212402e-01 7.063313747990034308e-01
4.952585399150848389e-01 7.410869428714329521e-01 4.770402908325195312e-01 7.062556075168984204e-01
4.976292848587036133e-01 7.429690635743945171e-01 4.775620996952056885e-01 7.061775897893346476e-01
5.012524724006652832e-01 7.417512780695615371e-01 4.770402908325195312e-01 7.061016182515298389e-01
4.975398182868957520e-01 7.428624791863523980e-01 4.769359230995178223e-01 7.060267893911229553e-01
4.954822063446044922e-01 7.453222450640103469e-01 4.768315553665161133e-01 7.059538048409987887e-01
4.968241155147552490e-01 7.436272467712017331e-01 4.771446585655212402e-01 7.058788930615859103e-01
4.954374730587005615e-01 7.397774922163078415e-01 4.775620996952056885e-01 7.058144667730329447e-01
4.950796067714691162e-01 7.442342471534653114e-01 4.771446585655212402e-01 7.057468401467569263e-01
4.927536249160766602e-01 7.438762010604884622e-01 4.774577319622039795e-01 7.056755746762007897e-01
4.903829097747802734e-01 7.442788193233965677e-01 4.770402908325195312e-01 7.056081718006106396e-01
4.958400428295135498e-01 7.419462451079084087e-01 4.762053787708282471e-01 7.055391662555257071e-01
4.933798611164093018e-01 7.434409203694020141e-01 4.752661287784576416e-01 7.054698412514409656e-01
4.949901700019836426e-01 7.419442324993286153e-01 4.750573933124542236e-01 7.054037313525001185e-01
4.882805645465850830e-01 7.454522752894082727e-01 4.744312167167663574e-01 7.053373072322040027e-01
4.928878247737884521e-01 7.436516646687044707e-01 4.751617610454559326e-01 7.052670726694509895e-01
4.905618131160736084e-01 7.436428661422367359e-01 4.756835699081420898e-01 7.052055536717817263e-01
4.949454367160797119e-01 7.427010850054054369e-01 4.751617610454559326e-01 7.051409749938958305e-01
5.033100843429565430e-01 7.402230662957438589e-01 4.753704965114593506e-01 7.050761302536152630e-01
4.939613640308380127e-01 7.435921193086347802e-01 4.757879376411437988e-01 7.050169744289536133e-01
4.956163763999938965e-01 7.417222049095950620e-01 4.758923053741455078e-01 7.049561882660996259e-01
5.011182427406311035e-01 7.398778477963277034e-01 4.761010110378265381e-01 7.048946214204938610e-01
4.903829097747802734e-01 7.432981392291688749e-01 4.762053787708282471e-01 7.048340595432871503e-01
4.962873458862304688e-01 7.390080779860198623e-01 4.768315553665161133e-01 7.047755240125065379e-01
4.940060973167419434e-01 7.443542838267253048e-01 4.763097465038299561e-01 7.047151426038820166e-01
4.960189759731292725e-01 7.431237865249379348e-01 4.766228199005126953e-01 7.046517823937291647e-01
4.936034977436065674e-01 7.436954485941368320e-01 4.767271876335144043e-01 7.045912617583086623e-01
4.960189759731292725e-01 7.388854622094357394e-01 4.769359230995178223e-01 7.045319213097838151e-01
4.916800856590270996e-01 7.449032642009923988e-01 4.769359230995178223e-01 7.044684759910160299e-01
4.962873458862304688e-01 7.401513922063069906e-01 4.769359230995178223e-01 7.044109040126749210e-01
4.994184970855712891e-01 7.380871609703845149e-01 4.771446585655212402e-01 7.043521781227479739e-01
4.947665035724639893e-01 7.415406886420878863e-01 4.771446585655212402e-01 7.042942115420016691e-01
4.978976547718048096e-01 7.411824067540321304e-01 4.771446585655212402e-01 7.042379609554650921e-01
4.996868968009948730e-01 7.403344901884832963e-01 4.772489964962005615e-01 7.041844849023159991e-01
4.979871213436126709e-01 7.414058130784375589e-01 4.774577319622039795e-01 7.041284267774481354e-01
4.972714185714721680e-01 7.397353737975813637e-01 4.778751730918884277e-01 7.040719432712372328e-01
4.934245944023132324e-01 7.420130517832984607e-01 4.774577319622039795e-01 7.040117801019528665e-01
4.917248189449310303e-01 7.443250406724776225e-01 4.774577319622039795e-01 7.039500688167883435e-01
4.909196496009826660e-01 7.403363029204748091e-01 4.776664674282073975e-01 7.038962603038348975e-01
4.972714185714721680e-01 7.400036860843275388e-01 4.775620996952056885e-01 7.038428113470991399e-01
4.941402673721313477e-01 7.388296392762100373e-01 4.776664674282073975e-01 7.037853711931821854e-01
4.950349032878875732e-01 7.405185365233231121e-01 4.776664674282073975e-01 7.037296050949948256e-01
4.927536249160766602e-01 7.413831902309615529e-01 4.774577319622039795e-01 7.036719284384067574e-01
5.000894665718078613e-01 7.362307514225483462e-01 4.775620996952056885e-01 7.036216219316019371e-01
4.942297339439392090e-01 7.406250064585029325e-01 4.805886149406433105e-01 7.035685938774630666e-01
4.918590188026428223e-01 7.417316002610289116e-01 4.837194681167602539e-01 7.035147822045055843e-01
4.906065464019775391e-01 7.422744651603494503e-01 4.861198067665100098e-01 7.034606147325006553e-01
5.004025697708129883e-01 7.372624890751821036e-01 4.855979979038238525e-01 7.034125077378597934e-01
4.997763335704803467e-01 7.387384887052191873e-01 4.857023656368255615e-01 7.033569103515464604e-01
5.003578662872314453e-01 7.388472339829257329e-01 4.864328801631927490e-01 7.033038338025411340e-01
5.021917819976806641e-01 7.374166877096124395e-01 4.866416156291961670e-01 7.032499186456688811e-01
4.988817274570465088e-01 7.381953407984809257e-01 4.878939688205718994e-01 7.031961078933424147e-01
4.995079636573791504e-01 7.379382456920935418e-01 4.885201454162597656e-01 7.031447736387386183e-01
4.945428371429443359e-01 7.393063399164210292e-01 4.891463220119476318e-01 7.030917393516782354e-01
4.987027943134307861e-01 7.387755608959645226e-01 4.896681308746337891e-01 7.030370433005578290e-01
4.949901700019836426e-01 7.395288760279431495e-01 4.894593954086303711e-01 7.029827184379535687e-01
4.990159273147583008e-01 7.359059858906565887e-01 4.896681308746337891e-01 7.029291604113115932e-01
4.949454367160797119e-01 7.389056801710642830e-01 4.901899397373199463e-01 7.028787416123916110e-01
4.976292848587036133e-01 7.365319531982157386e-01 4.907117486000061035e-01 7.028250709950513153e-01
4.991501271724700928e-01 7.357548349316164193e-01 4.906073808670043945e-01 7.027762769856549241e-01
4.936482310295104980e-01 7.397748979265434954e-01 4.907117486000061035e-01 7.027271975432873852e-01
4.968688488006591797e-01 7.380314813271940944e-01 4.897724986076354980e-01 7.026740294163671408e-01
5.028627514839172363e-01 7.364435005772410614e-01 4.901899397373199463e-01 7.026249767220660303e-01
4.965110123157501221e-01 7.382464369628655154e-01 4.902943074703216553e-01 7.025768037156853163e-01
4.987475275993347168e-01 7.381685074784714029e-01 4.901899397373199463e-01 7.025242691944745266e-01
4.949454367160797119e-01 7.403945728435267215e-01 4.901899397373199463e-01 7.024722227197279789e-01
4.922615885734558105e-01 7.403696120414522408e-01 4.895637631416320801e-01 7.024239188095543485e-01
5.023707151412963867e-01 7.358293214879195743e-01 4.896681308746337891e-01 7.023758261966646099e-01
5.009393692016601562e-01 7.334805842609647408e-01 4.899812042713165283e-01 7.023300625939031816e-01
4.957058429718017578e-01 7.372441863860100808e-01 4.902943074703216553e-01 7.022792445645404946e-01
5.033995509147644043e-01 7.335863080982829576e-01 4.906073808670043945e-01 7.022336685590320204e-01
4.894882738590240479e-01 7.418051037726109964e-01 4.918597340583801270e-01 7.021847717997375948e-01
5.006709694862365723e-01 7.361860431078871558e-01 4.911291897296905518e-01 7.021406669503237330e-01
