5.117641687393188477e-01 6.951304193813401255e-01 5.294302105903625488e-01 6.908845172448935257e-01
5.188316106796264648e-01 6.926391405845119253e-01 5.532248020172119141e-01 6.878068654255039549e-01
5.331007242202758789e-01 6.890296382007370379e-01 5.553120374679565430e-01 6.853310793507598753e-01
5.466541647911071777e-01 6.864720854163702812e-01 5.752452611923217773e-01 6.819709513038614279e-01
5.597602725028991699e-01 6.835775719300688502e-01 5.646002888679504395e-01 6.819516968264307533e-01
5.697351694107055664e-01 6.793839694946434138e-01 5.685660839080810547e-01 6.771901464118910141e-01
5.662909150123596191e-01 6.788205368443324117e-01 5.719056725502014160e-01 6.753430139468572513e-01
5.700035691261291504e-01 6.776258027986542531e-01 5.660613775253295898e-01 6.757164229258841859e-01
5.719717144966125488e-01 6.751879701505173470e-01 5.700271129608154297e-01 6.743695554542182835e-01
5.730452537536621094e-01 6.761791686675568958e-01 5.709664225578308105e-01 6.742357316556590874e-01
5.695562958717346191e-01 6.746720732015580868e-01 5.770193934440612793e-01 6.719441242691769345e-01
5.794417858123779297e-01 6.739416758262060103e-01 5.875599980354309082e-01 6.707206579569460203e-01
5.756396651268005371e-01 6.723784541247632696e-01 5.736798048019409180e-01 6.767228543820597020e-01
5.772947072982788086e-01 6.722045290723941413e-01 5.887079834938049316e-01 6.704681328706019183e-01
5.810967683792114258e-01 6.714091181093858607e-01 5.879774689674377441e-01 6.700569589683940119e-01
5.826176404953002930e-01 6.704737052526728025e-01 5.750365257263183594e-01 6.700687250322650002e-01
5.843173861503601074e-01 6.695249680756968358e-01 5.896472334861755371e-01 6.697164013922725090e-01
5.820361375808715820e-01 6.704841062685183983e-01 5.738885402679443359e-01 6.710547565468366615e-01
5.832438468933105469e-01 6.690988003685044427e-01 5.857858657836914062e-01 6.692299058556282487e-01
5.824387073516845703e-01 6.693535789988680484e-01 5.896472334861755371e-01 6.690356507975132594e-01
5.827965736389160156e-01 6.684875150212321593e-01 5.867251157760620117e-01 6.660261489583116923e-01
5.849436521530151367e-01 6.699301443899396968e-01 5.729492902755737305e-01 6.726551771885516118e-01
5.804258584976196289e-01 6.679772399772491154e-01 5.815069675445556641e-01 6.683741972531538345e-01
5.844963192939758301e-01 6.681088025507208039e-01 5.853683948516845703e-01 6.723710008041765551e-01
5.865986943244934082e-01 6.674622263266801747e-01 5.843247771263122559e-01 6.682703940287633149e-01
5.831991434097290039e-01 6.684792040178869632e-01 5.852640271186828613e-01 6.671001983694133664e-01
5.864197611808776855e-01 6.685506173143405118e-01 5.855771303176879883e-01 6.673362493340840862e-01
5.911164879798889160e-01 6.670119842085477924e-01 5.848466157913208008e-01 6.667320005730980048e-01
5.864197611808776855e-01 6.681756621333647672e-01 5.923606753349304199e-01 6.686056660501077387e-01
5.874038338661193848e-01 6.671289597476481870e-01 5.906908512115478516e-01 6.659896286910870211e-01
5.876722335815429688e-01 6.669001105241644245e-01 5.891254544258117676e-01 6.684134165495727586e-01
5.849436521530151367e-01 6.675774804977168131e-01 5.914214253425598145e-01 6.662454735857040733e-01
5.880300402641296387e-01 6.660165345867155029e-01 5.979962348937988281e-01 6.630532762323035900e-01
5.882537364959716797e-01 6.648412199774588194e-01 5.903778076171875000e-01 6.670532303447639366e-01
5.875827670097351074e-01 6.655084175956038628e-01 5.921519398689270020e-01 6.680166599546984996e-01
5.860618948936462402e-01 6.654536303264080299e-01 5.919432044029235840e-01 6.648857151260209042e-01
5.891483426094055176e-01 6.653683748776764162e-01 5.907952189445495605e-01 6.646876172043042486e-01
5.922794938087463379e-01 6.639163773736835861e-01 5.976831316947937012e-01 6.638125650844403092e-01
5.918769240379333496e-01 6.652325266779887114e-01 5.994573235511779785e-01 6.653066237817301110e-01
5.900876522064208984e-01 6.649163793655814558e-01 5.925694108009338379e-01 6.654133661458646598e-01
5.874038338661193848e-01 6.648959839870857147e-01 5.863076448440551758e-01 6.661187382735680451e-01
5.885220766067504883e-01 6.649435233144134205e-01 5.970569849014282227e-01 6.645002298055524559e-01
5.927715301513671875e-01 6.636999822255856829e-01 5.867251157760620117e-01 6.661054503940088134e-01
5.868223309516906738e-01 6.662419598864878223e-01 5.810895562171936035e-01 6.713310606766782485e-01
5.880300402641296387e-01 6.636012375493407500e-01 5.870382189750671387e-01 6.651046518940090246e-01
5.935319662094116211e-01 6.634066963072090539e-01 5.901690721511840820e-01 6.651520184648482825e-01
5.881642699241638184e-01 6.643620360023456684e-01 5.976831316947937012e-01 6.649839349963475588e-01
5.950080752372741699e-01 6.637008250516862606e-01 5.963264703750610352e-01 6.620075779676786176e-01
5.946054458618164062e-01 6.628807359527530974e-01 5.889167189598083496e-01 6.658870574577544499e-01
5.939345359802246094e-01 6.629940771548943346e-01 5.818200707435607910e-01 6.665544656068989049e-01
5.891483426094055176e-01 6.630355713085489544e-01 5.981006026268005371e-01 6.621852910760001043e-01
5.900876522064208984e-01 6.625673966707238405e-01 5.966395139694213867e-01 6.632986478282025811e-01
5.898193120956420898e-01 6.632986335981337911e-01 5.999791026115417480e-01 6.618606091988805673e-01
5.988996028900146484e-01 6.604639767406024209e-01 5.999791026115417480e-01 6.610796373937005699e-01
5.910717248916625977e-01 6.624845152337215382e-01 5.893341898918151855e-01 6.681671232153044704e-01
5.958579182624816895e-01 6.617007851600646973e-01 6.000834703445434570e-01 6.611018143275465553e-01
5.885220766067504883e-01 6.628898976740288385e-01 5.989354848861694336e-01 6.613549991953823204e-01
5.934424996376037598e-01 6.614600166499795542e-01 5.970569849014282227e-01 6.620928695271045550e-01
5.933082699775695801e-01 6.616482251785504864e-01 5.998747944831848145e-01 6.617810942016446596e-01
5.930846333503723145e-01 6.614356738741654640e-01 5.994573235511779785e-01 6.607362164308472341e-01
5.919216275215148926e-01 6.617149982070171799e-01 5.961177349090576172e-01 6.641417544959508090e-01
5.926820635795593262e-01 6.610064519541616335e-01 5.934042930603027344e-01 6.634319050529510209e-01
5.978708267211914062e-01 6.595116490263229769e-01 5.981006026268005371e-01 6.619814533924563982e-01
5.925925970077514648e-01 6.608354089980603696e-01 6.000834703445434570e-01 6.595804569144458895e-01
5.939792394638061523e-01 6.605789766027539978e-01 6.005009412765502930e-01 6.601377289296689321e-01
5.946949124336242676e-01 6.608527027381130292e-01 5.908995866775512695e-01 6.625295227416445609e-01
5.963947176933288574e-01 6.589050886562332066e-01 5.988311171531677246e-01 6.637659109701221638e-01
5.951422452926635742e-01 6.603568593341051507e-01 5.878731012344360352e-01 6.647920679185167492e-01
5.904902219772338867e-01 6.617892185953611062e-01 5.943435430526733398e-01 6.610424937721185445e-01
5.963947176933288574e-01 6.591985849238696238e-01 5.951784849166870117e-01 6.604213148038239334e-01
5.919216275215148926e-01 6.605289289106258677e-01 5.979962348937988281e-01 6.588088600701714759e-01
5.911611914634704590e-01 6.596160275625999603e-01 5.957002639770507812e-01 6.608467397772427310e-01
5.946949124336242676e-01 6.604580801039651172e-01 5.963264703750610352e-01 6.597508781763935515e-01
5.940687060356140137e-01 6.594348920012313986e-01 5.976831316947937012e-01 6.597519531998448095e-01
5.928162336349487305e-01 6.594822857456271725e-01 5.879774689674377441e-01 6.630325901237118513e-01
5.965736508369445801e-01 6.591465206985760439e-01 5.826549530029296875e-01 6.670733399889807735e-01
5.933530330657958984e-01 6.602731217828670118e-01 5.970569849014282227e-01 6.594383984561554835e-01
5.951422452926635742e-01 6.590687004946962357e-01 5.991442203521728516e-01 6.591226204131844790e-01
5.963052511215209961e-01 6.577110906943244295e-01 5.938217639923095703e-01 6.601329381394749340e-01
5.965288877487182617e-01 6.589038331514182056e-01 6.001878380775451660e-01 6.580453263869789904e-01
5.942923426628112793e-01 6.587402042388745826e-01 5.990398526191711426e-01 6.581071295113186670e-01
5.987207293510437012e-01 6.569581655893753647e-01 5.893341898918151855e-01 6.601347854480293931e-01
5.930398702621459961e-01 6.590760231529968483e-01 6.001878380775451660e-01 6.580101686413764028e-01
5.945607423782348633e-01 6.581348830993667409e-01 6.013358235359191895e-01 6.571391499681976667e-01
6.010019779205322266e-01 6.567269563035048607e-01 5.991442203521728516e-01 6.579547683572102290e-01
5.939345359802246094e-01 6.570196689550938940e-01 5.993529558181762695e-01 6.566615963723658744e-01
5.979155302047729492e-01 6.579740638595549251e-01 5.967438817024230957e-01 6.585161943098269965e-01
5.929057002067565918e-01 6.582168485722018625e-01 5.986224412918090820e-01 6.576344365741185749e-01
5.982733964920043945e-01 6.586407027041513151e-01 5.983093380928039551e-01 6.589327455189003535e-01
5.965736508369445801e-01 6.575242567518824188e-01 5.985180735588073730e-01 6.554530262200625179e-01
5.971551537513732910e-01 6.561653635373458915e-01 6.003965735435485840e-01 6.569714238538644224e-01
5.989890694618225098e-01 6.573695514619745106e-01 5.879774689674377441e-01 6.610570522345970979e-01
5.979602932929992676e-01 6.569644969485275432e-01 6.006053090095520020e-01 6.558507026622798497e-01
5.984075665473937988e-01 6.554827143988555260e-01 5.951784849166870117e-01 6.578383531706787357e-01
5.992127656936645508e-01 6.569996480332608302e-01 6.018576622009277344e-01 6.552130378902493169e-01
5.968867540359497070e-01 6.562392810607217131e-01 6.006053090095520020e-01 6.553272579313942359e-01
5.971103906631469727e-01 6.558686859664432101e-01 5.955958962440490723e-01 6.562025600274901116e-01
5.958579182624816895e-01 6.559295019004570682e-01 5.842204093933105469e-01 6.651372877448218368e-01
5.982733964920043945e-01 6.557093801236489883e-01 5.975787639617919922e-01 6.567243073260801145e-01
5.986759662628173828e-01 6.560048028829379430e-01 6.001878380775451660e-01 6.552762239642692110e-01
