5.628466606140136719e-01 6.820545562650121019e-01 5.737841725349426270e-01 6.774366957935802347e-01
5.925925970077514648e-01 6.686808689055662169e-01 6.007096767425537109e-01 6.611052053229989900e-01
5.948291420936584473e-01 6.631506309673086408e-01 5.972657203674316406e-01 6.618352437711065850e-01
5.987207293510437012e-01 6.611510511587036509e-01 6.040492653846740723e-01 6.588984723629570661e-01
6.008230447769165039e-01 6.584317389616366478e-01 6.042580008506774902e-01 6.580161738559912044e-01
6.037752628326416016e-01 6.558093059935324876e-01 6.090586781501770020e-01 6.547367504732366505e-01
6.030595898628234863e-01 6.568404135048805381e-01 6.064496040344238281e-01 6.545589172101125008e-01
6.070853471755981445e-01 6.542672892976775234e-01 6.097891926765441895e-01 6.528575862406987840e-01
6.096349954605102539e-01 6.538845009529904440e-01 5.971613526344299316e-01 6.585333019128002396e-01
6.131687164306640625e-01 6.511323232944247197e-01 6.153203845024108887e-01 6.500012031479335262e-01
6.128556132316589355e-01 6.508856244154619386e-01 6.184512376785278320e-01 6.463843071617479952e-01
6.164788007736206055e-01 6.485107680791007967e-01 6.232519149780273438e-01 6.497535786059425167e-01
6.158972978591918945e-01 6.455133864247835085e-01 6.211646795272827148e-01 6.447672818926774019e-01
6.166129708290100098e-01 6.459397226758667454e-01 6.213734149932861328e-01 6.432063196999771026e-01
6.186705827713012695e-01 6.457943858518478963e-01 6.246086359024047852e-01 6.412778284623861236e-01
6.188495159149169922e-01 6.453107098151797949e-01 6.173032522201538086e-01 6.421329242604382204e-01
6.202361583709716797e-01 6.419654313130293000e-01 6.282613277435302734e-01 6.365990797852802974e-01
6.277509331703186035e-01 6.395348672428291525e-01 6.270089745521545410e-01 6.354662187411476149e-01
6.219359636306762695e-01 6.403162454232096401e-01 6.149029135704040527e-01 6.484403569298730075e-01
6.260511875152587891e-01 6.366698428799159037e-01 6.207472085952758789e-01 6.403076406237825369e-01
6.260064244270324707e-01 6.357295247923604453e-01 6.256522536277770996e-01 6.330600264947764400e-01
6.322240233421325684e-01 6.332196836544929930e-01 6.242955327033996582e-01 6.363671139221652728e-01
6.280640363693237305e-01 6.344764547348875627e-01 6.353579759597778320e-01 6.313598478071825726e-01
6.357129812240600586e-01 6.282160396993128337e-01 6.406804323196411133e-01 6.276783371762925112e-01
6.302111148834228516e-01 6.297042268208558058e-01 6.319140195846557617e-01 6.291958271673342429e-01
6.334317326545715332e-01 6.292876180499328287e-01 6.336881518363952637e-01 6.297604318726065520e-01
6.351315379142761230e-01 6.272250990424819150e-01 6.341056227684020996e-01 6.278580657576400270e-01
6.308373808860778809e-01 6.317727383293476606e-01 6.271133422851562500e-01 6.339760926938758923e-01
6.377705931663513184e-01 6.257249520554015731e-01 6.314965486526489258e-01 6.343672452329270905e-01
6.345947384834289551e-01 6.279041175126475194e-01 6.313921809196472168e-01 6.256344306944208178e-01
6.390230655670166016e-01 6.238262427900447271e-01 6.368190646171569824e-01 6.199881183257607287e-01
6.373680233955383301e-01 6.213016808726190554e-01 6.446462273597717285e-01 6.220823337528655905e-01
6.460458040237426758e-01 6.174636996268031419e-01 6.405760645866394043e-01 6.160070758427241833e-01
6.408570408821105957e-01 6.191155728553271453e-01 6.330620050430297852e-01 6.192551165775624922e-01
6.439434885978698730e-01 6.169810578037745463e-01 6.516385078430175781e-01 6.104524848332262277e-01
6.474772095680236816e-01 6.138161971970478303e-01 6.392193436622619629e-01 6.136521759000358456e-01
6.506530642509460449e-01 6.108765831721406636e-01 6.462116241455078125e-01 6.100397032104935002e-01
6.492216587066650391e-01 6.120237435503665946e-01 6.527864933013916016e-01 6.105389497494603246e-01
6.468062400817871094e-01 6.108983999758420547e-01 6.425589919090270996e-01 6.160053139164860525e-01
6.518607735633850098e-01 6.060807942746896382e-01 6.511166691780090332e-01 6.140402038046124389e-01
6.519950032234191895e-01 6.081256641857866185e-01 6.552911996841430664e-01 6.065780225463959230e-01
6.570048332214355469e-01 5.991960759132188841e-01 6.478814482688903809e-01 6.100325840446600978e-01
6.556628942489624023e-01 6.026396384113780202e-01 6.611354351043701172e-01 6.040791473043310988e-01
6.549472212791442871e-01 5.981224796217015083e-01 6.533082723617553711e-01 6.042238153288643776e-01
6.581230759620666504e-01 5.997446937965438263e-01 6.559173464775085449e-01 5.980670388046970265e-01
6.578547358512878418e-01 5.954694135561465762e-01 6.624921560287475586e-01 6.006813249864699777e-01
6.565127968788146973e-01 5.983774815055333818e-01 6.623877882957458496e-01 5.954271087788809425e-01
6.612542271614074707e-01 5.932600303889814519e-01 6.625965237617492676e-01 5.933289047298737628e-01
6.602701544761657715e-01 5.929696068159687750e-01 6.637445092201232910e-01 5.935583850382464277e-01
6.637144684791564941e-01 5.915019256011981863e-01 6.584220528602600098e-01 5.985380479946585952e-01
6.625514626502990723e-01 5.911914695032296496e-01 6.543518900871276855e-01 6.059463603266145304e-01
6.636250019073486328e-01 5.932379217475445277e-01 6.613441705703735352e-01 5.913833311320196851e-01
6.654589176177978516e-01 5.859092336836558834e-01 6.594656705856323242e-01 5.923960675926502883e-01
6.648774147033691406e-01 5.879040404922272200e-01 6.522646546363830566e-01 6.012136235761632586e-01
6.646985411643981934e-01 5.868862106860227579e-01 6.623877882957458496e-01 5.896109267058439185e-01
6.660851836204528809e-01 5.842874759231959647e-01 6.724066138267517090e-01 5.849785886983288608e-01
6.688584685325622559e-01 5.831980662496044632e-01 6.702150106430053711e-01 5.840768120378921902e-01
6.725711226463317871e-01 5.802558396024255494e-01 6.615529060363769531e-01 5.840360090320032560e-01
6.685453653335571289e-01 5.814452084728847225e-01 6.591525673866271973e-01 5.917866481691630431e-01
6.755681037902832031e-01 5.768620866017726279e-01 6.690670251846313477e-01 5.904860480969794656e-01
6.742708683013916016e-01 5.766398866502090437e-01 6.639532446861267090e-01 5.903683343478071111e-01
6.730184555053710938e-01 5.769443419500505099e-01 6.665623188018798828e-01 5.920497817501497728e-01
6.743156313896179199e-01 5.750791665841821221e-01 6.778334379196166992e-01 5.790520846358522267e-01
6.736893653869628906e-01 5.747099804908095688e-01 6.685451865196228027e-01 5.869577129681905481e-01
6.756128072738647461e-01 5.711185098718202235e-01 6.611354351043701172e-01 5.808345763426040476e-01
6.672928929328918457e-01 5.828983760473019915e-01 6.599874496459960938e-01 5.913939055508697917e-01
6.748523712158203125e-01 5.715603727862668126e-01 6.641619801521301270e-01 5.876623704995275199e-01
6.786544919013977051e-01 5.691974044677972078e-01 6.711542606353759766e-01 5.851495449464869658e-01
6.750313043594360352e-01 5.717531121316760112e-01 6.517428755760192871e-01 5.995682526595207396e-01
6.765074133872985840e-01 5.693011732642350164e-01 6.700062751770019531e-01 5.796090737187372666e-01
6.796385645866394043e-01 5.651209952793302405e-01 6.727196574211120605e-01 5.790661862786790071e-01
6.797280311584472656e-01 5.644212665359925607e-01 6.697975397109985352e-01 5.821398195929776698e-01
6.766863465309143066e-01 5.669381326075465521e-01 6.724066138267517090e-01 5.781592129043685580e-01
6.799964308738708496e-01 5.643403640606468041e-01 6.657273769378662109e-01 5.897484648155534304e-01
6.848273277282714844e-01 5.619283156310495020e-01 6.580045819282531738e-01 5.884448454340721613e-01
6.837090849876403809e-01 5.592357135561288883e-01 6.730327606201171875e-01 5.810041598551111131e-01
6.805779337882995605e-01 5.619208235863518697e-01 6.748069524765014648e-01 5.764389345750906557e-01
6.855877637863159180e-01 5.570097450366235936e-01 6.816948652267456055e-01 5.698573777183464362e-01
6.854535937309265137e-01 5.599029269899274963e-01 6.719891428947448730e-01 5.767940822261730105e-01
6.791018247604370117e-01 5.670322322380481062e-01 6.771029233932495117e-01 5.821970561381247800e-01
6.851404309272766113e-01 5.595161327523991979e-01 6.807555556297302246e-01 5.762459936308178543e-01
6.880479454994201660e-01 5.553881921331365046e-01 6.905656456947326660e-01 5.639227489991168740e-01
6.861245036125183105e-01 5.560237423403998624e-01 6.859737038612365723e-01 5.672557600428829172e-01
6.825907826423645020e-01 5.590218622434073303e-01 6.729283928871154785e-01 5.785995176529690198e-01
6.829486489295959473e-01 5.570618290341503576e-01 6.827384829521179199e-01 5.655905779157991420e-01
6.855430603027343750e-01 5.570157209328279180e-01 6.826341152191162109e-01 5.681080336586664670e-01
6.874664425849914551e-01 5.569216289915281948e-01 6.748069524765014648e-01 5.727829925577517800e-01
6.903291940689086914e-01 5.501922500604891075e-01 6.820079088211059570e-01 5.629808078713418595e-01
6.896135210990905762e-01 5.486518732548869570e-01 6.886871457099914551e-01 5.601218322999939048e-01
6.916264295578002930e-01 5.473295348256661530e-01 6.817992329597473145e-01 5.624693409805878730e-01
6.880479454994201660e-01 5.535531750218474212e-01 6.400542855262756348e-01 6.257363629475487521e-01
6.634907722473144531e-01 5.857033112497443961e-01 6.713629961013793945e-01 5.785296540174721391e-01
6.888530850410461426e-01 5.491570527896106890e-01 6.808599233627319336e-01 5.630943929942557880e-01
6.931472420692443848e-01 5.505138179188999725e-01 6.906700134277343750e-01 5.592523056961653527e-01
6.926105022430419922e-01 5.467226633575099637e-01 6.883740425109863281e-01 5.619434796054436632e-01
6.906870603561401367e-01 5.510071089558234991e-01 6.890001893043518066e-01 5.678203989110344185e-01
6.910896301269531250e-01 5.444249634688134165e-01 6.777290701866149902e-01 5.715349147648732808e-01
6.926552057266235352e-01 5.465612436134330565e-01 6.847213506698608398e-01 5.671570173038418261e-01
6.917158961296081543e-01 5.491369337744652634e-01 6.888958215713500977e-01 5.689490822057737818e-01
6.914027333259582520e-01 5.512614986949411211e-01 6.750156283378601074e-01 5.745543659268329550e-01
