5.079620480537414551e-01 7.004170974266296090e-01 5.238989591598510742e-01 6.903711663136474774e-01
5.239756703376770020e-01 6.933638530482245654e-01 5.533291697502136230e-01 6.867268535593710199e-01
5.300590395927429199e-01 6.919872615840315655e-01 5.668962597846984863e-01 6.838626416932315211e-01
5.420021414756774902e-01 6.879655334023376811e-01 5.790023207664489746e-01 6.813178920740873279e-01
5.512166619300842285e-01 6.842491214231422036e-01 5.751408934593200684e-01 6.791175213966855750e-01
5.539900064468383789e-01 6.835679744731379959e-01 5.759757757186889648e-01 6.773398768003587866e-01
5.639649033546447754e-01 6.809837012432581327e-01 5.762888789176940918e-01 6.758724786597785084e-01
5.670513510704040527e-01 6.789960493062855429e-01 5.779586434364318848e-01 6.745315887962346491e-01
5.700483322143554688e-01 6.787926346932782184e-01 5.779586434364318848e-01 6.735240516745205630e-01
5.673197507858276367e-01 6.762216341881573944e-01 5.819244384765625000e-01 6.726372995398482990e-01
5.707640051841735840e-01 6.758229255377660172e-01 5.827593207359313965e-01 6.719533307794687271e-01
5.734478235244750977e-01 6.747020023477847683e-01 5.827593207359313965e-01 6.714852417319036038e-01
5.757738351821899414e-01 6.748948825836864618e-01 5.851596593856811523e-01 6.708831952822976730e-01
5.748345255851745605e-01 6.737131519380761269e-01 5.865163803100585938e-01 6.705958382044772126e-01
5.729110836982727051e-01 6.733993706389219680e-01 5.871425867080688477e-01 6.701777545675756675e-01
5.733136534690856934e-01 6.734148095430042558e-01 5.875599980354309082e-01 6.698826806850309845e-01
5.868223309516906738e-01 6.712119977639301460e-01 5.848466157913208008e-01 6.694451602981772442e-01
5.773394107818603516e-01 6.732030935461522647e-01 5.867251157760620117e-01 6.691852449698976191e-01
5.774735808372497559e-01 6.720460186940566683e-01 5.842204093933105469e-01 6.688382342423558891e-01
5.800679922103881836e-01 6.719143868431163291e-01 5.821331739425659180e-01 6.685861474883951772e-01
5.808731317520141602e-01 6.715125508205177507e-01 5.871425867080688477e-01 6.683497258204056379e-01
5.809625983238220215e-01 6.697291198069431628e-01 5.843247771263122559e-01 6.680437274801285241e-01
5.826623439788818359e-01 6.694564882470576128e-01 5.831767916679382324e-01 6.678412023304250988e-01
5.829307436943054199e-01 6.696515931364760421e-01 5.952827930450439453e-01 6.677690563632858733e-01
5.825281739234924316e-01 6.707035412748292291e-01 5.867251157760620117e-01 6.674051908828649848e-01
5.866433978080749512e-01 6.685091946990572298e-01 5.860989093780517578e-01 6.671657662032367542e-01
5.799338221549987793e-01 6.699175257485717738e-01 5.856814980506896973e-01 6.669638024643452789e-01
5.840937495231628418e-01 6.685834160792121228e-01 5.880818367004394531e-01 6.668141832234242283e-01
5.859277248382568359e-01 6.659885609292839348e-01 5.932999253273010254e-01 6.666082952072813761e-01
5.827518105506896973e-01 6.668626351249007378e-01 5.912126898765563965e-01 6.664221229545260750e-01
5.869117975234985352e-01 6.673363148686198842e-01 5.924650430679321289e-01 6.661614368091767213e-01
5.865986943244934082e-01 6.676633232905541115e-01 5.946566462516784668e-01 6.659785412567639229e-01
5.883432030677795410e-01 6.680801476150788343e-01 5.942391753196716309e-01 6.657457515034389539e-01
5.863749980926513672e-01 6.672447741959469658e-01 5.942391753196716309e-01 6.654965233215581755e-01
5.856593251228332520e-01 6.667672392933371439e-01 5.978918671607971191e-01 6.652492536953061864e-01
5.899981856346130371e-01 6.656904753812802333e-01 5.973700881004333496e-01 6.651322903475863635e-01
5.860171914100646973e-01 6.659044568772007899e-01 5.954915285110473633e-01 6.649372536114426246e-01
5.864644646644592285e-01 6.655757024305667402e-01 5.979962348937988281e-01 6.647474578416713298e-01
5.880300402641296387e-01 6.646825920108563324e-01 5.969526171684265137e-01 6.645322341905011143e-01
5.884326100349426270e-01 6.654541103202982200e-01 5.977874994277954102e-01 6.643337278444715333e-01
5.907586216926574707e-01 6.641438568847767288e-01 6.002922058105468750e-01 6.641901582697193884e-01
5.883879065513610840e-01 6.642372018643794007e-01 5.984137058258056641e-01 6.639749918469703971e-01
5.910270214080810547e-01 6.640291655825084627e-01 5.999791026115417480e-01 6.638899048791502278e-01
5.905349850654602051e-01 6.637441923311602210e-01 5.997704267501831055e-01 6.636236224784604065e-01
5.914743542671203613e-01 6.646407391735342785e-01 6.000834703445434570e-01 6.635056178969397367e-01
5.909375548362731934e-01 6.640040891011385060e-01 6.009184122085571289e-01 6.633951519282569320e-01
5.909375548362731934e-01 6.634269866497151114e-01 5.950741171836853027e-01 6.632211861369555761e-01
5.895956158638000488e-01 6.638723468925556981e-01 6.013358235359191895e-01 6.628723082824082846e-01
5.944712758064270020e-01 6.630131561868326528e-01 6.007096767425537109e-01 6.626793866838300850e-01
5.932188034057617188e-01 6.626908417399869355e-01 5.989354848861694336e-01 6.625097690084438273e-01
5.903560519218444824e-01 6.629143989476476984e-01 6.011270880699157715e-01 6.623323200963728841e-01
5.937556028366088867e-01 6.632127277986332725e-01 6.017532944679260254e-01 6.621687612685847046e-01
5.924584269523620605e-01 6.618229960537826972e-01 6.018576622009277344e-01 6.619811156328025969e-01
5.976024270057678223e-01 6.610153575962228745e-01 6.002922058105468750e-01 6.619187807693434067e-01
5.940687060356140137e-01 6.614396506738824399e-01 5.996660590171813965e-01 6.617816982351895083e-01
5.917874574661254883e-01 6.626045095150575603e-01 6.020663976669311523e-01 6.615924324130394441e-01
5.923241972923278809e-01 6.624422191635059853e-01 6.006053090095520020e-01 6.613449154231573202e-01
5.931293368339538574e-01 6.607361210119875317e-01 6.007096767425537109e-01 6.613010310026927741e-01
5.962157845497131348e-01 6.604093519044618166e-01 6.030056476593017578e-01 6.611434901663864050e-01
5.991680026054382324e-01 6.595863741825039872e-01 5.999791026115417480e-01 6.609417702703330733e-01
5.942923426628112793e-01 6.624132970360998574e-01 6.002922058105468750e-01 6.611870931101054838e-01
5.955448150634765625e-01 6.597981372850485471e-01 6.001878380775451660e-01 6.606552120017448182e-01
5.956342816352844238e-01 6.598889080030714283e-01 6.021707653999328613e-01 6.604734835483365707e-01
5.950975418090820312e-01 6.597805643555174626e-01 6.009184122085571289e-01 6.602235925991334353e-01
5.964841842651367188e-01 6.594051195611508875e-01 6.019620299339294434e-01 6.600346631432495448e-01
5.966631174087524414e-01 6.601431136759220442e-01 6.010227799415588379e-01 6.599316265433249340e-01
5.994811058044433594e-01 6.596311232787293033e-01 5.997704267501831055e-01 6.597619651877240088e-01
5.945160388946533203e-01 6.601383613439509856e-01 5.999791026115417480e-01 6.599073568780843280e-01
5.985417962074279785e-01 6.591622607399556522e-01 6.033187508583068848e-01 6.594585906461494229e-01
6.051172018051147461e-01 6.575454018542156165e-01 6.012314558029174805e-01 6.592494508986730395e-01
6.009572148323059082e-01 6.583035241877122079e-01 6.014401912689208984e-01 6.590945468245505978e-01
5.955001115798950195e-01 6.588445969484513220e-01 6.025881767272949219e-01 6.589498148659180821e-01
6.005546450614929199e-01 6.573583438797870881e-01 6.032143831253051758e-01 6.588770267710111206e-01
5.988101363182067871e-01 6.580735030808161357e-01 6.031100153923034668e-01 6.585957005983901213e-01
6.005546450614929199e-01 6.581383595037468837e-01 6.024838089942932129e-01 6.583789417948212597e-01
6.013597846031188965e-01 6.567805879528566537e-01 6.044667363166809082e-01 6.582235936779140539e-01
5.986312627792358398e-01 6.578459308727160337e-01 6.044667363166809082e-01 6.579421965669326466e-01
6.038647294044494629e-01 6.576776772625524403e-01 6.051972508430480957e-01 6.578193527127924600e-01
6.025227904319763184e-01 6.570917230254743613e-01 6.045710444450378418e-01 6.576852575893119557e-01
6.001073718070983887e-01 6.575430957015585554e-01 6.060321331024169922e-01 6.574935613880822372e-01
6.005546450614929199e-01 6.570663174761282033e-01 6.044667363166809082e-01 6.574037693358493195e-01
5.989443659782409668e-01 6.577491322044055622e-01 6.050928831100463867e-01 6.572860619440080709e-01
6.015387177467346191e-01 6.554832237951442320e-01 6.053016185760498047e-01 6.570539196431823825e-01
6.004204750061035156e-01 6.572571095018528986e-01 6.057190299034118652e-01 6.569664566259597605e-01
6.036410927772521973e-01 6.569933026394492170e-01 6.049885153770446777e-01 6.567113983733149363e-01
6.019860506057739258e-01 6.564388023461099619e-01 6.064496040344238281e-01 6.568269755864686310e-01
6.008677482604980469e-01 6.559170152232821627e-01 6.071801185607910156e-01 6.566206848315321309e-01
6.008230447769165039e-01 6.563233111642259310e-01 6.075975894927978516e-01 6.563871373863514602e-01
6.027464866638183594e-01 6.553785328597155901e-01 6.046754121780395508e-01 6.559983217698799329e-01
6.049382686614990234e-01 6.548483125168258479e-01 6.038405299186706543e-01 6.560413344397572066e-01
6.071300506591796875e-01 6.539453013059726150e-01 6.070757508277893066e-01 6.557958520446582895e-01
6.098586320877075195e-01 6.541225435503865704e-01 6.057190299034118652e-01 6.559282596388482656e-01
6.043120622634887695e-01 6.544202841827664319e-01 6.071801185607910156e-01 6.554939119334609599e-01
6.042225956916809082e-01 6.557637784002846582e-01 6.058233976364135742e-01 6.554042726562306909e-01
6.077115535736083984e-01 6.536023029382678207e-01 6.055103540420532227e-01 6.553073029905289726e-01
6.074432134628295898e-01 6.528036756813259123e-01 6.059277653694152832e-01 6.553148398989552259e-01
6.024780869483947754e-01 6.539081562544413195e-01 6.077019572257995605e-01 6.550271835911376517e-01
6.068169474601745605e-01 6.534637884518651463e-01 6.085368394851684570e-01 6.548100946666651767e-01
6.064143776893615723e-01 6.533181831030027142e-01 6.061365008354187012e-01 6.546388075511456739e-01
6.079799532890319824e-01 6.536446747913794431e-01 6.080150008201599121e-01 6.545783653559851256e-01
