5.482197403907775879e-01 6.938085828405050615e-01 5.847422480583190918e-01 6.730980577883902694e-01
5.782340168952941895e-01 6.727898088352990413e-01 5.779586434364318848e-01 6.718706263054688987e-01
5.880748033523559570e-01 6.688710976785955387e-01 5.934042930603027344e-01 6.697007657664972857e-01
5.904902219772338867e-01 6.666058983929065151e-01 5.905865430831909180e-01 6.691884517271566857e-01
5.915637612342834473e-01 6.665905830492847572e-01 5.958046317100524902e-01 6.663292599008019401e-01
5.928162336349487305e-01 6.647561694496879614e-01 5.967438817024230957e-01 6.634176551885132556e-01
5.913401246070861816e-01 6.642037711239048292e-01 5.973700881004333496e-01 6.652706007921628251e-01
5.958579182624816895e-01 6.633886426692573446e-01 5.975787639617919922e-01 6.634013417542938829e-01
5.959026813507080078e-01 6.617086081497143280e-01 5.962221026420593262e-01 6.657939574161617635e-01
5.963052511215209961e-01 6.617017760646217717e-01 5.722187161445617676e-01 6.747166142411930023e-01
6.004651784896850586e-01 6.606260679300962613e-01 5.997704267501831055e-01 6.623799167627880680e-01
6.022096872329711914e-01 6.604743885170647477e-01 6.074932217597961426e-01 6.586059437766500491e-01
6.046251654624938965e-01 6.569025124051443010e-01 6.144855022430419922e-01 6.571790766203435830e-01
6.014045476913452148e-01 6.603930142915916957e-01 6.039448976516723633e-01 6.603011231137775328e-01
6.029701232910156250e-01 6.579047353286012756e-01 6.083281040191650391e-01 6.623995273876130963e-01
6.060565114021301270e-01 6.573161294260227994e-01 6.022750735282897949e-01 6.573220065555201996e-01
6.055197715759277344e-01 6.548873255751516131e-01 6.033187508583068848e-01 6.581389553933570946e-01
6.089640259742736816e-01 6.559215301924729014e-01 6.037361621856689453e-01 6.581591505442997425e-01
6.046698689460754395e-01 6.574706816357606121e-01 6.138592958450317383e-01 6.560803761290150415e-01
6.062354445457458496e-01 6.530312726420438585e-01 6.088499426841735840e-01 6.555076117581252193e-01
6.073984503746032715e-01 6.537336637475107404e-01 6.091629862785339355e-01 6.521679670694749964e-01
6.087850928306579590e-01 6.519456734638517936e-01 6.033187508583068848e-01 6.573043449192250698e-01
6.072642803192138672e-01 6.518813397253448993e-01 6.109371781349182129e-01 6.553651827333665247e-01
6.123188138008117676e-01 6.490304235653580056e-01 6.164683699607849121e-01 6.461381397673292559e-01
6.141975522041320801e-01 6.477452031528188048e-01 6.115633249282836914e-01 6.464349550360852792e-01
6.129897832870483398e-01 6.480211368462847066e-01 6.156334877014160156e-01 6.472758264861110389e-01
6.117820739746093750e-01 6.453098263248260302e-01 6.182425618171691895e-01 6.438777387776670746e-01
6.099928617477416992e-01 6.464722472731084801e-01 6.212690472602844238e-01 6.418107808867916653e-01
6.161656975746154785e-01 6.444960291685539744e-01 6.021707653999328613e-01 6.487052491029202672e-01
6.203703880310058594e-01 6.423408632138521979e-01 6.234606504440307617e-01 6.393913579644003864e-01
6.154499650001525879e-01 6.404128120823865400e-01 6.179294586181640625e-01 6.439736064727956677e-01
6.154947280883789062e-01 6.416710842848037943e-01 6.129200458526611328e-01 6.413060644802084376e-01
6.168366670608520508e-01 6.399154891949003776e-01 6.022750735282897949e-01 6.459353309139481691e-01
6.200572848320007324e-01 6.398742366165568463e-01 6.160508990287780762e-01 6.407515392301476043e-01
6.185811161994934082e-01 6.384524369755975037e-01 6.219995617866516113e-01 6.415024672712072995e-01
6.181338429450988770e-01 6.386930611825070159e-01 6.192861795425415039e-01 6.399407751424356361e-01
6.253802180290222168e-01 6.348566591131770132e-01 6.194949150085449219e-01 6.397971790808771875e-01
6.204598546028137207e-01 6.367269729454544391e-01 6.145898699760437012e-01 6.433541600203070976e-01
6.258722543716430664e-01 6.325003822345941495e-01 6.228345036506652832e-01 6.353097872280223379e-01
6.281087994575500488e-01 6.312775996017592206e-01 6.254435181617736816e-01 6.405279364299236722e-01
6.270799636840820312e-01 6.320423363018258245e-01 6.247130036354064941e-01 6.371319929833353379e-01
6.276614665985107422e-01 6.295862732920712856e-01 6.217908859252929688e-01 6.314003543325267254e-01
6.287797689437866211e-01 6.271184785226564529e-01 6.277394890785217285e-01 6.352274544401771417e-01
6.297638416290283203e-01 6.278846323927392836e-01 6.279482245445251465e-01 6.338200463280252439e-01
6.285560727119445801e-01 6.264001526182464419e-01 6.290962100028991699e-01 6.262361586056579554e-01
6.365181803703308105e-01 6.213647619004453171e-01 6.327489018440246582e-01 6.284890997337663210e-01
6.349526047706604004e-01 6.214762627918490878e-01 6.365059614181518555e-01 6.214842745566562243e-01
6.357129812240600586e-01 6.198621721254049532e-01 6.326445341110229492e-01 6.284823233910578066e-01
6.323581933975219727e-01 6.219377556199527923e-01 6.335837841033935547e-01 6.176737684144577578e-01
6.364734172821044922e-01 6.192649411139877769e-01 6.442287564277648926e-01 6.200753868409970559e-01
6.376811861991882324e-01 6.154945126734173710e-01 6.332707405090332031e-01 6.249259590505433781e-01
6.406781077384948730e-01 6.157598879730196151e-01 6.398455500602722168e-01 6.183902923460171674e-01
6.359366774559020996e-01 6.189876147045135779e-01 6.304529309272766113e-01 6.229515725226174583e-01
6.429146528244018555e-01 6.151248156800426248e-01 6.417240500450134277e-01 6.174625198743060039e-01
6.450169682502746582e-01 6.104320239500318213e-01 6.368190646171569824e-01 6.187575825991000755e-01
6.467614769935607910e-01 6.068407554045455177e-01 6.421415209770202637e-01 6.132909303616193020e-01
6.476560831069946289e-01 6.048001141598493557e-01 6.409935355186462402e-01 6.157749355324522167e-01
6.444802284240722656e-01 6.116215227264094612e-01 6.424546241760253906e-01 6.123593324685340233e-01
6.462694406509399414e-01 6.050609918416218758e-01 6.360884904861450195e-01 6.143174592574288662e-01
6.507872343063354492e-01 6.040606418200268335e-01 6.472552418708801270e-01 6.140981946825557758e-01
6.558865904808044434e-01 6.014939606200392364e-01 6.366103291511535645e-01 6.166275911230654216e-01
6.576758027076721191e-01 6.008114238014842234e-01 6.426633000373840332e-01 6.140210206885349242e-01
6.570048332214355469e-01 5.985530590004305429e-01 6.462116241455078125e-01 6.118766245949469607e-01
6.561996936798095703e-01 6.011140186770868032e-01 6.405760645866394043e-01 6.089113657993554529e-01
6.541867852210998535e-01 5.973777963066169150e-01 6.423502564430236816e-01 6.083886614673895687e-01
6.495795249938964844e-01 6.067520671164675639e-01 6.457942128181457520e-01 6.078738763048215921e-01
6.605833172798156738e-01 5.914271839041683743e-01 6.467334628105163574e-01 6.108308140506477635e-01
6.611200571060180664e-01 5.933767356435735163e-01 6.461072564125061035e-01 6.186393258517381977e-01
6.620594263076782227e-01 5.914484637115057231e-01 6.442287564277648926e-01 6.073029746568369136e-01
6.679190993309020996e-01 5.890248424786321824e-01 6.326445341110229492e-01 6.208527502698107936e-01
6.615673899650573730e-01 5.903603399795973594e-01 6.484032273292541504e-01 6.117206923624738391e-01
6.666219234466552734e-01 5.903002602999870563e-01 6.493425369262695312e-01 6.087411496515339193e-01
6.593308448791503906e-01 5.945742223701743212e-01 6.351492404937744141e-01 6.181451874345609276e-01
6.665324568748474121e-01 5.889869077535409003e-01 6.512210369110107422e-01 6.065225457503188311e-01
6.720790863037109375e-01 5.817558965799868309e-01 6.524733901023864746e-01 6.090222284480839576e-01
6.684111356735229492e-01 5.871464285574951036e-01 6.509079337120056152e-01 6.082524922739561690e-01
6.695294380187988281e-01 5.869333897833108882e-01 6.562304496765136719e-01 6.045405755732756736e-01
6.691715717315673828e-01 5.827022007058144659e-01 6.492381691932678223e-01 6.015222310596904931e-01
6.793701648712158203e-01 5.762722656133456578e-01 6.533082723617553711e-01 6.247164925661049528e-01
6.761048436164855957e-01 5.769920843640217178e-01 6.538301110267639160e-01 6.083860022617118002e-01
6.727500557899475098e-01 5.773714886813966496e-01 6.625965237617492676e-01 5.906487179185672121e-01
6.803095340728759766e-01 5.696090948583828473e-01 6.579002141952514648e-01 5.938606456286025237e-01
6.753444075584411621e-01 5.750733695765645193e-01 6.668753623962402344e-01 5.928602469935344565e-01
6.772678494453430176e-01 5.756486418379891390e-01 6.561260819435119629e-01 6.039628466368468507e-01
6.760601401329040527e-01 5.746149064752705815e-01 6.630139946937561035e-01 5.892640085763758417e-01
6.799964308738708496e-01 5.720502426189607581e-01 6.554998755455017090e-01 5.965399092708293383e-01
6.809805035591125488e-01 5.703024140707941836e-01 6.687539219856262207e-01 5.879686939096778753e-01
6.810252070426940918e-01 5.695845001625617909e-01 6.655187010765075684e-01 5.898528497295224549e-01
6.826802492141723633e-01 5.669777981602328598e-01 6.713629961013793945e-01 5.908229922954684188e-01
6.771336793899536133e-01 5.744209747596852322e-01 6.689626574516296387e-01 5.841464533782956270e-01
6.828144788742065430e-01 5.670244065075872308e-01 6.662492156028747559e-01 5.885551042358702079e-01
6.833512187004089355e-01 5.684629559175637947e-01 6.575871706008911133e-01 6.066757023919228109e-01
6.769099831581115723e-01 5.722991292091447191e-01 6.582133173942565918e-01 5.893338665761173045e-01
6.795043945312500000e-01 5.684532335244344425e-01 6.693800687789916992e-01 5.836773281355188692e-01
6.829933524131774902e-01 5.660645649714255434e-01 6.677103042602539062e-01 5.883598934133573710e-01
6.830828189849853516e-01 5.641274612178996950e-01 6.747025847434997559e-01 5.838476526192298843e-01
6.861245036125183105e-01 5.602278493985994867e-01 6.651012301445007324e-01 5.891293247963784729e-01
6.841563582420349121e-01 5.636307714577970529e-01 6.696931719779968262e-01 5.803876305094245458e-01
6.864823698997497559e-01 5.612245353289038174e-01 6.589438319206237793e-01 5.989835807212681162e-01
6.903739571571350098e-01 5.607637123358572007e-01 6.645793914794921875e-01 5.867634590422029506e-01
