5.004473328590393066e-01 7.115496231076712252e-01 4.921728372573852539e-01 6.972398024166682751e-01
5.004920363426208496e-01 7.079891242309511723e-01 4.971822202205657959e-01 6.960304329201713047e-01
5.042046904563903809e-01 7.078250302016830808e-01 5.013567209243774414e-01 6.949423834093675367e-01
5.108248591423034668e-01 7.048170481988282887e-01 5.033395886421203613e-01 6.939395459104843455e-01
5.042046904563903809e-01 7.051997850119993139e-01 5.049050450325012207e-01 6.931809748893639211e-01
5.082752108573913574e-01 7.023680234642185605e-01 5.088707804679870605e-01 6.925346603649340516e-01
5.127482414245605469e-01 7.006319562060864259e-01 5.148194432258605957e-01 6.918440075862186678e-01
5.099749565124511719e-01 7.020342621421062912e-01 5.133583545684814453e-01 6.913702888917734324e-01
5.050545930862426758e-01 7.024402787229374612e-01 5.156543254852294922e-01 6.908378761935846102e-01
5.161477923393249512e-01 7.008247258390589707e-01 5.174285173416137695e-01 6.905540910401142263e-01
5.118089318275451660e-01 7.003472447288678904e-01 5.182633996009826660e-01 6.899550393786716418e-01
5.119431018829345703e-01 6.991250319608018904e-01 5.208724737167358398e-01 6.896319140275219972e-01
5.110037326812744141e-01 7.005973994401298865e-01 5.337090492248535156e-01 6.890529538464928994e-01
5.139112472534179688e-01 6.997250806540917800e-01 5.378835201263427734e-01 6.888016150804383564e-01
5.195473432540893555e-01 6.968119051870665936e-01 5.434147119522094727e-01 6.883495952137027585e-01
5.237967371940612793e-01 6.962357391545801466e-01 5.463368892669677734e-01 6.879355763995903539e-01
5.188316106796264648e-01 6.977139223259662959e-01 5.463368892669677734e-01 6.877039188732559927e-01
5.220969915390014648e-01 6.950282254635402612e-01 5.515549778938293457e-01 6.873984763204765702e-01
5.239756703376770020e-01 6.964513274057326786e-01 5.566687583923339844e-01 6.870849549310039661e-01
5.189658403396606445e-01 6.945911335335112069e-01 5.569818615913391113e-01 6.868141532889787682e-01
5.246018767356872559e-01 6.945964187559617864e-01 5.599039793014526367e-01 6.865767742392664408e-01
5.225442647933959961e-01 6.947749724518658132e-01 5.590690970420837402e-01 6.861349636864946255e-01
5.276883244514465332e-01 6.934636928864978955e-01 5.595908761024475098e-01 6.858119084277199962e-01
5.286723971366882324e-01 6.939483352564042029e-01 5.659570097923278809e-01 6.856000434752671513e-01
5.237520337104797363e-01 6.939865209630146081e-01 5.600083470344543457e-01 6.851597912275226854e-01
5.248255729675292969e-01 6.945361312866040748e-01 5.587559938430786133e-01 6.849311017164032567e-01
5.327429175376892090e-01 6.932395104432835797e-01 5.570862293243408203e-01 6.846371448579946506e-01
5.282250642776489258e-01 6.927378425808877749e-01 5.572949051856994629e-01 6.843226546908788288e-01
5.309984087944030762e-01 6.924266392332770748e-01 5.577123761177062988e-01 6.841582056998808392e-01
5.333243608474731445e-01 6.919573600272156400e-01 5.563556551933288574e-01 6.838000910537423982e-01
5.351583361625671387e-01 6.915284384979846211e-01 5.573992729187011719e-01 6.836791477554702290e-01
5.313115119934082031e-01 6.917428267110885542e-01 5.587559938430786133e-01 6.834348632134318313e-01
5.360082387924194336e-01 6.909612028921710003e-01 5.590690970420837402e-01 6.831292990129343989e-01
5.360977053642272949e-01 6.901968238413024315e-01 5.573992729187011719e-01 6.827061541069029404e-01
5.335927605628967285e-01 6.907748576459613599e-01 5.566687583923339844e-01 6.824161241010244794e-01
5.406602025032043457e-01 6.885901776659486551e-01 5.643915534019470215e-01 6.822305802412158560e-01
5.411075353622436523e-01 6.896241851368281051e-01 5.649133920669555664e-01 6.818405328825056788e-01
5.409286022186279297e-01 6.895825763596770130e-01 5.639741420745849609e-01 6.816541963841815654e-01
5.406602025032043457e-01 6.887139385363820754e-01 5.637654066085815430e-01 6.814284030292855343e-01
5.397208929061889648e-01 6.884901076848529700e-01 5.697140693664550781e-01 6.810518286840773206e-01
5.439255833625793457e-01 6.881502344817760353e-01 5.701314806938171387e-01 6.809593330990220128e-01
5.415548682212829590e-01 6.891889052669185611e-01 5.714882016181945801e-01 6.807981381533763088e-01
5.457147955894470215e-01 6.858884213669906860e-01 5.691922307014465332e-01 6.805189903059625234e-01
5.443728566169738770e-01 6.878853871882505411e-01 5.714882016181945801e-01 6.803531036623782224e-01
5.479960441589355469e-01 6.872457297847787139e-01 5.677311420440673828e-01 6.801402409324016629e-01
5.445965528488159180e-01 6.887291283892441607e-01 5.710707306861877441e-01 6.799217164454244289e-01
5.483092069625854492e-01 6.872316555273855210e-01 5.674180984497070312e-01 6.796695835354980009e-01
5.467436313629150391e-01 6.872698994522381533e-01 5.677311420440673828e-01 6.794349681830958998e-01
5.454463958740234375e-01 6.862115959593042547e-01 5.661657452583312988e-01 6.793224792146055346e-01
5.460278987884521484e-01 6.867735655923332683e-01 5.653308033943176270e-01 6.792128366136123141e-01
5.536768436431884766e-01 6.861762464803666806e-01 5.659570097923278809e-01 6.789596457492332870e-01
5.463857650756835938e-01 6.863556985651194653e-01 5.652264952659606934e-01 6.786880589208282855e-01
5.562712550163269043e-01 6.844872642147837860e-01 5.678355097770690918e-01 6.784508552264629788e-01
5.556002855300903320e-01 6.849411423975463320e-01 5.722187161445617676e-01 6.784036825231211099e-01
5.517534613609313965e-01 6.853655980682304971e-01 5.706533193588256836e-01 6.780859571587091184e-01
5.526480674743652344e-01 6.854553028026661998e-01 5.731580257415771484e-01 6.778530335904063842e-01
5.533637404441833496e-01 6.842592018813902222e-01 5.712794661521911621e-01 6.777915386162329803e-01
5.506799221038818359e-01 6.854222003623141601e-01 5.713838338851928711e-01 6.776055986859857994e-01
5.585972666740417480e-01 6.836970885850637281e-01 5.710707306861877441e-01 6.775170182465163338e-01
5.520665645599365234e-01 6.851710641100445809e-01 5.704445838928222656e-01 6.775253000574902318e-01
5.545715093612670898e-01 6.833508798103039572e-01 5.712794661521911621e-01 6.773238289806594592e-01
5.553766489028930664e-01 6.839384884948614962e-01 5.759757757186889648e-01 6.772962851530324180e-01
5.551529526710510254e-01 6.839775313821712110e-01 5.768106579780578613e-01 6.770886034986416391e-01
5.596708059310913086e-01 6.829638405634521625e-01 5.767063498497009277e-01 6.769050419691384768e-01
5.606101155281066895e-01 6.821668255113706447e-01 5.782717466354370117e-01 6.767301843724203847e-01
5.571211576461791992e-01 6.832059700729211649e-01 5.770193934440612793e-01 6.766569996347907567e-01
5.584183335304260254e-01 6.825113626579241144e-01 5.752452611923217773e-01 6.764151975496953684e-01
5.562712550163269043e-01 6.816930197756541077e-01 5.713838338851928711e-01 6.762085430583782975e-01
5.589103698730468750e-01 6.836294801317529535e-01 5.768106579780578613e-01 6.762435114027885996e-01
5.575684309005737305e-01 6.813964390076429067e-01 5.746190547943115234e-01 6.759977508029169080e-01
5.619967579841613770e-01 6.828179721073807107e-01 5.756626725196838379e-01 6.758388953053660053e-01
5.563159584999084473e-01 6.825299436194159908e-01 5.779586434364318848e-01 6.758333625486911966e-01
5.570763945579528809e-01 6.819597985732105405e-01 5.774368643760681152e-01 6.757504951354234013e-01
5.666934847831726074e-01 6.804214493066771396e-01 5.777499675750732422e-01 6.755503088242075238e-01
5.645911693572998047e-01 6.804424665933602734e-01 5.767063498497009277e-01 6.754075817886660005e-01
5.583735704421997070e-01 6.822886898791049592e-01 5.758714079856872559e-01 6.754286028825771115e-01
5.629361271858215332e-01 6.811067405658195462e-01 5.774368643760681152e-01 6.752544700216087659e-01
5.625782608985900879e-01 6.798673475934047250e-01 5.763932466506958008e-01 6.751495116664183449e-01
5.601180791854858398e-01 6.813130243708865885e-01 5.708620548248291016e-01 6.752328219032566192e-01
5.621756911277770996e-01 6.805586577912182689e-01 5.714882016181945801e-01 6.749817020732359341e-01
5.591340065002441406e-01 6.815534261241754654e-01 5.718013048171997070e-01 6.749234161454584768e-01
5.617731213569641113e-01 6.794505727421216168e-01 5.709664225578308105e-01 6.749242467662283085e-01
5.656199455261230469e-01 6.808951725621068540e-01 5.713838338851928711e-01 6.748028503681517964e-01
5.648148059844970703e-01 6.803826319230735775e-01 5.721144080162048340e-01 6.746721869096256041e-01
5.639649033546447754e-01 6.801897706168988922e-01 5.724274516105651855e-01 6.745642012704814450e-01
5.664698481559753418e-01 6.801458691671893320e-01 5.712794661521911621e-01 6.745711908512637134e-01
5.645464062690734863e-01 6.802381780561767011e-01 5.697140693664550781e-01 6.745614755056617007e-01
5.585525035858154297e-01 6.819713449495212743e-01 5.714882016181945801e-01 6.743595008933700452e-01
5.611021518707275391e-01 6.809114312780075728e-01 5.701314806938171387e-01 6.743677292206520235e-01
5.657541751861572266e-01 6.788422489213183919e-01 5.692965984344482422e-01 6.744658089186696959e-01
5.670960545539855957e-01 6.790433071405734822e-01 5.696097016334533691e-01 6.743717081137227121e-01
5.682590603828430176e-01 6.778467673908983304e-01 5.699227452278137207e-01 6.742110109931366280e-01
5.647701025009155273e-01 6.791393865325792145e-01 5.699227452278137207e-01 6.740942278278567734e-01
5.708087086677551270e-01 6.782616336457865103e-01 5.700271129608154297e-01 6.741172216849744547e-01
5.670066475868225098e-01 6.784132716906989824e-01 5.720100402832031250e-01 6.741692023968004488e-01
5.658436417579650879e-01 6.803695027656302408e-01 5.708620548248291016e-01 6.740469075373930474e-01
5.681248903274536133e-01 6.799506743109104967e-01 5.716969370841979980e-01 6.741346470922996437e-01
5.659778118133544922e-01 6.790995478822029474e-01 5.695053339004516602e-01 6.737921612916124570e-01
5.637412667274475098e-01 6.810620538043856698e-01 5.695053339004516602e-01 6.738330399634270274e-01
5.656199455261230469e-01 6.783511949515466100e-01 5.696097016334533691e-01 6.737311119402258353e-01
