5.726874470710754395e-01 6.765903670665380787e-01 5.733667016029357910e-01 6.689022416935114235e-01
5.891035795211791992e-01 6.651418511844914283e-01 6.059277653694152832e-01 6.597639004538736751e-01
5.930398702621459961e-01 6.607772292871555431e-01 6.051972508430480957e-01 6.550915218101267534e-01
6.013150811195373535e-01 6.575577725748146252e-01 6.097891926765441895e-01 6.544271927615392670e-01
6.072642803192138672e-01 6.527874699046731788e-01 6.069713830947875977e-01 6.513232439725290535e-01
6.095008254051208496e-01 6.494767480511681734e-01 6.119807958602905273e-01 6.480385953238950725e-01
6.137949824333190918e-01 6.466204881625432499e-01 6.132331490516662598e-01 6.492758498040551718e-01
6.120504736900329590e-01 6.454605804101408717e-01 6.175119876861572266e-01 6.442870560779224709e-01
6.198335886001586914e-01 6.425978767677760217e-01 6.176163554191589355e-01 6.459733218769518892e-01
6.238146424293518066e-01 6.398454951800607304e-01 6.272177100181579590e-01 6.400766042870784656e-01
6.225174665451049805e-01 6.404295289510050226e-01 6.326445341110229492e-01 6.371251935004391687e-01
6.264537572860717773e-01 6.366101780546055133e-01 6.261740922927856445e-01 6.369661118137739386e-01
6.286008358001708984e-01 6.338510320915649032e-01 6.275308132171630859e-01 6.358344849503082541e-01
6.262748241424560547e-01 6.337136526742547238e-01 6.307660341262817383e-01 6.319315923676065427e-01
6.271247267723083496e-01 6.326652423259204738e-01 6.262784600257873535e-01 6.293093645480599685e-01
6.296296119689941406e-01 6.311470040227330491e-01 6.349405050277709961e-01 6.263219304857112757e-01
6.336106657981872559e-01 6.296111279810279182e-01 6.446462273597717285e-01 6.229444167430354673e-01
6.372785568237304688e-01 6.247717186683277024e-01 6.264871358871459961e-01 6.331457696113276246e-01
6.377258896827697754e-01 6.244181971747070348e-01 6.396368145942687988e-01 6.227434845837589439e-01
6.391572952270507812e-01 6.214491228102614340e-01 6.395324468612670898e-01 6.281837611127760734e-01
6.436750888824462891e-01 6.189061781549137775e-01 6.413066387176513672e-01 6.231392209202928356e-01
6.444355249404907227e-01 6.186221374832340247e-01 6.467334628105163574e-01 6.146494480966899765e-01
6.448827981948852539e-01 6.163199336419145080e-01 6.448549628257751465e-01 6.131156142781607477e-01
6.458668708801269531e-01 6.148258245872201266e-01 6.461072564125061035e-01 6.137928283555451614e-01
6.482375860214233398e-01 6.109204411314689276e-01 6.497599482536315918e-01 6.081194519946879762e-01
6.470746397972106934e-01 6.138243604525404074e-01 6.509079337120056152e-01 6.203246243660396342e-01
6.477008461952209473e-01 6.090558178524229094e-01 6.450636386871337891e-01 6.127659650218185705e-01
6.520844697952270508e-01 6.059494329748735808e-01 6.544562578201293945e-01 6.066289782847573697e-01
6.523081064224243164e-01 6.043802000132970642e-01 6.520559191703796387e-01 6.050252369887841875e-01
6.530685424804687500e-01 6.024704061289937185e-01 6.584220528602600098e-01 5.979461304406437083e-01
6.563338637351989746e-01 6.030475779858615049e-01 6.570653319358825684e-01 5.980750757775558091e-01
6.605833172798156738e-01 5.962056933735069286e-01 6.436026096343994141e-01 6.005968574541044047e-01
6.583467721939086914e-01 5.960143304698730660e-01 6.498643159866333008e-01 6.004702782387077997e-01
6.600018143653869629e-01 5.949354760760718897e-01 6.571696996688842773e-01 5.974898943943859342e-01
6.626409292221069336e-01 5.917265506587572332e-01 6.615529060363769531e-01 5.997459587760221034e-01
6.641617417335510254e-01 5.918497054686506775e-01 6.630139946937561035e-01 5.970723141436535819e-01
6.632671356201171875e-01 5.910926873834514428e-01 6.603005528450012207e-01 5.925408405193678396e-01
6.676954627037048340e-01 5.872064649600167163e-01 6.580045819282531738e-01 5.988849893140782976e-01
6.681874990463256836e-01 5.853414818135287412e-01 6.658317446708679199e-01 5.906677593818613348e-01
6.689479351043701172e-01 5.842795907907183395e-01 6.649968624114990234e-01 5.892880741725309290e-01
6.744498014450073242e-01 5.792807867988146731e-01 6.588394641876220703e-01 5.883586771601153620e-01
6.764179468154907227e-01 5.791646407443565847e-01 6.630139946937561035e-01 5.923720808099839363e-01
6.715870499610900879e-01 5.797420647878470668e-01 6.606136560440063477e-01 5.907754737707300308e-01
6.752549409866333008e-01 5.787777850252077139e-01 6.712586283683776855e-01 5.826443247644818024e-01
6.735551953315734863e-01 5.792709974851009136e-01 6.612398028373718262e-01 5.940939236523288258e-01
6.787439584732055664e-01 5.735465298933513090e-01 6.690670251846313477e-01 5.801276283059133565e-01
6.741814017295837402e-01 5.749747990111498952e-01 6.693800687789916992e-01 5.882928396933413406e-01
6.783860921859741211e-01 5.712169652485126203e-01 6.637445092201232910e-01 5.820118953728322664e-01
6.773573160171508789e-01 5.734251166716695103e-01 6.704236865043640137e-01 5.884626908855681293e-01
6.787439584732055664e-01 5.721610911653088882e-01 6.786683201789855957e-01 5.758421444315622306e-01
6.830828189849853516e-01 5.661021869134382767e-01 6.579002141952514648e-01 5.892110116246398466e-01
6.793254613876342773e-01 5.683301566090347423e-01 6.683364510536193848e-01 5.836350730455287517e-01
6.810699701309204102e-01 5.685209918798541651e-01 6.755374670028686523e-01 5.737903189669071313e-01
6.823671460151672363e-01 5.635855240405064359e-01 6.637445092201232910e-01 5.927261744130755128e-01
6.818304061889648438e-01 5.687958619146232797e-01 6.756418347358703613e-01 5.748424258318706181e-01
6.842011213302612305e-01 5.640176814066145683e-01 6.733458638191223145e-01 5.767810111303613985e-01
6.862587332725524902e-01 5.586166361999715946e-01 6.603005528450012207e-01 5.944631901645281991e-01
6.888083815574645996e-01 5.604408740954656132e-01 6.748069524765014648e-01 5.738240429290623057e-01
6.898371577262878418e-01 5.590502191878192750e-01 6.712586283683776855e-01 5.757642783095507921e-01
6.855430603027343750e-01 5.612932076222100219e-01 6.702150106430053711e-01 5.735303502046994462e-01
6.851404309272766113e-01 5.601692293875757400e-01 6.772072911262512207e-01 5.769913263620500832e-01
6.875112056732177734e-01 5.573513546129057472e-01 6.809642910957336426e-01 5.670808245159842942e-01
6.925210356712341309e-01 5.527553788812370472e-01 6.672928333282470703e-01 5.745695315455374708e-01
6.901503205299377441e-01 5.548629629247238126e-01 6.854518651962280273e-01 5.757216777962748111e-01
6.899266242980957031e-01 5.546780707670209143e-01 6.828428506851196289e-01 5.635680065252566262e-01
6.910001635551452637e-01 5.507675593815201109e-01 6.835733652114868164e-01 5.636319622220139491e-01
6.915816664695739746e-01 5.529499491631696406e-01 6.692757010459899902e-01 5.732022214846530517e-01
6.913132667541503906e-01 5.527447680386986528e-01 6.848257184028625488e-01 5.690120404111495001e-01
6.959205865859985352e-01 5.470894457488094664e-01 6.768941879272460938e-01 5.744552192049020567e-01
6.930130720138549805e-01 5.507569877528444291e-01 6.879565715789794922e-01 5.600413229464986653e-01
6.926105022430419922e-01 5.537192932734827933e-01 6.856606006622314453e-01 5.686775476916103855e-01
6.974413990974426270e-01 5.483886902203050084e-01 6.678146719932556152e-01 5.951600931950288276e-01
6.925210356712341309e-01 5.530933586743590480e-01 6.900438070297241211e-01 5.666794160342469855e-01
6.969940662384033203e-01 5.464331380773643776e-01 6.799206733703613281e-01 5.699568749145933477e-01
6.982913017272949219e-01 5.444433407677715664e-01 6.835733652114868164e-01 5.599513794877687411e-01
6.968151926994323730e-01 5.465046948024936402e-01 6.796075701713562012e-01 5.647310690724558491e-01
6.981123685836791992e-01 5.414304715786365518e-01 6.806512475013732910e-01 5.670190175225057194e-01
6.986044049263000488e-01 5.466283004065066731e-01 6.825297474861145020e-01 5.652186399560162888e-01
7.004383802413940430e-01 5.417813696253809264e-01 6.883740425109863281e-01 5.651981996061706814e-01
7.013776898384094238e-01 5.401638853974409793e-01 6.830515265464782715e-01 5.566397706045533855e-01
6.999910473823547363e-01 5.381709906939295962e-01 6.839908361434936523e-01 5.751037773571440193e-01
6.985596418380737305e-01 5.413372982996567107e-01 6.893132925033569336e-01 5.612245096689573165e-01
7.005725502967834473e-01 5.363016156801321266e-01 6.768941879272460938e-01 5.790080795380646572e-01
6.968151926994323730e-01 5.446109426300989043e-01 6.946357488632202148e-01 5.527910322691149680e-01
7.058507800102233887e-01 5.322624862055420625e-01 6.856606006622314453e-01 5.567479923731398772e-01
7.032563686370849609e-01 5.360799130844843274e-01 6.944270730018615723e-01 5.553068046255317247e-01
7.025406956672668457e-01 5.346696839005815605e-01 6.930703520774841309e-01 5.533121971689916041e-01
7.039273381233215332e-01 5.362326010093853013e-01 6.989146471023559570e-01 5.526345199146243115e-01
7.025406956672668457e-01 5.350677742261028547e-01 6.936964988708496094e-01 5.551454437921102825e-01
7.041062712669372559e-01 5.347882200650354578e-01 6.916092634201049805e-01 5.561814460070639843e-01
7.067453861236572266e-01 5.294867408235078843e-01 6.956794261932373047e-01 5.549603066273209873e-01
7.062086462974548340e-01 5.357496768294816025e-01 7.045502066612243652e-01 5.483421506774224241e-01
7.047325372695922852e-01 5.354192632802549090e-01 6.884784102439880371e-01 5.579619984167947244e-01
7.014671564102172852e-01 5.395150366783312279e-01 6.953663229942321777e-01 5.519153825974469907e-01
7.076399922370910645e-01 5.316158643261992278e-01 6.986015439033508301e-01 5.476702255387565499e-01
7.097423672676086426e-01 5.298779414749077432e-01 6.923397779464721680e-01 5.611183150181364709e-01
7.084004282951354980e-01 5.302332355694985289e-01 6.900438070297241211e-01 5.559478223236735683e-01
7.022275924682617188e-01 5.370396529226871829e-01 7.008975148200988770e-01 5.486477261867535038e-01
7.075058221817016602e-01 5.299208241000459285e-01 6.955750584602355957e-01 5.506284478884653222e-01
7.081320285797119141e-01 5.252069487706517714e-01 6.987059116363525391e-01 5.530890368191092588e-01
