5.742530226707458496e-01 6.768784711241060403e-01 5.786892175674438477e-01 6.720648588081213903e-01
5.801126956939697266e-01 6.694889548725381223e-01 6.016489267349243164e-01 6.660093736285283006e-01
5.856146216392517090e-01 6.659346563079358017e-01 5.823419094085693359e-01 6.697349535152424815e-01
5.875827670097351074e-01 6.620640564229326452e-01 5.936130285263061523e-01 6.667886013602494222e-01
5.925031304359436035e-01 6.607594943084962313e-01 6.019620299339294434e-01 6.582286776020341845e-01
5.959473848342895508e-01 6.587902175055609932e-01 6.024838089942932129e-01 6.556401530304424297e-01
6.010914444923400879e-01 6.550696940216443886e-01 5.796284675598144531e-01 6.744042949720305824e-01
5.952317118644714355e-01 6.566096080674065361e-01 6.137549281120300293e-01 6.525205781827563278e-01
6.035963296890258789e-01 6.526290026221255314e-01 6.024838089942932129e-01 6.515627760798566870e-01
6.030148267745971680e-01 6.483697290496464039e-01 6.131287813186645508e-01 6.508832709497162083e-01
6.093665957450866699e-01 6.476232927885139379e-01 6.074932217597961426e-01 6.437426246150603770e-01
6.130345463752746582e-01 6.439040376283035050e-01 6.136506199836730957e-01 6.423594981736764353e-01
6.141080856323242188e-01 6.438420019586603704e-01 6.072844862937927246e-01 6.430341112068763687e-01
6.163893342018127441e-01 6.422329481566478870e-01 6.186599731445312500e-01 6.364464134170725318e-01
6.221596002578735352e-01 6.393473474470484641e-01 6.327489018440246582e-01 6.323814341579541143e-01
6.191626191139221191e-01 6.391122882599522548e-01 6.135462522506713867e-01 6.420284361362557091e-01
6.188942790031433105e-01 6.377379167675012450e-01 6.231475472450256348e-01 6.316843947869604792e-01
6.252907514572143555e-01 6.315633901054135135e-01 6.259653568267822266e-01 6.316654781935931995e-01
6.241277456283569336e-01 6.328388381503438076e-01 6.380713582038879395e-01 6.281891657026693609e-01
6.288244724273681641e-01 6.299072767460062172e-01 6.359841227531433105e-01 6.277883088033847647e-01
6.295849084854125977e-01 6.304784020854570237e-01 6.192861795425415039e-01 6.293214652986671709e-01
6.358919143676757812e-01 6.237908014886002217e-01 6.406804323196411133e-01 6.253788150618355690e-01
6.377705931663513184e-01 6.226121387598574364e-01 6.288874745368957520e-01 6.209533778517859481e-01
6.351315379142761230e-01 6.198929026123022323e-01 6.433938741683959961e-01 6.153482718249746464e-01
6.396045684814453125e-01 6.183799048574095680e-01 6.377583146095275879e-01 6.203871825696332110e-01
6.359366774559020996e-01 6.220535462221277179e-01 6.313921809196472168e-01 6.275286258971409792e-01
6.423779129981994629e-01 6.139729306339086756e-01 6.419327855110168457e-01 6.152275020781102777e-01
6.448827981948852539e-01 6.117870495387193186e-01 6.456898450851440430e-01 6.168044288853617996e-01
6.439434885978698730e-01 6.118107664924249400e-01 6.303485631942749023e-01 6.266954363922663251e-01
6.476560831069946289e-01 6.099263457689713119e-01 6.465247273445129395e-01 6.077464839357643589e-01
6.499373912811279297e-01 6.081747532872016082e-01 6.432895064353942871e-01 6.099018440244591277e-01
6.540526151657104492e-01 6.064667722517229631e-01 6.467334628105163574e-01 6.225985460180849529e-01
6.544551849365234375e-01 6.042774100383847546e-01 6.575871706008911133e-01 6.028740425941915282e-01
6.544551849365234375e-01 6.009507711318892165e-01 6.516385078430175781e-01 6.025564154138447481e-01
6.576758027076721191e-01 5.965411032455555373e-01 6.498643159866333008e-01 6.034460114527037122e-01
6.564233303070068359e-01 5.939653993164795143e-01 6.466290950775146484e-01 6.130164425623390034e-01
6.584362387657165527e-01 5.976985456649595019e-01 6.498643159866333008e-01 6.054457463145230811e-01
6.617462635040283203e-01 5.928765016626770246e-01 6.473596096038818359e-01 6.072193801938007285e-01
6.659957170486450195e-01 5.890071707625874620e-01 6.568565964698791504e-01 6.059201968360659052e-01
6.616120934486389160e-01 5.928029470035056647e-01 6.508035659790039062e-01 6.021564527210824247e-01
6.658614873886108398e-01 5.859955623572618011e-01 6.611354351043701172e-01 5.932878869059090565e-01
6.647879481315612793e-01 5.863855398923430995e-01 6.693800687789916992e-01 5.896113304772373498e-01
6.693952679634094238e-01 5.813863222405786235e-01 6.524733901023864746e-01 6.013156073473112651e-01
6.677402257919311523e-01 5.827130073190567305e-01 6.633270978927612305e-01 5.955367085083220768e-01
6.739130616188049316e-01 5.798572302717794891e-01 6.612398028373718262e-01 5.928716812072082343e-01
6.745392680168151855e-01 5.795493680156605931e-01 6.452723741531372070e-01 6.138064503744384837e-01
6.695741415023803711e-01 5.823878096561565521e-01 6.667710542678833008e-01 5.907490384576216114e-01
6.722132563591003418e-01 5.789460585462448128e-01 6.461072564125061035e-01 6.064494997667285725e-01
6.727052927017211914e-01 5.769773978819294769e-01 6.653099656105041504e-01 5.892109261054729874e-01
6.713634133338928223e-01 5.788266090997793434e-01 6.625965237617492676e-01 5.856276400724748088e-01
6.701109409332275391e-01 5.782662652476909804e-01 6.667710542678833008e-01 5.916905092859636728e-01
6.769994497299194336e-01 5.712196307033859943e-01 6.748069524765014648e-01 5.822969587479720488e-01
6.787887215614318848e-01 5.673466548017023214e-01 6.618660092353820801e-01 5.945330411351267275e-01
6.727052927017211914e-01 5.769081090767410602e-01 6.552911996841430664e-01 5.946641947301984921e-01
6.763284802436828613e-01 5.724775243432561611e-01 6.725109815597534180e-01 5.812948754823573649e-01
6.767310500144958496e-01 5.751737560093733714e-01 6.688582897186279297e-01 5.948407775647603923e-01
6.772231459617614746e-01 5.674560180310167512e-01 6.776247024536132812e-01 5.754045970975867341e-01
6.844695210456848145e-01 5.622356080863871730e-01 6.718847751617431641e-01 5.777982094546146863e-01
6.843352913856506348e-01 5.620346091305085112e-01 6.725109815597534180e-01 5.787120861814057937e-01
6.803542375564575195e-01 5.650149885838989805e-01 6.673972010612487793e-01 5.770656977683162880e-01
6.774467825889587402e-01 5.714158282806374167e-01 6.591525673866271973e-01 5.895118473268355919e-01
6.839774847030639648e-01 5.599597443257104956e-01 6.673972010612487793e-01 5.781945365128648984e-01
6.843352913856506348e-01 5.589335141305229460e-01 6.759549379348754883e-01 5.764238881905574541e-01
6.823224425315856934e-01 5.588986358418194245e-01 6.734502315521240234e-01 5.771955102153373263e-01
6.836643218994140625e-01 5.579087025877358386e-01 6.702150106430053711e-01 5.779234886144551941e-01
6.825907826423645020e-01 5.581644036876939330e-01 6.811730265617370605e-01 5.735707634477171801e-01
6.843800544738769531e-01 5.572277275089885240e-01 6.721978783607482910e-01 5.838966814268856664e-01
6.776257157325744629e-01 5.686385131389899428e-01 6.728240251541137695e-01 5.782540244489839942e-01
6.806226372718811035e-01 5.646866707580847633e-01 6.801294088363647461e-01 5.892295724438416649e-01
6.893451213836669922e-01 5.544956736219954774e-01 6.816948652267456055e-01 5.763227143259791463e-01
6.867954730987548828e-01 5.537128055281237415e-01 6.684408187866210938e-01 5.762930736738812731e-01
6.877795457839965820e-01 5.514632634729237370e-01 6.834689974784851074e-01 5.731527075790407988e-01
6.864376664161682129e-01 5.529423755233500160e-01 6.799206733703613281e-01 5.729625442410729574e-01
6.875112056732177734e-01 5.530504514352433398e-01 6.648924946784973145e-01 5.855872165905461335e-01
6.881374120712280273e-01 5.519135812886351022e-01 6.755374670028686523e-01 5.708209824472497695e-01
6.885847449302673340e-01 5.502202173298044174e-01 6.788770556449890137e-01 5.690031573907290419e-01
6.921184659004211426e-01 5.477130562893540722e-01 6.768941879272460938e-01 5.696582404662959842e-01
6.863034367561340332e-01 5.558986087928071695e-01 6.752243638038635254e-01 5.653886099469808135e-01
6.905081272125244141e-01 5.456502138448542372e-01 6.811730265617370605e-01 5.617615294789899405e-01
6.928788423538208008e-01 5.447866376812672273e-01 6.815904974937438965e-01 5.639315632459043215e-01
6.915369629859924316e-01 5.461243246424537512e-01 6.825297474861145020e-01 5.737538015611035602e-01
6.917158961296081543e-01 5.495321763545077953e-01 6.806512475013732910e-01 5.682819461653312310e-01
6.939076781272888184e-01 5.443938250276351143e-01 6.785639524459838867e-01 5.729452612454297711e-01
6.899713873863220215e-01 5.476322035005425359e-01 6.869129538536071777e-01 5.584893886492113824e-01
6.964126229286193848e-01 5.425925729291386501e-01 6.877478361129760742e-01 5.629795227138365554e-01
6.906423568725585938e-01 5.494897080184436566e-01 6.853474974632263184e-01 5.695949172431207241e-01
6.925210356712341309e-01 5.431583212556256868e-01 6.840952038764953613e-01 5.614102665677843662e-01
6.969940662384033203e-01 5.368510758030028418e-01 6.886871457099914551e-01 5.575412245464583805e-01
6.939523816108703613e-01 5.442205501660654088e-01 6.819035410881042480e-01 5.746363317312066510e-01
6.865271329879760742e-01 5.510720369704487087e-01 6.744938492774963379e-01 5.709549629148324978e-01
6.914921998977661133e-01 5.444775190458333025e-01 6.924441456794738770e-01 5.553628878189362794e-01
6.965914964675903320e-01 5.384987176136502018e-01 6.905656456947326660e-01 5.562071632776597330e-01
6.952943205833435059e-01 5.393343906130426690e-01 6.883740425109863281e-01 5.637707035468381145e-01
6.950706839561462402e-01 5.399119839789424669e-01 6.901481747627258301e-01 5.578829274250206582e-01
6.998121142387390137e-01 5.373310940725087859e-01 6.849300861358642578e-01 5.613784753213817424e-01
6.985596418380737305e-01 5.366596147154072405e-01 6.915048956871032715e-01 5.612281154327217747e-01
6.993200778961181641e-01 5.354893143775532049e-01 6.882696747779846191e-01 5.601743656517542691e-01
7.009304165840148926e-01 5.374254287515648487e-01 6.914005279541015625e-01 5.540296095717901492e-01
6.992753744125366211e-01 5.370028938722858358e-01 6.954706907272338867e-01 5.595061418607573112e-01
7.011987566947937012e-01 5.326966288734322763e-01 6.925485134124755859e-01 5.571407896321344255e-01
