5.343084335327148438e-01 8.371965923128453779e-01 5.691922307014465332e-01 6.775516056362559381e-01
5.651726722717285156e-01 6.794687763674994718e-01 5.745146870613098145e-01 6.739311610774042505e-01
5.701825022697448730e-01 6.750189978506040411e-01 5.699227452278137207e-01 6.732037876697851697e-01
5.515745282173156738e-01 6.819024647278273399e-01 5.686704516410827637e-01 6.790345011835331457e-01
5.640543699264526367e-01 6.783679753920540678e-01 5.020872354507446289e-01 6.979866121636878473e-01
5.568974614143371582e-01 6.801361438519499814e-01 5.699227452278137207e-01 6.796473211198080788e-01
5.632045269012451172e-01 6.789264002177344270e-01 5.856814980506896973e-01 6.719875366049304910e-01
5.657988786697387695e-01 6.763025483732723053e-01 5.671049952507019043e-01 6.741459407728764841e-01
5.657541751861572266e-01 6.770038574875349990e-01 5.732623934745788574e-01 6.742288983084667731e-01
5.700483322143554688e-01 6.772116023795851092e-01 5.733667016029357910e-01 6.735267776010728236e-01
5.513061285018920898e-01 6.844293709239799295e-01 4.992694556713104248e-01 6.956242285598869257e-01
4.994632303714752197e-01 6.939597138460131820e-01 4.990607500076293945e-01 6.931978901550780447e-01
5.027285814285278320e-01 6.933148357944552975e-01 5.009392499923706055e-01 6.931924885758973254e-01
5.000894665718078613e-01 6.934536010384196869e-01 4.983302056789398193e-01 6.931458227919576887e-01
4.977187216281890869e-01 6.933064619870747958e-01 4.990607500076293945e-01 6.931957912529667087e-01
5.009393692016601562e-01 6.932146745774075969e-01 4.990607500076293945e-01 6.932199154211667880e-01
4.989264607429504395e-01 6.933819088617619864e-01 5.009392499923706055e-01 6.931453930811601882e-01
5.003578662872314453e-01 6.932420780074726174e-01 5.009392499923706055e-01 6.931466533256408491e-01
5.020129084587097168e-01 6.932670476611941801e-01 5.009392499923706055e-01 6.931566120786474272e-01
5.033547878265380859e-01 6.932580294645755981e-01 5.009392499923706055e-01 6.931538365748649566e-01
4.962426126003265381e-01 6.933679809978128272e-01 4.990607500076293945e-01 6.931562212707353954e-01
5.010288357734680176e-01 6.935406243743528210e-01 4.990607500076293945e-01 6.938073540425604424e-01
4.966004788875579834e-01 6.933938218135700104e-01 5.009392499923706055e-01 6.935663685323898431e-01
4.949901700019836426e-01 6.933183694679252440e-01 4.990607500076293945e-01 6.932212430334518949e-01
4.966451823711395264e-01 6.934564787195287572e-01 5.009392499923706055e-01 6.931511822460439953e-01
4.953480064868927002e-01 6.933713429386659799e-01 4.990607500076293945e-01 6.932236143179661969e-01
5.012077093124389648e-01 6.933143640229987303e-01 5.009392499923706055e-01 6.933458640166847431e-01
5.008051395416259766e-01 6.934164109074764104e-01 4.990607500076293945e-01 6.931625498756937009e-01
5.049651265144348145e-01 6.934559142404004284e-01 4.993738234043121338e-01 6.931470373407879748e-01
4.995079636573791504e-01 6.932859975977263556e-01 5.009392499923706055e-01 6.932299115717025506e-01
5.003578662872314453e-01 6.932147436629128023e-01 5.009392499923706055e-01 6.931948048589224864e-01
4.907854795455932617e-01 6.936302323378908952e-01 4.990607500076293945e-01 6.932111773379434627e-01
4.966899156570434570e-01 6.932891897682555982e-01 4.990607500076293945e-01 6.932538771922940324e-01
4.987922608852386475e-01 6.934457978210032403e-01 4.990607500076293945e-01 6.933101612823389104e-01
4.975845515727996826e-01 6.936239404592174917e-01 5.009392499923706055e-01 6.935082539290879922e-01
4.986580908298492432e-01 6.933782962913226378e-01 5.009392499923706055e-01 6.933136756423619040e-01
4.927536249160766602e-01 6.934745159552719862e-01 4.990607500076293945e-01 6.931484453963278058e-01
4.997763335704803467e-01 6.933888237684096012e-01 4.990607500076293945e-01 6.931643487018226413e-01
4.978976547718048096e-01 6.935866343823628988e-01 5.009392499923706055e-01 6.933738707102705678e-01
5.023707151412963867e-01 6.938334515107981160e-01 5.009392499923706055e-01 6.935434826752557846e-01
5.015655755996704102e-01 6.937540297133697464e-01 5.009392499923706055e-01 6.931771404358519906e-01
4.938718974590301514e-01 6.937733883827013059e-01 5.009392499923706055e-01 6.931565179752173789e-01
5.034890174865722656e-01 6.934318970665562798e-01 4.990607500076293945e-01 6.932144309105392477e-01
5.027732849121093750e-01 6.936055800317117992e-01 5.009392499923706055e-01 6.931482459552799069e-01
5.013866424560546875e-01 6.935595153034597171e-01 5.009392499923706055e-01 6.931766078631879102e-01
4.981660544872283936e-01 6.935883053173680368e-01 4.990607500076293945e-01 6.938183239595647755e-01
5.024601817131042480e-01 6.936373630220976638e-01 5.009392499923706055e-01 6.936806729854558817e-01
4.959295094013214111e-01 6.936949925444850784e-01 5.009392499923706055e-01 6.937420828261322558e-01
5.027285814285278320e-01 6.938412867221194213e-01 5.009392499923706055e-01 6.933441947756070478e-01
4.956611096858978271e-01 6.937008669240292136e-01 4.990607500076293945e-01 6.971451424154003762e-01
4.974950850009918213e-01 6.941898544394793369e-01 4.990607500076293945e-01 6.939999863141464997e-01
5.013419389724731445e-01 6.937408721879975149e-01 5.009392499923706055e-01 6.938853945619650743e-01
5.034890174865722656e-01 6.947768613826740269e-01 5.009392499923706055e-01 7.085847129430633551e-01
5.000000000000000000e-01 6.942440457795382436e-01 4.990607500076293945e-01 6.932765955940912717e-01
5.072463750839233398e-01 6.934988227272784744e-01 4.990607500076293945e-01 6.947240276218231703e-01
5.036231875419616699e-01 6.935605723394181465e-01 5.009392499923706055e-01 6.931457185989081671e-01
4.987922608852386475e-01 6.934359809178789469e-01 5.009392499923706055e-01 6.933858560087585721e-01
4.985686242580413818e-01 6.938657964634583619e-01 4.990607500076293945e-01 6.931553504034562163e-01
5.017892122268676758e-01 6.942213182160116292e-01 5.009392499923706055e-01 6.978410989749010973e-01
4.999105334281921387e-01 6.949311827457235191e-01 5.009392499923706055e-01 6.931945493713447259e-01
4.960189759731292725e-01 6.938009535632847502e-01 4.990607500076293945e-01 6.932323636104955611e-01
5.041152238845825195e-01 6.937880171477890379e-01 5.009392499923706055e-01 6.931609499805333474e-01
4.912775158882141113e-01 6.937145092103834676e-01 5.009392499923706055e-01 6.949130484565666510e-01
4.995526969432830811e-01 6.938515161013300014e-01 4.990607500076293945e-01 6.932727124715394318e-01
5.040257573127746582e-01 6.941337821350943571e-01 4.990607500076293945e-01 6.932752261926177217e-01
5.005367398262023926e-01 6.950433773396372805e-01 5.009392499923706055e-01 6.936978158087900859e-01
4.949007034301757812e-01 6.936781226490196239e-01 4.990607500076293945e-01 6.933279543200655537e-01
4.995526969432830811e-01 6.937887461502407760e-01 4.990607500076293945e-01 6.933987777757136817e-01
5.006262063980102539e-01 6.938649417249604934e-01 4.990607500076293945e-01 6.934468513539329138e-01
4.958847761154174805e-01 6.939633982640981413e-01 5.009392499923706055e-01 6.943566719417257893e-01
5.008946061134338379e-01 6.939834323567554142e-01 4.990607500076293945e-01 6.933481856990870718e-01
5.019681453704833984e-01 6.939018402634546945e-01 4.990607500076293945e-01 6.950053895124436165e-01
5.013419389724731445e-01 6.947689432431513046e-01 5.009392499923706055e-01 6.933709553576441476e-01
4.969135820865631104e-01 6.942576179459176711e-01 4.990607500076293945e-01 6.939687456175968050e-01
4.965110123157501221e-01 6.940646367052583088e-01 4.990607500076293945e-01 6.944365625315781498e-01
5.041599273681640625e-01 6.940065426953599959e-01 5.009392499923706055e-01 6.932735227388968635e-01
5.031311511993408203e-01 6.952694914788460911e-01 4.990607500076293945e-01 7.180371195780810289e-01
5.003578662872314453e-01 6.953358089034428202e-01 5.009392499923706055e-01 6.931472318054514581e-01
4.947665035724639893e-01 6.942447856279237994e-01 5.009392499923706055e-01 6.947731337251704664e-01
4.987922608852386475e-01 6.943054419976694147e-01 5.009392499923706055e-01 6.932076169836871582e-01
4.980765879154205322e-01 6.938264955453058436e-01 4.990607500076293945e-01 6.932673323654575670e-01
4.931561946868896484e-01 6.942148816928942479e-01 5.009392499923706055e-01 6.945320839449946604e-01
5.052782297134399414e-01 6.936004233927649532e-01 5.009392499923706055e-01 6.931840640297763922e-01
4.996868968009948730e-01 6.950935743579840231e-01 4.990607500076293945e-01 6.931721288932437552e-01
4.965557456016540527e-01 6.938367642023670623e-01 4.990607500076293945e-01 6.949883991157652652e-01
5.010735392570495605e-01 6.944489072529056450e-01 4.990607500076293945e-01 6.993501800083462561e-01
5.015208721160888672e-01 6.948154548942605535e-01 5.009392499923706055e-01 6.939845973926306311e-01
5.011630058288574219e-01 6.937804304117975995e-01 4.990607500076293945e-01 6.933848363351433619e-01
5.009393692016601562e-01 6.939755792501766107e-01 5.009392499923706055e-01 6.935697105353372249e-01
5.018786787986755371e-01 6.937799539905602497e-01 4.990607500076293945e-01 6.941897448978849861e-01
4.953032732009887695e-01 6.952825236094405392e-01 4.990607500076293945e-01 6.934696143938986479e-01
4.958847761154174805e-01 6.944230279058223321e-01 5.009392499923706055e-01 6.931791567424223643e-01
4.943639338016510010e-01 6.949578298292127254e-01 5.009392499923706055e-01 6.931525662905287932e-01
5.001789331436157227e-01 6.938945006697138096e-01 4.990607500076293945e-01 6.933056075919821204e-01
5.004473328590393066e-01 6.965693008667199759e-01 4.990607500076293945e-01 6.974822214117032404e-01
5.006262063980102539e-01 6.947766367961264455e-01 4.990607500076293945e-01 7.106745557455597107e-01
4.987027943134307861e-01 6.961723712907321726e-01 5.009392499923706055e-01 6.960887031847786677e-01
4.974950850009918213e-01 6.949486424808191121e-01 4.990607500076293945e-01 6.948703861365957968e-01
4.988369941711425781e-01 6.944725348796287889e-01 4.990607500076293945e-01 6.933616251841986378e-01
4.995526969432830811e-01 6.940616680228192115e-01 4.990607500076293945e-01 6.936222898688900740e-01
