4.969135820865631104e-01 6.977645097339403302e-01 5.009392499923706055e-01 6.935894883542388367e-01
4.951690733432769775e-01 6.936582589345704486e-01 5.009392499923706055e-01 6.935048400049442785e-01
5.025944113731384277e-01 6.942593723103620551e-01 4.990607500076293945e-01 6.933341229591457600e-01
4.968241155147552490e-01 6.939734671085587836e-01 4.990607500076293945e-01 6.938171702345934388e-01
4.990159273147583008e-01 6.937611089620421279e-01 4.990607500076293945e-01 6.933002932488209202e-01
5.030416846275329590e-01 6.933539536328195974e-01 5.009392499923706055e-01 6.933729906740031534e-01
5.020129084587097168e-01 6.932397416205755558e-01 4.990607500076293945e-01 6.932949966464702074e-01
5.002236366271972656e-01 6.933990578507241986e-01 5.009392499923706055e-01 6.931717122578964219e-01
5.031311511993408203e-01 6.935643266855144873e-01 4.990607500076293945e-01 6.940119572308833806e-01
4.959295094013214111e-01 6.933745937326936115e-01 5.009392499923706055e-01 6.931626491918864152e-01
5.013866424560546875e-01 6.932995077599181100e-01 4.990607500076293945e-01 6.931531553700382986e-01
4.980765879154205322e-01 6.932918225893459629e-01 5.009392499923706055e-01 6.931458020031115996e-01
4.998658001422882080e-01 6.933420411182614762e-01 5.009392499923706055e-01 6.931454328424719868e-01
5.001341700553894043e-01 6.934118895288400308e-01 5.009392499923706055e-01 6.931826406096496251e-01
5.009840726852416992e-01 6.932802345569710756e-01 4.990607500076293945e-01 6.932272959840345417e-01
5.015655755996704102e-01 6.932467932478433292e-01 5.009392499923706055e-01 6.931697905026306117e-01
5.014761090278625488e-01 6.932728930969190850e-01 4.990607500076293945e-01 6.931765736132219358e-01
5.031758546829223633e-01 6.933267622796852603e-01 5.009392499923706055e-01 6.931565779530910465e-01
5.021917819976806641e-01 6.932884424546256197e-01 5.009392499923706055e-01 6.931466413325543252e-01
4.974503517150878906e-01 6.973556872983165400e-01 5.009392499923706055e-01 6.931579039729330871e-01
5.008499026298522949e-01 7.098325569656543932e-01 4.990607500076293945e-01 6.932854659496132665e-01
4.953480064868927002e-01 6.951624119851260719e-01 5.009392499923706055e-01 6.935859009160101341e-01
5.051887631416320801e-01 6.935984291060279805e-01 4.990607500076293945e-01 6.934546220280187745e-01
4.972714185714721680e-01 6.956179296422204672e-01 5.009392499923706055e-01 6.941102932002594095e-01
5.049651265144348145e-01 6.938400625926605114e-01 4.990607500076293945e-01 6.946094513213154631e-01
5.001341700553894043e-01 6.933857873335446120e-01 4.990607500076293945e-01 6.931815967632469766e-01
4.996868968009948730e-01 6.934784743478290547e-01 5.009392499923706055e-01 6.931881738141990601e-01
5.022812485694885254e-01 6.939296308091040810e-01 4.990607500076293945e-01 6.931495617237700690e-01
5.008499026298522949e-01 6.935251672657386512e-01 5.009392499923706055e-01 6.933065395817032961e-01
4.997763335704803467e-01 6.934437986818573485e-01 4.990607500076293945e-01 6.936349218983014486e-01
5.008499026298522949e-01 6.935557200264943489e-01 5.009392499923706055e-01 6.931648538297264794e-01
4.980765879154205322e-01 6.943943646837590356e-01 5.009392499923706055e-01 6.931499234073920102e-01
4.977187216281890869e-01 6.934652111252597173e-01 4.990607500076293945e-01 6.934340778583525378e-01
5.025496482849121094e-01 6.933825500729386970e-01 4.990607500076293945e-01 6.931922516253516964e-01
4.992395639419555664e-01 6.934466079813270678e-01 4.990607500076293945e-01 6.932391040237082525e-01
5.028180480003356934e-01 6.933155641570289962e-01 5.009392499923706055e-01 6.931610009138282624e-01
5.055913329124450684e-01 6.932914874745217393e-01 5.009392499923706055e-01 6.933093463496210473e-01
4.974503517150878906e-01 6.936683817634131666e-01 5.009392499923706055e-01 6.932594332633300604e-01
5.006709694862365723e-01 6.934061599217153926e-01 4.990607500076293945e-01 6.937730636434449316e-01
4.980765879154205322e-01 6.935883221888204941e-01 4.990607500076293945e-01 6.931679619799275827e-01
4.994184970855712891e-01 6.933284321802206662e-01 4.990607500076293945e-01 6.932911426730903326e-01
5.042493939399719238e-01 6.931872120332709386e-01 5.009392499923706055e-01 6.931550233679110162e-01
5.063964724540710449e-01 6.930479565040437162e-01 4.990607500076293945e-01 6.951005625291847290e-01
5.052334666252136230e-01 6.932705736987854195e-01 4.990607500076293945e-01 6.931980144527206678e-01
4.969135820865631104e-01 6.933551919355783744e-01 4.990607500076293945e-01 6.931846040794581443e-01
5.014761090278625488e-01 6.932272729453043958e-01 5.009392499923706055e-01 6.935944162687064374e-01
4.998658001422882080e-01 6.932642109322834090e-01 5.009392499923706055e-01 6.931683504987026234e-01
5.028180480003356934e-01 6.933218994407667202e-01 4.990607500076293945e-01 6.934770883883845105e-01
5.010288357734680176e-01 6.932518674918205503e-01 5.009392499923706055e-01 6.933004625578609303e-01
4.987922608852386475e-01 6.932852535794685744e-01 5.009392499923706055e-01 6.931605033624697043e-01
5.007604360580444336e-01 6.932921828513795015e-01 4.990607500076293945e-01 6.934770853901128795e-01
4.977187216281890869e-01 6.932639251840543304e-01 4.990607500076293945e-01 6.934735818786079697e-01
4.937824308872222900e-01 6.932919271880856327e-01 4.990607500076293945e-01 6.931491771114566269e-01
4.994184970855712891e-01 6.933997018667000800e-01 5.009392499923706055e-01 6.931710141582445583e-01
4.985238909721374512e-01 6.932682342511380380e-01 5.009392499923706055e-01 6.931667973691151285e-01
4.975398182868957520e-01 6.932078439640345646e-01 5.009392499923706055e-01 6.935261389303993829e-01
4.992395639419555664e-01 6.932973252423740851e-01 4.990607500076293945e-01 6.931474455411636981e-01
5.017445087432861328e-01 6.932064942584991174e-01 5.009392499923706055e-01 6.932252928648828805e-01
5.006709694862365723e-01 6.933066989979220773e-01 4.990607500076293945e-01 6.931950080820226123e-01
4.970030486583709717e-01 6.932803021067689420e-01 5.009392499923706055e-01 6.931826251579759068e-01
4.994184970855712891e-01 6.934987947965994826e-01 4.990607500076293945e-01 6.933390560739350894e-01
4.991501271724700928e-01 6.932540841361963802e-01 4.990607500076293945e-01 6.931904078251482915e-01
5.015655755996704102e-01 6.932353859063785650e-01 4.990607500076293945e-01 6.933598087416688038e-01
5.003131031990051270e-01 6.933220654144806039e-01 5.009392499923706055e-01 6.934426614123977428e-01
4.992395639419555664e-01 6.932958232991744962e-01 4.990607500076293945e-01 6.931485356181779078e-01
4.993290305137634277e-01 6.932618174575952974e-01 4.990607500076293945e-01 6.933980710544757065e-01
4.997763335704803467e-01 6.934151665152110677e-01 5.009392499923706055e-01 6.931456061575015370e-01
4.995974302291870117e-01 6.932444574688303440e-01 5.009392499923706055e-01 6.931467899273939803e-01
4.993290305137634277e-01 6.932669841959515633e-01 5.009392499923706055e-01 6.931455571898784696e-01
5.028180480003356934e-01 6.932380888261144847e-01 5.009392499923706055e-01 6.934492089907129397e-01
4.996868968009948730e-01 6.932721060148653303e-01 4.990607500076293945e-01 6.933306042821092419e-01
4.984344244003295898e-01 6.933392108947780130e-01 4.990607500076293945e-01 6.931502845187297313e-01
4.995974302291870117e-01 6.932630409898347112e-01 4.990607500076293945e-01 6.932391401522594032e-01
4.979871213436126709e-01 6.933850202476814495e-01 4.990607500076293945e-01 6.932070987554512786e-01
4.966451823711395264e-01 6.932633388744182668e-01 4.990607500076293945e-01 6.932216650806173330e-01
5.030864477157592773e-01 6.932567825447918386e-01 4.990607500076293945e-01 6.933266929932213607e-01
4.962873458862304688e-01 6.933107763438174365e-01 4.990607500076293945e-01 6.932633038205111564e-01
5.012077093124389648e-01 6.932769768735892457e-01 5.009392499923706055e-01 6.932311815325737925e-01
5.020129084587097168e-01 6.933120040459290756e-01 5.009392499923706055e-01 6.934396359572652102e-01
5.041599273681640625e-01 6.934806202003580555e-01 4.990607500076293945e-01 6.940638099003375583e-01
5.012077093124389648e-01 6.937074340142723727e-01 5.009392499923706055e-01 6.934858069890627030e-01
4.987922608852386475e-01 6.933519644437781126e-01 5.009392499923706055e-01 6.932336137280338262e-01
5.050545930862426758e-01 6.932454347546486151e-01 4.990607500076293945e-01 6.931584080557962046e-01
4.984344244003295898e-01 6.935599012565988319e-01 5.009392499923706055e-01 6.931453589058400588e-01
4.995974302291870117e-01 6.932371546040922983e-01 4.990607500076293945e-01 6.932062289580948056e-01
5.012971758842468262e-01 6.933390800503717033e-01 4.990607500076293945e-01 6.931563897959948095e-01
4.936929643154144287e-01 6.933699306850463762e-01 4.990607500076293945e-01 6.931477162440369266e-01
4.984344244003295898e-01 6.933223445826298681e-01 4.990607500076293945e-01 6.933251727699760725e-01
4.969135820865631104e-01 6.933406106707746819e-01 5.009392499923706055e-01 6.932321390635881597e-01
5.001341700553894043e-01 6.933215257839517864e-01 5.009392499923706055e-01 6.932188768124087908e-01
4.995974302291870117e-01 6.933044024221072243e-01 4.990607500076293945e-01 6.932003754112372462e-01
4.957505762577056885e-01 6.933212504657356723e-01 5.009392499923706055e-01 6.932097537934071019e-01
4.944981336593627930e-01 6.934852103445606764e-01 4.990607500076293945e-01 6.932280300753869140e-01
4.969135820865631104e-01 6.933585199415630562e-01 4.990607500076293945e-01 6.933009276383108599e-01
4.972714185714721680e-01 6.933218103377416508e-01 4.990607500076293945e-01 6.934208432634297870e-01
4.996868968009948730e-01 6.935187275325661593e-01 5.009392499923706055e-01 6.931530102586676012e-01
4.969135820865631104e-01 6.933209199047105642e-01 4.990607500076293945e-01 6.934050662088085959e-01
4.994184970855712891e-01 6.932480560152747273e-01 5.009392499923706055e-01 6.931494982251044101e-01
5.001341700553894043e-01 6.932461376394093433e-01 4.990607500076293945e-01 6.933770934790466356e-01
5.003131031990051270e-01 6.932630458315789390e-01 4.990607500076293945e-01 6.939247214229339322e-01
