4.959742426872253418e-01 6.977785424952388516e-01 5.074097514152526855e-01 6.934570188165034565e-01
4.966899156570434570e-01 6.966476748211052339e-01 5.115842223167419434e-01 6.929254650173891639e-01
5.024601817131042480e-01 6.960548865899648385e-01 5.258818864822387695e-01 6.925754250153398628e-01
5.047414302825927734e-01 6.951691038089397034e-01 5.255687832832336426e-01 6.922908981442078558e-01
5.106906294822692871e-01 6.942450025465988217e-01 5.421623587608337402e-01 6.920532124123626172e-01
5.090355873107910156e-01 6.942979653420399133e-01 5.413274765014648438e-01 6.918255240005034556e-01
5.105564594268798828e-01 6.942635692601384356e-01 5.412231087684631348e-01 6.916403772810559847e-01
5.082304477691650391e-01 6.943256503504617871e-01 5.408056974411010742e-01 6.914790633998219027e-01
5.179370045661926270e-01 6.931865709607344384e-01 5.448758006095886230e-01 6.913075828149158886e-01
5.136428475379943848e-01 6.934806137162599082e-01 5.466499924659729004e-01 6.910996574420964489e-01
5.184738039970397949e-01 6.923469902471302007e-01 5.469630360603332520e-01 6.908615547389980183e-01
5.195920467376708984e-01 6.917730479510019181e-01 5.523899197578430176e-01 6.906406180367442582e-01
5.193236470222473145e-01 6.925555076533427279e-01 5.487372279167175293e-01 6.904707239605245572e-01
5.259438157081604004e-01 6.921206776817234729e-01 5.524942874908447266e-01 6.902769318803370080e-01
5.189210772514343262e-01 6.922655321229739256e-01 5.532248020172119141e-01 6.900838009377059379e-01
5.250939130783081055e-01 6.919040156084771409e-01 5.565643906593322754e-01 6.898997024812023593e-01
5.219180583953857422e-01 6.918229484818322339e-01 5.577123761177062988e-01 6.897185879519029950e-01
5.292091369628906250e-01 6.911547623266792728e-01 5.531204342842102051e-01 6.894896173248259430e-01
5.254070758819580078e-01 6.913662392864032835e-01 5.565643906593322754e-01 6.892915335733640347e-01
5.262569189071655273e-01 6.910998233637158927e-01 5.573992729187011719e-01 6.890779735648390192e-01
5.273304581642150879e-01 6.913504654914540692e-01 5.576080083847045898e-01 6.888867153352049577e-01
5.355162024497985840e-01 6.898064096854014116e-01 5.606344938278198242e-01 6.885996279276579424e-01
5.306852459907531738e-01 6.902352833944093158e-01 5.611563324928283691e-01 6.883738247319617365e-01
5.335032939910888672e-01 6.898529316598772665e-01 5.638697743415832520e-01 6.881421146301256453e-01
5.378422141075134277e-01 6.891584380152059319e-01 5.648090243339538574e-01 6.879121757230438616e-01
5.353819727897644043e-01 6.894883688563928636e-01 5.629305243492126465e-01 6.876793760045091242e-01
5.372607111930847168e-01 6.891633816920573752e-01 5.623043179512023926e-01 6.874303590328253444e-01
5.414206385612487793e-01 6.887207505293023724e-01 5.621999502182006836e-01 6.871865817336542115e-01
5.396314263343811035e-01 6.885032624160908332e-01 5.626174211502075195e-01 6.869235270656839365e-01
5.450885891914367676e-01 6.877904137295545173e-01 5.618868470191955566e-01 6.866219699121521858e-01
5.449991226196289062e-01 6.876881350385714020e-01 5.670006275177001953e-01 6.863366947669720108e-01
5.440150499343872070e-01 6.879306566546738999e-01 5.671049952507019043e-01 6.860522290929278455e-01
5.520218014717102051e-01 6.861547559718366163e-01 5.660613775253295898e-01 6.857390528654808692e-01
5.431651473045349121e-01 6.872138631516608864e-01 5.658526420593261719e-01 6.854492410616196407e-01
5.468330383300781250e-01 6.867559655959586395e-01 5.650177597999572754e-01 6.851650866106591131e-01
5.514850616455078125e-01 6.860834263287794998e-01 5.655395388603210449e-01 6.848742200496723553e-01
5.503668189048767090e-01 6.858184223077787856e-01 5.670006275177001953e-01 6.845668607677753981e-01
5.488012433052062988e-01 6.857281925853579985e-01 5.678355097770690918e-01 6.842933250254864541e-01
5.530059337615966797e-01 6.852432675706314757e-01 5.692965984344482422e-01 6.839990109497608994e-01
5.602075457572937012e-01 6.839769300993876477e-01 5.692965984344482422e-01 6.837260764169185157e-01
5.567632913589477539e-01 6.844769727887269894e-01 5.696097016334533691e-01 6.834338282871982306e-01
5.599391460418701172e-01 6.837524495582969486e-01 5.692965984344482422e-01 6.831750921380965735e-01
5.592234730720520020e-01 6.833964738655567972e-01 5.696097016334533691e-01 6.829101308679510485e-01
5.623546242713928223e-01 6.833654042006093166e-01 5.707576870918273926e-01 6.826657259098499742e-01
5.612363815307617188e-01 6.830471133072403278e-01 5.701314806938171387e-01 6.824293384171805643e-01
5.659778118133544922e-01 6.821979596866949436e-01 5.684617161750793457e-01 6.822148614476155615e-01
5.687063932418823242e-01 6.813328557608272495e-01 5.699227452278137207e-01 6.819998270234641780e-01
5.641438364982604980e-01 6.820819397095513326e-01 5.690878629684448242e-01 6.818030693664901554e-01
5.663356781005859375e-01 6.820290691525378035e-01 5.699227452278137207e-01 6.816075437378967816e-01
5.668277144432067871e-01 6.823696961106843206e-01 5.688791275024414062e-01 6.814501858086009500e-01
5.671408176422119141e-01 6.822909296337448248e-01 5.681486129760742188e-01 6.812570927860194248e-01
5.653516054153442383e-01 6.814024797981509396e-01 5.690878629684448242e-01 6.810553271072290471e-01
5.700483322143554688e-01 6.807878053791942552e-01 5.684617161750793457e-01 6.808999393409788103e-01
5.696457624435424805e-01 6.805422883230834996e-01 5.687747597694396973e-01 6.807234427844823799e-01
5.697799324989318848e-01 6.814484131594296112e-01 5.685660839080810547e-01 6.805646784169717689e-01
5.702272057533264160e-01 6.809226896238574911e-01 5.681486129760742188e-01 6.804018143670987895e-01
5.677670240402221680e-01 6.815035773488186122e-01 5.687747597694396973e-01 6.802577339416007174e-01
5.700930356979370117e-01 6.792933148825013312e-01 5.681486129760742188e-01 6.800927607258235863e-01
5.721954107284545898e-01 6.798449933774186604e-01 5.689834952354431152e-01 6.799513487745192375e-01
5.697351694107055664e-01 6.800783458176655749e-01 5.686704516410827637e-01 6.798171184799960409e-01
5.725085139274597168e-01 6.800877587124238843e-01 5.686704516410827637e-01 6.796787908917751864e-01
5.720164775848388672e-01 6.792763011211102597e-01 5.688791275024414062e-01 6.795596019307548197e-01
5.689747929573059082e-01 6.804005340912150368e-01 5.687747597694396973e-01 6.794283773848817098e-01
5.730900168418884277e-01 6.794276165821445668e-01 5.677311420440673828e-01 6.793366361575046142e-01
5.717927813529968262e-01 6.787816887039216374e-01 5.679398775100708008e-01 6.791837694649406343e-01
5.683038234710693359e-01 6.791869480850061258e-01 5.685660839080810547e-01 6.790392993636580332e-01
5.724190473556518555e-01 6.800087444426911043e-01 5.679398775100708008e-01 6.789120917926375620e-01
5.716586112976074219e-01 6.786790933905911816e-01 5.698184370994567871e-01 6.790941986129965802e-01
5.712112784385681152e-01 6.788362143696218265e-01 5.695053339004516602e-01 6.786348357799779629e-01
5.739846229553222656e-01 6.798608971742680085e-01 5.684617161750793457e-01 6.785147293229562004e-01
5.724190473556518555e-01 6.778870532200831356e-01 5.706533193588256836e-01 6.784419545149957820e-01
5.714796781539916992e-01 6.790453522656253460e-01 5.711750984191894531e-01 6.783272405552530637e-01
5.735820531845092773e-01 6.784427897579065059e-01 5.691922307014465332e-01 6.781336443579986106e-01
5.717480778694152832e-01 6.785224988179421324e-01 5.709664225578308105e-01 6.780147896856038026e-01
5.751476287841796875e-01 6.779921764784836435e-01 5.705489516258239746e-01 6.778770032543102175e-01
5.744766592979431152e-01 6.782307237370706066e-01 5.726361870765686035e-01 6.780348812779860568e-01
5.779656171798706055e-01 6.768438378180645643e-01 5.707576870918273926e-01 6.776308555166100644e-01
5.762211680412292480e-01 6.779184893645462395e-01 5.731580257415771484e-01 6.776530876510005186e-01
5.735820531845092773e-01 6.769525281515716975e-01 5.735754370689392090e-01 6.774206953615018456e-01
5.758633017539978027e-01 6.766527082033203522e-01 5.736798048019409180e-01 6.774403345507735708e-01
5.747002959251403809e-01 6.769688853127177053e-01 5.722187161445617676e-01 6.771287384000358456e-01
5.792628526687622070e-01 6.768145245331774751e-01 5.722187161445617676e-01 6.770801705299899220e-01
5.746108293533325195e-01 6.755722119996321329e-01 5.728449225425720215e-01 6.768594113851335026e-01
5.764448046684265137e-01 6.762605995968941075e-01 5.742016434669494629e-01 6.767606316591150417e-01
5.796206593513488770e-01 6.764784546268713950e-01 5.729492902755737305e-01 6.765689806434561637e-01
5.807836651802062988e-01 6.753583041536805887e-01 5.725318193435668945e-01 6.765535636053680024e-01
5.802021622657775879e-01 6.757456552344585088e-01 5.733667016029357910e-01 6.762177832214699702e-01
5.769368410110473633e-01 6.768828662867878432e-01 5.755583643913269043e-01 6.760800916151820106e-01
5.750581622123718262e-01 6.760295082938800881e-01 5.677311420440673828e-01 6.760515821947978843e-01
5.759974718093872070e-01 6.754268760607780031e-01 5.743060111999511719e-01 6.754529428890119203e-01
5.796654224395751953e-01 6.749286128617629776e-01 5.714882016181945801e-01 6.754364031537095636e-01
5.794864892959594727e-01 6.744947367990821174e-01 5.697140693664550781e-01 6.754440160764082490e-01
5.802469253540039062e-01 6.747504982715387678e-01 5.766019821166992188e-01 6.749541855161957926e-01
5.809625983238220215e-01 6.742402532378384272e-01 5.762888789176940918e-01 6.747832202483408093e-01
5.790839195251464844e-01 6.745371448479647869e-01 5.791066288948059082e-01 6.746951272332875060e-01
5.829307436943054199e-01 6.737900492884345560e-01 5.780630111694335938e-01 6.745331029980546900e-01
5.836911797523498535e-01 6.735331152073704697e-01 5.770193934440612793e-01 6.744427022344755551e-01
5.839148163795471191e-01 6.736540590784677596e-01 5.704445838928222656e-01 6.746606709463962570e-01
5.849436521530151367e-01 6.735428896012598532e-01 5.770193934440612793e-01 6.752350421669437441e-01
5.793970227241516113e-01 6.746300586990346959e-01 5.772281289100646973e-01 6.746686656697511442e-01
