5.028180480003356934e-01 7.051888642978275668e-01 5.077227950096130371e-01 6.944875692903211828e-01
4.996868968009948730e-01 7.014895923493010832e-01 5.297432541847229004e-01 6.924003358550122611e-01
5.065754055976867676e-01 6.994769056296813448e-01 5.310999751091003418e-01 6.915726858746953365e-01
5.083646178245544434e-01 6.979584177953652713e-01 5.353788137435913086e-01 6.909415069364899242e-01
5.134192109107971191e-01 6.962473999091008947e-01 5.361093878746032715e-01 6.904958131740794869e-01
5.113168954849243164e-01 6.966948997230004714e-01 5.315174460411071777e-01 6.900366147359212610e-01
5.197709798812866211e-01 6.948677489211081415e-01 5.345439314842224121e-01 6.896566774745097606e-01
5.169976949691772461e-01 6.959642115337175694e-01 5.425798296928405762e-01 6.892356095122932347e-01
5.218732953071594238e-01 6.950121154446446958e-01 5.456063747406005859e-01 6.888957998743139299e-01
5.176686644554138184e-01 6.946108601754072964e-01 5.447714328765869141e-01 6.885844393304981770e-01
5.144480466842651367e-01 6.959169375958308423e-01 5.499895811080932617e-01 6.883041714606765726e-01
5.220969915390014648e-01 6.936902615097900737e-01 5.494677424430847168e-01 6.880182874797405868e-01
5.246466398239135742e-01 6.929159711951069500e-01 5.453976392745971680e-01 6.877201655492780619e-01
5.249150395393371582e-01 6.927193608751534004e-01 5.511375665664672852e-01 6.875111799701920656e-01
5.257201790809631348e-01 6.933028271915362417e-01 5.513463020324707031e-01 6.872823947507586961e-01
5.240651369094848633e-01 6.931003728009310638e-01 5.521811842918395996e-01 6.870663362986557665e-01
5.274646878242492676e-01 6.919710865215275009e-01 5.524942874908447266e-01 6.868540396572926365e-01
5.297011733055114746e-01 6.912538770444279779e-01 5.565643906593322754e-01 6.866297985735578813e-01
5.263463854789733887e-01 6.925237507059953668e-01 5.541640520095825195e-01 6.864422378348945530e-01
5.266147851943969727e-01 6.923251986546259396e-01 5.522855520248413086e-01 6.862102916533801000e-01
5.305510759353637695e-01 6.916364985409011457e-01 5.539553165435791016e-01 6.860379226345578729e-01
5.320719480514526367e-01 6.911389991643710484e-01 5.521811842918395996e-01 6.858145384593439253e-01
5.305958390235900879e-01 6.905965281206841722e-01 5.542684197425842285e-01 6.856052123338288729e-01
5.310431122779846191e-01 6.909904147883736414e-01 5.572949051856994629e-01 6.854631121858777432e-01
5.347110629081726074e-01 6.910510858539862244e-01 5.576080083847045898e-01 6.852499106512067728e-01
5.325639843940734863e-01 6.913775590285565764e-01 5.590690970420837402e-01 6.850704392494076922e-01
5.346662998199462891e-01 6.904446699896999995e-01 5.618868470191955566e-01 6.848715961887651416e-01
5.331901907920837402e-01 6.904594882120278498e-01 5.627217888832092285e-01 6.846781751353614442e-01
5.377079844474792480e-01 6.899155486267780635e-01 5.602170825004577637e-01 6.844757668436058928e-01
5.352478027343750000e-01 6.895410187407797764e-01 5.619912147521972656e-01 6.842770329026334197e-01
5.436124801635742188e-01 6.886916576290966763e-01 5.627217888832092285e-01 6.840737206257601066e-01
5.400339961051940918e-01 6.894534788419232063e-01 5.640785098075866699e-01 6.838471166800417222e-01
5.407496690750122070e-01 6.891686929148880258e-01 5.647046566009521484e-01 6.836040818947537456e-01
5.395866632461547852e-01 6.887772799732647666e-01 5.635566711425781250e-01 6.834290109977571026e-01
5.418232083320617676e-01 6.887918218109129187e-01 5.630348324775695801e-01 6.832394093318613360e-01
5.416890382766723633e-01 6.887768527159944254e-01 5.631392002105712891e-01 6.830652056942650985e-01
5.426283478736877441e-01 6.876677455469542011e-01 5.638697743415832520e-01 6.828743819403165771e-01
5.454463958740234375e-01 6.869522976862507679e-01 5.636610388755798340e-01 6.826910402550375734e-01
5.407049655914306641e-01 6.882789632804408031e-01 5.637654066085815430e-01 6.825372245659586667e-01
5.432098507881164551e-01 6.873268743260086966e-01 5.640785098075866699e-01 6.823257584582786972e-01
5.448648929595947266e-01 6.873227906559848943e-01 5.654351711273193359e-01 6.821532896380662070e-01
5.417785048484802246e-01 6.877378270544590722e-01 5.642871856689453125e-01 6.819779168735886632e-01
5.472356677055358887e-01 6.865688608464411979e-01 5.660613775253295898e-01 6.817902332804343102e-01
5.436124801635742188e-01 6.872127127148295322e-01 5.615738034248352051e-01 6.816235112760739012e-01
5.459384322166442871e-01 6.864989610536513798e-01 5.643915534019470215e-01 6.814537095117857435e-01
5.483539104461669922e-01 6.862054771783206997e-01 5.642871856689453125e-01 6.812461965195049096e-01
5.474145412445068359e-01 6.865620340936660071e-01 5.631392002105712891e-01 6.811074013004371208e-01
5.487117767333984375e-01 6.856567842799534684e-01 5.652264952659606934e-01 6.809418798115028926e-01
5.478171110153198242e-01 6.855537770131040487e-01 5.655395388603210449e-01 6.807532240443228133e-01
5.496958494186401367e-01 6.862133953178434220e-01 5.635566711425781250e-01 6.806311012185259912e-01
5.519770979881286621e-01 6.857148217779511779e-01 5.658526420593261719e-01 6.804531094699979299e-01
5.551529526710510254e-01 6.854491141043359548e-01 5.630348324775695801e-01 6.802931530220327483e-01
5.459831953048706055e-01 6.868551950758440272e-01 5.647046566009521484e-01 6.801132587644058702e-01
5.458937287330627441e-01 6.866031294219672176e-01 5.628261566162109375e-01 6.799706886342661294e-01
5.511719584465026855e-01 6.852898403087697154e-01 5.638697743415832520e-01 6.798350040162687291e-01
5.517981648445129395e-01 6.852343284309517779e-01 5.644959211349487305e-01 6.796415204719172820e-01
5.524244308471679688e-01 6.845592395481642223e-01 5.631392002105712891e-01 6.794827573733845938e-01
5.556897521018981934e-01 6.836215023662561840e-01 5.641828179359436035e-01 6.792959455432585614e-01
5.548846125602722168e-01 6.849042665107366590e-01 5.654351711273193359e-01 6.791222408130854760e-01
5.581946969032287598e-01 6.835094905855148006e-01 5.634523034095764160e-01 6.789763054651647423e-01
5.521112680435180664e-01 6.840867805532147017e-01 5.660613775253295898e-01 6.788043944852084621e-01
5.549740791320800781e-01 6.843505115474053380e-01 5.690878629684448242e-01 6.787206267444656493e-01
5.596708059310913086e-01 6.831523105782075778e-01 5.664787888526916504e-01 6.784951680265421947e-01
5.579710006713867188e-01 6.838044463724329836e-01 5.678355097770690918e-01 6.783693818975355949e-01
5.546609163284301758e-01 6.828256899650588796e-01 5.670006275177001953e-01 6.781903416123625794e-01
5.580157637596130371e-01 6.827452611594746479e-01 5.680442452430725098e-01 6.780523871783298295e-01
5.587761402130126953e-01 6.826828056658118538e-01 5.678355097770690918e-01 6.778767921809636388e-01
5.557792186737060547e-01 6.833354809732551383e-01 5.665831565856933594e-01 6.777423771257267138e-01
5.640543699264526367e-01 6.818151024591306841e-01 5.647046566009521484e-01 6.776067747549233689e-01
5.589550733566284180e-01 6.820329911786896515e-01 5.676267743110656738e-01 6.774759404944418195e-01
5.576578974723815918e-01 6.825931315175491898e-01 5.675224661827087402e-01 6.773641673042092304e-01
5.616389513015747070e-01 6.813915211925312132e-01 5.681486129760742188e-01 6.771833337415760212e-01
5.588656067848205566e-01 6.819838009445414739e-01 5.662701129913330078e-01 6.770718461709289704e-01
5.618178844451904297e-01 6.818533199996763550e-01 5.670006275177001953e-01 6.769668836355756669e-01
5.682143568992614746e-01 6.807848435754446648e-01 5.674180984497070312e-01 6.768194152128967911e-01
5.648148059844970703e-01 6.809002678474088688e-01 5.745146870613098145e-01 6.770087718913859742e-01
5.602970123291015625e-01 6.826064510280618336e-01 5.703402161598205566e-01 6.765564980051059774e-01
5.609232187271118164e-01 6.811462313784620859e-01 5.710707306861877441e-01 6.763449945621016202e-01
5.623546242713928223e-01 6.812685711756228946e-01 5.697140693664550781e-01 6.762489824522962545e-01
5.644569396972656250e-01 6.808867660996141824e-01 5.702358484268188477e-01 6.761134242842277153e-01
5.645464062690734863e-01 6.805580758327532953e-01 5.696097016334533691e-01 6.759445803495369720e-01
5.651726722717285156e-01 6.799825480360105479e-01 5.709664225578308105e-01 6.759097296344142025e-01
5.609232187271118164e-01 6.814915768403575491e-01 5.711750984191894531e-01 6.756803968882814093e-01
5.641438364982604980e-01 6.798303798201003056e-01 5.748277902603149414e-01 6.754759386122737297e-01
5.687063932418823242e-01 6.797711436064688417e-01 5.747234225273132324e-01 6.752834856647013106e-01
5.658883452415466309e-01 6.803108826586248270e-01 5.745146870613098145e-01 6.751383635077639056e-01
5.721059441566467285e-01 6.783200425183673055e-01 5.767063498497009277e-01 6.750335122070439953e-01
5.676775574684143066e-01 6.798981154811768457e-01 5.757670402526855469e-01 6.753552505652010707e-01
5.706298351287841797e-01 6.790343507348499674e-01 5.764976143836975098e-01 6.747432899883161195e-01
5.683932900428771973e-01 6.803121414054887905e-01 5.762888789176940918e-01 6.746538419286584043e-01
5.696904659271240234e-01 6.786769698804724360e-01 5.775412321090698242e-01 6.745238630340184560e-01
5.653516054153442383e-01 6.800700022765190367e-01 5.790023207664489746e-01 6.745261876400465706e-01
5.655304789543151855e-01 6.794513996459222716e-01 5.761845111846923828e-01 6.750607220819513365e-01
5.709429383277893066e-01 6.788144623962364399e-01 5.800459384918212891e-01 6.741501591544488692e-01
5.717927813529968262e-01 6.785849686662036584e-01 5.779586434364318848e-01 6.740036582031122547e-01
5.649042725563049316e-01 6.784931802647253818e-01 5.800459384918212891e-01 6.738513501967897668e-01
5.686616301536560059e-01 6.791851840050793232e-01 5.801503062248229980e-01 6.738657244957207970e-01
5.652621388435363770e-01 6.792674324746676984e-01 5.829680562019348145e-01 6.735777261361177715e-01
5.738951563835144043e-01 6.775127135271845624e-01 5.784804821014404297e-01 6.734348155715176309e-01
5.699588656425476074e-01 6.777083383388864402e-01 5.811939239501953125e-01 6.734921065831925846e-01
