5.496958494186401367e-01 6.965451914971065861e-01 5.711750984191894531e-01 6.792590761577826930e-01
5.701825022697448730e-01 6.774017208909536292e-01 5.827593207359313965e-01 6.697615523896668366e-01
5.770710110664367676e-01 6.732635657589813860e-01 5.876643657684326172e-01 6.661175228787523661e-01
5.820809006690979004e-01 6.723800468453355883e-01 5.862032771110534668e-01 6.701949016457184882e-01
5.821256041526794434e-01 6.697718504183747257e-01 5.834898948669433594e-01 6.663559588005537604e-01
5.861961245536804199e-01 6.680495947796706302e-01 6.013358235359191895e-01 6.650346528386502643e-01
5.878511071205139160e-01 6.694115378558476159e-01 5.967438817024230957e-01 6.636957435636773317e-01
5.878958702087402344e-01 6.672553110899066553e-01 5.830724239349365234e-01 6.731503642667835408e-01
5.934872031211853027e-01 6.661597242144613462e-01 5.959089994430541992e-01 6.633615096783344045e-01
5.939792394638061523e-01 6.643225474825995569e-01 5.894385576248168945e-01 6.692134589174549841e-01
5.966183543205261230e-01 6.637197732392183802e-01 6.031100153923034668e-01 6.670764181564655670e-01
5.978260636329650879e-01 6.626584609008300264e-01 6.105197072029113770e-01 6.599946321612035760e-01
5.965736508369445801e-01 6.628578635208250969e-01 6.021707653999328613e-01 6.617082017519557713e-01
6.017176508903503418e-01 6.612964591265023673e-01 5.906908512115478516e-01 6.705497825625942321e-01
5.973340272903442383e-01 6.626862832590855179e-01 5.978918671607971191e-01 6.624707850576865287e-01
5.997495055198669434e-01 6.604748159556338427e-01 5.961177349090576172e-01 6.681913478815886265e-01
5.977813601493835449e-01 6.616187418673882270e-01 6.032143831253051758e-01 6.608203997992195822e-01
6.006441116333007812e-01 6.613835895140410814e-01 6.123982667922973633e-01 6.597371585830420493e-01
6.014492511749267578e-01 6.588138856472323113e-01 5.944479107856750488e-01 6.723340137894132651e-01
5.990338325500488281e-01 6.620481702547249547e-01 6.059277653694152832e-01 6.583138313529337537e-01
6.069511771202087402e-01 6.571157340138302771e-01 5.823419094085693359e-01 6.713640669944315187e-01
5.986312627792358398e-01 6.600348597606066070e-01 6.103109717369079590e-01 6.566424298027665474e-01
6.031937599182128906e-01 6.574218146466977997e-01 6.018576622009277344e-01 6.589766031290936743e-01
6.040436625480651855e-01 6.559138846196904682e-01 5.945522785186767578e-01 6.609127598400031944e-01
6.103059649467468262e-01 6.558541856675481618e-01 6.135462522506713867e-01 6.535819200975764298e-01
6.102612018585205078e-01 6.541514468227180856e-01 6.010227799415588379e-01 6.613273029784224599e-01
6.125872135162353516e-01 6.529428632235053653e-01 6.084324717521667480e-01 6.538013977736726323e-01
6.093665957450866699e-01 6.542186911747267519e-01 6.174076199531555176e-01 6.507342989497979513e-01
6.122294068336486816e-01 6.524305348427015261e-01 5.955958962440490723e-01 6.585842938294765858e-01
6.095902919769287109e-01 6.516734789940299422e-01 6.191818118095397949e-01 6.511675349931034251e-01
6.132134795188903809e-01 6.512372990076007451e-01 6.089543104171752930e-01 6.519741318067113767e-01
6.135265827178955078e-01 6.496073183336802392e-01 6.177207231521606445e-01 6.514597790670703104e-01
6.140633225440979004e-01 6.499742024229386850e-01 6.177207231521606445e-01 6.455662558183767885e-01
6.162551641464233398e-01 6.484801094718430914e-01 6.164683699607849121e-01 6.458481326652603105e-01
6.156736612319946289e-01 6.473749595115854127e-01 6.215821504592895508e-01 6.459658302536241958e-01
6.150026917457580566e-01 6.465399456826150804e-01 6.102066636085510254e-01 6.512184342992651809e-01
6.196546554565429688e-01 6.460872250926539273e-01 6.210603117942810059e-01 6.454644399006763678e-01
6.152710914611816406e-01 6.464808886455154502e-01 6.144855022430419922e-01 6.561149372185627326e-01
6.155394315719604492e-01 6.459003383815982158e-01 6.210603117942810059e-01 6.454412012800894161e-01
6.184917092323303223e-01 6.424260989223445906e-01 6.209559440612792969e-01 6.437071875698804346e-01
6.189389824867248535e-01 6.420355397487373939e-01 6.108328104019165039e-01 6.480495774952461652e-01
6.165682673454284668e-01 6.432716398658042678e-01 6.248173713684082031e-01 6.389359996777141948e-01
6.229647397994995117e-01 6.410286462484009462e-01 6.136506199836730957e-01 6.450733103649622935e-01
6.163893342018127441e-01 6.407294805861688536e-01 6.201210618019104004e-01 6.390378621992550690e-01
6.256933212280273438e-01 6.356801949794699258e-01 6.199123263359069824e-01 6.385637036421880630e-01
6.226516366004943848e-01 6.383197605556570897e-01 6.159465909004211426e-01 6.429563596287940497e-01
6.236357092857360840e-01 6.374942749914659368e-01 6.155291199684143066e-01 6.510020117375527882e-01
6.248434185981750488e-01 6.355145064379709163e-01 6.175119876861572266e-01 6.396133469480285161e-01
6.281982660293579102e-01 6.333498446176507590e-01 6.132331490516662598e-01 6.388455652986581024e-01
6.310610175132751465e-01 6.300136041909983886e-01 6.263828277587890625e-01 6.326940227241611980e-01
6.279298663139343262e-01 6.306767759094470405e-01 6.348361372947692871e-01 6.376932883929470330e-01
6.290928721427917480e-01 6.292064892390393238e-01 6.288874745368957520e-01 6.325708626456709727e-01
6.320003867149353027e-01 6.278199643072618352e-01 6.156334877014160156e-01 6.354578031898415746e-01
6.304795145988464355e-01 6.292759458842527298e-01 6.375495791435241699e-01 6.292263937255232475e-01
6.370102167129516602e-01 6.250972693839681460e-01 6.255478858947753906e-01 6.412825555673000721e-01
6.403650045394897461e-01 6.226637739362219648e-01 6.401586532592773438e-01 6.283282593803947158e-01
6.386652588844299316e-01 6.221632331551070205e-01 6.217908859252929688e-01 6.331365096049028640e-01
6.414832472801208496e-01 6.201803488858507185e-01 6.323314309120178223e-01 6.290681584472075372e-01
6.442565917968750000e-01 6.196456072389769920e-01 6.392193436622619629e-01 6.226897502189338018e-01
6.409017443656921387e-01 6.195332950567981056e-01 6.383844614028930664e-01 6.246335632092916423e-01
6.460458040237426758e-01 6.157250966384172353e-01 6.423502564430236816e-01 6.148020786224887013e-01
6.490874886512756348e-01 6.133314690621471943e-01 6.381757259368896484e-01 6.249294658091391064e-01
6.485954523086547852e-01 6.136674576826056660e-01 6.406804323196411133e-01 6.173201487124575504e-01
6.491322517395019531e-01 6.126337180007098704e-01 6.385931968688964844e-01 6.208498170395231330e-01
6.509661674499511719e-01 6.092849083206141048e-01 6.477770805358886719e-01 6.145032275397352972e-01
6.528001427650451660e-01 6.090534643487867106e-01 6.431851387023925781e-01 6.174456331854796254e-01
6.501163244247436523e-01 6.100390178932446616e-01 6.457942128181457520e-01 6.152888080118792402e-01
6.520397067070007324e-01 6.055836727141822307e-01 6.444374918937683105e-01 6.099603105203464937e-01
6.517266035079956055e-01 6.033555816017167617e-01 6.434982419013977051e-01 6.168300353567577332e-01
6.510109305381774902e-01 6.060172577922983139e-01 6.455854773521423340e-01 6.378685147273119860e-01
6.561996936798095703e-01 6.018499262346993506e-01 6.579002141952514648e-01 6.111096904611716951e-01
6.557076573371887207e-01 5.989600584020254859e-01 6.464203596115112305e-01 6.137240429781494200e-01
6.587493419647216797e-01 5.956489505420581310e-01 6.539344787597656250e-01 6.103113096458532283e-01
6.575863361358642578e-01 5.989475667444660312e-01 6.499686837196350098e-01 6.045516541869574434e-01
6.659957170486450195e-01 5.910084872963304869e-01 6.416196823120117188e-01 6.117726583442019139e-01
6.609411239624023438e-01 5.912491728248909784e-01 6.613441705703735352e-01 5.993182447901650445e-01
6.640275716781616211e-01 5.921901147935915155e-01 6.540388464927673340e-01 5.998651001876890154e-01
6.647879481315612793e-01 5.925343516133598776e-01 6.530995368957519531e-01 6.078183824521866674e-01
6.599123477935791016e-01 5.990745598844561259e-01 6.500730514526367188e-01 6.050031704435864244e-01
6.675165295600891113e-01 5.903170684685453695e-01 6.366103291511535645e-01 6.215118963144636854e-01
6.631329655647277832e-01 5.902179664203830445e-01 6.605092883110046387e-01 6.021702209710327880e-01
6.633566021919250488e-01 5.903326863891900089e-01 6.529952287673950195e-01 6.015382636392123672e-01
6.679638624191284180e-01 5.870079819621586426e-01 6.671884655952453613e-01 5.968425355632378526e-01
6.710950136184692383e-01 5.837390016391806880e-01 6.477770805358886719e-01 6.100741150831534565e-01
6.692163348197937012e-01 5.872389934937031208e-01 6.581089496612548828e-01 6.053251781858748348e-01
6.760601401329040527e-01 5.776260687682512884e-01 6.541432142257690430e-01 5.918892000194780900e-01
6.752997040748596191e-01 5.770047707898093847e-01 6.522646546363830566e-01 6.012995552603622729e-01
6.691268682479858398e-01 5.841362715663285243e-01 6.569609642028808594e-01 5.915555045416100999e-01
6.634460687637329102e-01 5.925499848910789069e-01 6.606136560440063477e-01 5.958553831802730905e-01
6.758364439010620117e-01 5.781418336463712837e-01 6.627008914947509766e-01 5.906796790045155676e-01
6.692610383033752441e-01 5.813449419319022260e-01 6.551868319511413574e-01 5.978454160829645980e-01
6.712739467620849609e-01 5.829412814414358657e-01 6.566478610038757324e-01 5.955213366931277896e-01
6.787887215614318848e-01 5.761092017558205880e-01 6.577958464622497559e-01 6.081879203266302714e-01
6.772231459617614746e-01 5.745338255379233150e-01 6.666666865348815918e-01 5.865966803692647114e-01
6.798622012138366699e-01 5.706209372079187325e-01 6.655187010765075684e-01 5.862061592960775558e-01
6.806226372718811035e-01 5.719125153532521599e-01 6.599874496459960938e-01 5.880599807931545797e-01
6.774020195007324219e-01 5.763700437110659269e-01 6.701106429100036621e-01 5.898046510698800038e-01
6.778940558433532715e-01 5.742121880394462918e-01 6.595700383186340332e-01 5.922262869282322040e-01
6.816067099571228027e-01 5.703805563573143278e-01 6.571696996688842773e-01 6.037397308629282033e-01
6.765521764755249023e-01 5.742387041718828300e-01 6.595700383186340332e-01 5.968228651347127212e-01
