5.698246359825134277e-01 6.772619806967261624e-01 5.944479107856750488e-01 6.632812627420323626e-01
5.881642699241638184e-01 6.652578266474488133e-01 5.857858657836914062e-01 6.667045657531723846e-01
5.937556028366088867e-01 6.597510277211804386e-01 6.122938990592956543e-01 6.578275821348790187e-01
6.033726930618286133e-01 6.549950196504550348e-01 6.102066636085510254e-01 6.534743741717624621e-01
6.046698689460754395e-01 6.546961031140955400e-01 5.966395139694213867e-01 6.592239670080671798e-01
6.067274808883666992e-01 6.499426689103584565e-01 6.103109717369079590e-01 6.484110275008588831e-01
6.135712862014770508e-01 6.472120743826775824e-01 6.167814731597900391e-01 6.442196842176485250e-01
6.145553588867187500e-01 6.459684034732484648e-01 6.042580008506774902e-01 6.516332452044908408e-01
6.163446307182312012e-01 6.446858838901768918e-01 6.193905472755432129e-01 6.395923403353961367e-01
6.191626191139221191e-01 6.429666364890429531e-01 6.212690472602844238e-01 6.391706081751467039e-01
6.151368618011474609e-01 6.433980273505105485e-01 6.292005777359008789e-01 6.404148370954393377e-01
6.200125217437744141e-01 6.402020535671256729e-01 6.281569600105285645e-01 6.344139646871730376e-01
6.197441220283508301e-01 6.385464087157967095e-01 6.257566213607788086e-01 6.355811922317804452e-01
6.311504840850830078e-01 6.339833441755813315e-01 6.255478858947753906e-01 6.345714972253583275e-01
6.260958909988403320e-01 6.333579419017115741e-01 6.261740922927856445e-01 6.371050851625232880e-01
6.277956962585449219e-01 6.327443646603991834e-01 6.260697245597839355e-01 6.319178583676221539e-01
6.292718052864074707e-01 6.310106564301841692e-01 6.325401663780212402e-01 6.263052211801086733e-01
6.314188838005065918e-01 6.278880609875608920e-01 6.268002390861511230e-01 6.336543589886383110e-01
6.307926177978515625e-01 6.301650466038473120e-01 6.362972259521484375e-01 6.281642484231971801e-01
6.370549201965332031e-01 6.258585041805123650e-01 6.342099905014038086e-01 6.239135181622673665e-01
6.374127864837646484e-01 6.258134751376194238e-01 6.306616663932800293e-01 6.333517131265979927e-01
6.398729681968688965e-01 6.245387812636794544e-01 6.427676677703857422e-01 6.220603842522300919e-01
6.418858766555786133e-01 6.188131420551333806e-01 6.423502564430236816e-01 6.186151389188891958e-01
6.405886411666870117e-01 6.190882589122139734e-01 6.319140195846557617e-01 6.275940100401733446e-01
6.438092589378356934e-01 6.165195735073789596e-01 6.441243886947631836e-01 6.138498770048562703e-01
6.479692459106445312e-01 6.133998241998744883e-01 6.399499177932739258e-01 6.208307698782687956e-01
6.493111252784729004e-01 6.126740729580584244e-01 6.441243886947631836e-01 6.170759756165490328e-01
6.493111252784729004e-01 6.101033235624323536e-01 6.533082723617553711e-01 6.101101373387040061e-01
6.531580090522766113e-01 6.089473105240517103e-01 6.399499177932739258e-01 6.141124872941359225e-01
6.494900584220886230e-01 6.096368008552328632e-01 6.432895064353942871e-01 6.189465345606827151e-01
6.498926281929016113e-01 6.068572727485086471e-01 6.561260819435119629e-01 6.088506763898562379e-01
6.534711122512817383e-01 6.056866625550182404e-01 6.485075950622558594e-01 6.113939941414610058e-01
6.535605788230895996e-01 6.059650134199909832e-01 6.519515514373779297e-01 6.077423264526967683e-01
6.615226268768310547e-01 6.009336414139222482e-01 6.587351560592651367e-01 6.044242723802762951e-01
6.592860817909240723e-01 5.997237974468210275e-01 6.587351560592651367e-01 6.006874555188861375e-01
6.583020091056823730e-01 5.996057940608680026e-01 6.610311269760131836e-01 5.974160609352789919e-01
6.608516573905944824e-01 5.993850896217289836e-01 6.627008914947509766e-01 5.996296108826494331e-01
6.623725295066833496e-01 5.942656560028616308e-01 6.640576124191284180e-01 6.015122748695218569e-01
6.667113900184631348e-01 5.939244744836974510e-01 6.583176851272583008e-01 5.990787020582566402e-01
6.588835120201110840e-01 5.957727412201462291e-01 6.614485383033752441e-01 5.969420671587422067e-01
6.633566021919250488e-01 5.946759078941611376e-01 6.628052592277526855e-01 6.006011309366936501e-01
6.603149175643920898e-01 5.957803065628799466e-01 6.617616415023803711e-01 5.939181360564433909e-01
6.671139597892761230e-01 5.897795020584813974e-01 6.700062751770019531e-01 5.894337714128966565e-01
6.637591719627380371e-01 5.888951432835034527e-01 6.630139946937561035e-01 5.904879848684853050e-01
6.634013056755065918e-01 5.907699784304294433e-01 6.545606255531311035e-01 6.012866702813292052e-01
6.686348319053649902e-01 5.865820025390963144e-01 6.633270978927612305e-01 5.887245745231900473e-01
6.711397171020507812e-01 5.826495206405105654e-01 6.672928333282470703e-01 5.891442730963740715e-01
6.724816560745239258e-01 5.839200292957726912e-01 6.700062751770019531e-01 5.903323873227485086e-01
6.719896197319030762e-01 5.788361169097887560e-01 6.678146719932556152e-01 5.882086395545533808e-01
6.781624555587768555e-01 5.774643088116545586e-01 6.649968624114990234e-01 5.853443442344467007e-01
6.747629046440124512e-01 5.770033149071681633e-01 6.662492156028747559e-01 5.826233293735963992e-01
6.768652796745300293e-01 5.738220518252614699e-01 6.664579510688781738e-01 5.928291323736848417e-01
6.735551953315734863e-01 5.747842429618029714e-01 6.703193783760070801e-01 5.859440092974778080e-01
6.768652796745300293e-01 5.745797644981354146e-01 6.769985556602478027e-01 5.802649363449285946e-01
6.744050979614257812e-01 5.791412693994760774e-01 6.713629961013793945e-01 5.832494150071969585e-01
6.796833276748657227e-01 5.692005288112481631e-01 6.790857911109924316e-01 5.754557541182583336e-01
6.819198131561279297e-01 5.667891181161566205e-01 6.811730265617370605e-01 5.749190152375689422e-01
6.804884672164916992e-01 5.684700229552291928e-01 6.796075701713562012e-01 5.753334783557262355e-01
6.811594367027282715e-01 5.704405731582368189e-01 6.751199960708618164e-01 5.768204235727019125e-01
6.808910369873046875e-01 5.656481349717783491e-01 6.732414960861206055e-01 5.786124765188702668e-01
6.803990006446838379e-01 5.705442508466983531e-01 6.747025847434997559e-01 5.729438346155349970e-01
6.812041401863098145e-01 5.677588863478595371e-01 6.800250411033630371e-01 5.776430005396215872e-01
6.829486489295959473e-01 5.666039317744984150e-01 6.709455251693725586e-01 5.823769257004438593e-01
6.884505152702331543e-01 5.622368476582375596e-01 6.807555556297302246e-01 5.704783918314650926e-01
6.830828189849853516e-01 5.656851467580312764e-01 6.764767169952392578e-01 5.681753031671532561e-01
6.888083815574645996e-01 5.610197945258809105e-01 6.767898201942443848e-01 5.711233889203159997e-01
6.894345879554748535e-01 5.583802081216616697e-01 6.751199960708618164e-01 5.794448387744755014e-01
6.821882128715515137e-01 5.636776603810325081e-01 6.817992329597473145e-01 5.711804757260550147e-01
6.889425516128540039e-01 5.590717713912626285e-01 6.836777329444885254e-01 5.654193103947935395e-01
6.898371577262878418e-01 5.530411956198932888e-01 6.813817620277404785e-01 5.721563583275292020e-01
6.956521868705749512e-01 5.529570798153825573e-01 6.853474974632263184e-01 5.671389682435760138e-01
6.951153874397277832e-01 5.546763275044616082e-01 6.881653070449829102e-01 5.668058119942862572e-01
6.902397274971008301e-01 5.545312683982016599e-01 6.800250411033630371e-01 5.740538374214674278e-01
6.904186606407165527e-01 5.571598480139804410e-01 6.778334379196166992e-01 5.751928397096838230e-01
6.927446722984313965e-01 5.535596949104163444e-01 6.839908361434936523e-01 5.694193609744665485e-01
6.923868060111999512e-01 5.557170556576569442e-01 6.856606006622314453e-01 5.687393185440967613e-01
6.953837871551513672e-01 5.502380726695338398e-01 6.878522038459777832e-01 5.660810942093481568e-01
6.980229020118713379e-01 5.483924526608593419e-01 6.928616166114807129e-01 5.602087672855032841e-01
6.905081272125244141e-01 5.527001993774323108e-01 6.883740425109863281e-01 5.690679336435185975e-01
6.940866112709045410e-01 5.498821281388569515e-01 6.936964988708496094e-01 5.598124010631073677e-01
6.961889266967773438e-01 5.448522334620102825e-01 6.884784102439880371e-01 5.620197990671673693e-01
6.941313147544860840e-01 5.473211315732284810e-01 6.890001893043518066e-01 5.618335342412202893e-01
6.918500661849975586e-01 5.492407989472092300e-01 6.745982170104980469e-01 5.728791540835003193e-01
6.920289993286132812e-01 5.525070640008038492e-01 6.862868070602416992e-01 5.622496176079503361e-01
6.976650357246398926e-01 5.457018974279969070e-01 6.798163056373596191e-01 5.639390866310057815e-01
6.978439688682556152e-01 5.458370664610719958e-01 6.923397779464721680e-01 5.570928186545215377e-01
6.979781985282897949e-01 5.442366198619761342e-01 6.940096020698547363e-01 5.610780003572948260e-01
6.986044049263000488e-01 5.421002074652183644e-01 6.935921311378479004e-01 5.536927152739962166e-01
6.965020298957824707e-01 5.449813463581677508e-01 6.878522038459777832e-01 5.552876603998985194e-01
6.986491084098815918e-01 5.431763352211355089e-01 6.823210120201110840e-01 5.635839033863335734e-01
7.053139805793762207e-01 5.375025049905099994e-01 6.899394989013671875e-01 5.538273084464736540e-01
7.002594470977783203e-01 5.370576424661828163e-01 6.901481747627258301e-01 5.573830815427514018e-01
6.989175081253051758e-01 5.431707265403066254e-01 6.857649683952331543e-01 5.607616119980936009e-01
7.016013860702514648e-01 5.385199824798340140e-01 6.939052343368530273e-01 5.483794095396273827e-01
6.982913017272949219e-01 5.395154316750808698e-01 6.862868070602416992e-01 5.627959006092937422e-01
7.029432654380798340e-01 5.382595457167291819e-01 7.021498680114746094e-01 5.498913765152668720e-01
7.059402465820312500e-01 5.329640323839752725e-01 6.959924697875976562e-01 5.545504711237114748e-01
7.054034471511840820e-01 5.359472266184577283e-01 6.869129538536071777e-01 5.610564800449364675e-01
7.050008773803710938e-01 5.331342608712401621e-01 6.850344538688659668e-01 5.563146766703602752e-01
7.065664529800415039e-01 5.312342723829202029e-01 6.973491907119750977e-01 5.512401829978116341e-01
