4.998658001422882080e-01 1.703270225710769955e+04 5.087664127349853516e-01 5.213406417295693984e+00
4.985238909721374512e-01 2.563532411508258058e+00 5.009392499923706055e-01 1.171934190659352781e+00
5.008051395416259766e-01 2.134157623901715262e+00 5.009392499923706055e-01 1.568974460099390900e+00
5.001341700553894043e-01 2.288051789509501610e+00 4.990607500076293945e-01 1.792636919190803368e+01
5.000000000000000000e-01 8.103361854599294247e+02 4.990607500076293945e-01 6.465050229845104468e+00
4.999552667140960693e-01 4.937171532847966837e+00 4.990607500076293945e-01 8.028977338766608574e-01
4.984344244003295898e-01 3.550002802205354691e+00 5.009392499923706055e-01 1.489446034065195601e+00
4.963320791721343994e-01 5.680437559474877496e+00 5.009392499923706055e-01 2.435839782281699328e+01
5.021023154258728027e-01 6.119303767967787522e+00 5.009392499923706055e-01 8.799766531146858695e-01
4.991053938865661621e-01 1.110924751017596535e+01 4.990607500076293945e-01 5.003700692079878998e+00
5.013419389724731445e-01 6.387955259308445655e+00 5.009392499923706055e-01 6.931523788425674182e-01
4.950796067714691162e-01 2.958162928932914770e+00 4.990607500076293945e-01 4.063229198053718960e+01
5.025944113731384277e-01 7.712021372275183140e+00 5.009392499923706055e-01 7.139617632645153833e+01
5.022812485694885254e-01 4.726427008287065412e+00 4.990607500076293945e-01 1.509001099409924791e+02
4.998658001422882080e-01 6.340629129551416554e+00 5.009392499923706055e-01 3.122796803002465893e+01
5.016102790832519531e-01 1.042380471446258561e+01 5.009392499923706055e-01 1.408429762710486921e+00
4.976292848587036133e-01 6.510543592843413663e+00 5.009392499923706055e-01 6.982258525677996763e-01
4.946323037147521973e-01 7.414512648610613432e+00 4.990607500076293945e-01 1.103499963148678820e+00
5.007156729698181152e-01 4.737743875318742859e+00 4.990607500076293945e-01 6.932351442150720411e-01
4.976292848587036133e-01 4.965797189374498544e+00 5.009392499923706055e-01 6.933735534035569970e-01
5.019234418869018555e-01 3.684825543481519805e+00 4.990607500076293945e-01 6.952470307981164499e-01
5.012971758842468262e-01 8.546175859464604230e+00 4.990607500076293945e-01 5.110255197104221381e+00
5.040705204010009766e-01 8.680907775686430128e+00 4.990607500076293945e-01 1.208965732418801675e+00
5.009840726852416992e-01 5.541921454521939516e+00 5.009392499923706055e-01 9.060785079992680124e+00
5.005815029144287109e-01 9.834880085958950247e-01 5.009392499923706055e-01 7.445385417642634840e-01
4.984791576862335205e-01 1.305974123059455572e+01 4.990607500076293945e-01 2.267475885579541739e+01
5.001341700553894043e-01 1.629222786848863791e+00 4.990607500076293945e-01 6.965180188946175077e-01
5.031311511993408203e-01 8.842211855889049232e+00 4.990607500076293945e-01 7.043208569829435550e-01
4.987922608852386475e-01 7.732539836857864834e+00 5.009392499923706055e-01 7.773990552352231242e-01
4.992842972278594971e-01 7.730612654958135543e+00 5.009392499923706055e-01 6.931465200705061447e-01
4.965110123157501221e-01 8.296710360325349143e+00 5.009392499923706055e-01 6.954237116550110454e-01
5.048308968544006348e-01 6.156342705250810177e+00 4.990607500076293945e-01 6.932034006175504803e-01
4.996868968009948730e-01 8.852796634251582475e+00 5.009392499923706055e-01 1.072531535689653204e+00
5.005367398262023926e-01 2.712904215573539446e+00 4.990607500076293945e-01 6.953130564841913941e-01
4.963768124580383301e-01 1.028974485107260861e+01 4.990607500076293945e-01 7.000654131528655233e-01
4.995526969432830811e-01 6.265176562604717780e+00 4.990607500076293945e-01 6.943549418892299707e-01
5.005815029144287109e-01 7.985636904705058825e+00 5.009392499923706055e-01 6.931963745847521396e-01
4.993737637996673584e-01 4.924154347886252836e+00 5.009392499923706055e-01 6.941186317793388572e-01
4.921273887157440186e-01 3.836056629944666785e+00 5.009392499923706055e-01 4.416333760639940209e+01
4.985238909721374512e-01 9.510338772172939770e+00 4.990607500076293945e-01 1.783416711261441279e+01
4.960189759731292725e-01 1.213970317004895438e+00 5.009392499923706055e-01 7.724995798095236621e-01
4.986133575439453125e-01 1.075633581724676979e+01 5.009392499923706055e-01 6.938956946202992082e-01
5.062623023986816406e-01 5.800549336155021329e+00 5.009392499923706055e-01 7.597043445328783839e-01
4.970477819442749023e-01 9.008556460839390212e+00 4.990607500076293945e-01 3.492082688983112604e+01
5.017445087432861328e-01 5.366027412687138565e+00 4.990607500076293945e-01 6.977931307716226383e-01
5.029522180557250977e-01 7.862446502573610552e+00 5.009392499923706055e-01 1.886320069308471048e+01
5.022812485694885254e-01 6.060617787741147566e+00 5.009392499923706055e-01 7.696246775250125127e-01
4.983896911144256592e-01 8.450789341540088095e-01 5.009392499923706055e-01 6.119581873644321490e+00
4.961978793144226074e-01 9.690530652510584986e+00 4.990607500076293945e-01 6.952926393491792867e-01
4.990159273147583008e-01 1.015749282720882896e+01 5.009392499923706055e-01 3.220706935218519806e+00
5.019681453704833984e-01 6.820625690467712943e+00 5.009392499923706055e-01 4.997529655676300031e+00
4.956611096858978271e-01 6.107104102205261675e+00 4.990607500076293945e-01 7.042254125790764485e-01
5.046520233154296875e-01 5.122985639028673432e+00 5.009392499923706055e-01 1.397405137898304339e+00
4.932456612586975098e-01 4.031493775233276899e+00 4.990607500076293945e-01 6.936448134576769231e-01
4.976739883422851562e-01 5.941771490530371125e+00 5.009392499923706055e-01 6.982472078508087376e-01
4.961978793144226074e-01 1.148281777359373201e+01 5.009392499923706055e-01 1.216245241409999167e+01
5.029969811439514160e-01 9.102248853467449052e+00 5.009392499923706055e-01 9.599161277258229319e+00
4.999105334281921387e-01 1.064380517029809292e+00 5.009392499923706055e-01 6.939314222738902638e-01
5.060833692550659180e-01 8.481940767956581695e+00 4.990607500076293945e-01 7.022611991867991899e-01
5.036678910255432129e-01 8.788270466740176090e+00 5.009392499923706055e-01 1.035699521412906137e+02
5.006262063980102539e-01 4.656679369465228646e+00 5.009392499923706055e-01 1.695682081900516636e+01
5.000894665718078613e-01 6.697750478998922397e+00 4.990607500076293945e-01 6.986915293130017135e-01
5.003131031990051270e-01 4.012035159918378113e+00 5.009392499923706055e-01 6.933438941024584468e-01
4.964215457439422607e-01 6.894623634885175711e+00 5.009392499923706055e-01 6.998868885952952423e-01
5.006709694862365723e-01 7.149307213394388683e+00 4.990607500076293945e-01 8.119521274668168864e-01
5.029522180557250977e-01 6.137256351560701262e+00 5.009392499923706055e-01 7.854405027619236535e+00
4.999105334281921387e-01 9.971356447117553756e+00 5.009392499923706055e-01 6.931504255992290142e-01
5.040257573127746582e-01 4.817464764983309777e+00 5.009392499923706055e-01 6.943077441422333962e-01
5.011182427406311035e-01 5.454116458179571580e+00 4.990607500076293945e-01 6.962284723569296396e-01
4.984344244003295898e-01 1.615554794138585715e+00 5.009392499923706055e-01 6.932435714857634323e-01
4.968241155147552490e-01 9.877709344773284883e+00 5.009392499923706055e-01 6.945384109077461510e-01
5.005367398262023926e-01 1.168130441342468373e+01 5.009392499923706055e-01 3.902684153248486609e+01
4.995079636573791504e-01 1.574817857229980467e+00 5.009392499923706055e-01 6.947964234407847384e-01
4.968688488006591797e-01 6.779536943334141696e+00 5.009392499923706055e-01 6.995735500008645191e-01
4.970477819442749023e-01 9.064019094300112656e+00 5.009392499923706055e-01 6.938860427858037916e-01
5.001341700553894043e-01 9.540376825779702585e+00 5.009392499923706055e-01 7.204077964634219011e-01
5.016550421714782715e-01 8.067280499319586795e+00 5.009392499923706055e-01 8.391413899857424141e+00
5.023260116577148438e-01 2.915658106849112308e+00 5.009392499923706055e-01 1.812019827278788568e+02
5.104222297668457031e-01 7.097076131045914060e+00 5.009392499923706055e-01 7.027457847497677879e-01
4.984791576862335205e-01 7.824775215113690230e+00 4.990607500076293945e-01 6.992067492000744178e-01
4.996868968009948730e-01 9.063821152916405666e+00 5.009392499923706055e-01 6.989197158982674019e-01
5.027732849121093750e-01 4.004096782949747357e+00 4.990607500076293945e-01 7.398170723693153761e-01
4.976292848587036133e-01 1.058876432065439843e+01 5.009392499923706055e-01 6.948753589504921280e-01
4.940508008003234863e-01 5.321091945577892446e+00 4.990607500076293945e-01 1.982451556470891330e+00
5.004473328590393066e-01 3.816168055772823919e+00 4.990607500076293945e-01 7.008349866987494403e-01
4.951243400573730469e-01 7.562677326036451042e+00 5.009392499923706055e-01 6.934968680485482651e-01
5.011182427406311035e-01 7.524150671270414925e+00 4.990607500076293945e-01 7.420563218589119048e-01
4.990159273147583008e-01 7.396935997185883904e-01 5.009392499923706055e-01 6.933380460669466006e-01
5.001789331436157227e-01 1.052757863156760010e+01 5.009392499923706055e-01 7.087263906084154685e-01
4.998658001422882080e-01 8.621434082827514445e+00 5.009392499923706055e-01 7.306297261215803918e-01
5.042046904563903809e-01 6.423042271053627239e+00 5.009392499923706055e-01 7.071378959715677315e-01
4.986133575439453125e-01 1.019463637125131683e+01 5.009392499923706055e-01 7.020910682844433426e-01
5.082304477691650391e-01 9.988948170113678415e+00 4.990607500076293945e-01 5.649860326245044639e+00
5.012524724006652832e-01 3.689690249468307925e+00 4.990607500076293945e-01 6.931853315522192860e-01
4.947217702865600586e-01 9.824961565542912112e+00 4.990607500076293945e-01 3.444435805623502933e+00
5.015655755996704102e-01 4.053421240945817239e+00 4.990607500076293945e-01 7.113443283242488757e-01
4.948112368583679199e-01 8.248530141621332135e+00 5.009392499923706055e-01 7.227642081321791201e-01
4.983449578285217285e-01 9.403933778370529240e+00 5.009392499923706055e-01 8.997069807372096717e-01
4.962873458862304688e-01 7.138523188126195684e-01 5.009392499923706055e-01 7.694976335377017307e+00
5.010288357734680176e-01 7.344255815072314952e+00 4.990607500076293945e-01 7.131355963079746285e-01
