5.053676962852478027e-01 7.015071112837854006e-01 5.337090492248535156e-01 6.926729046484793040e-01
5.073358416557312012e-01 6.948286799267721081e-01 5.012523531913757324e-01 6.939379857019899456e-01
4.943192005157470703e-01 6.940037387815308767e-01 4.990607500076293945e-01 6.936568552132464927e-01
4.988369941711425781e-01 6.935135725679668628e-01 4.990607500076293945e-01 6.937037426702316045e-01
4.951243400573730469e-01 6.936525825226449449e-01 4.990607500076293945e-01 6.931871013411448068e-01
5.010735392570495605e-01 6.934153188061983331e-01 5.012523531913757324e-01 6.935717298526202779e-01
5.021023154258728027e-01 6.934351888341113712e-01 4.990607500076293945e-01 6.930825375510366593e-01
5.005367398262023926e-01 6.936169522865276438e-01 4.990607500076293945e-01 6.933987463125229622e-01
5.005815029144287109e-01 6.937314387851462039e-01 4.990607500076293945e-01 6.938858129514878792e-01
5.049203634262084961e-01 6.934748724633539307e-01 4.990607500076293945e-01 6.932650419223087557e-01
4.976739883422851562e-01 6.935137064304648380e-01 5.009392499923706055e-01 6.934674216122946877e-01
5.011630058288574219e-01 6.935495177627484242e-01 5.009392499923706055e-01 6.934034496303193018e-01
4.976739883422851562e-01 6.935010426883557733e-01 5.009392499923706055e-01 6.932227897559444241e-01
5.012524724006652832e-01 6.934070793198950922e-01 5.009392499923706055e-01 6.942547811792031398e-01
4.961978793144226074e-01 6.936151671119529238e-01 5.009392499923706055e-01 6.931904772581524155e-01
5.015208721160888672e-01 6.934007135886245399e-01 4.990607500076293945e-01 6.934300215949447121e-01
4.936034977436065674e-01 6.935191311783346357e-01 4.990607500076293945e-01 6.932762820321068942e-01
5.002683997154235840e-01 6.934206859010514368e-01 5.009392499923706055e-01 6.931853893031608704e-01
4.977634549140930176e-01 6.934179628358200231e-01 4.990607500076293945e-01 6.932705197272582831e-01
4.973608851432800293e-01 6.935830497852611964e-01 4.990607500076293945e-01 6.931585360981681321e-01
5.022365450859069824e-01 6.932602581706536204e-01 4.990607500076293945e-01 6.941190649860463635e-01
5.004025697708129883e-01 6.934905386947950445e-01 5.009392499923706055e-01 6.931536875694734867e-01
5.020576119422912598e-01 6.933065143397678654e-01 5.009392499923706055e-01 6.937580815537989221e-01
5.035784840583801270e-01 6.937023225507191748e-01 5.009392499923706055e-01 6.931462381956497998e-01
5.006709694862365723e-01 6.935948430798650755e-01 5.009392499923706055e-01 6.931653367878375382e-01
4.996421635150909424e-01 6.933302389933397869e-01 4.990607500076293945e-01 6.933013333504942644e-01
4.997316300868988037e-01 6.937221634321849573e-01 4.990607500076293945e-01 6.935695318333715553e-01
4.995974302291870117e-01 6.934831726314301115e-01 4.990607500076293945e-01 6.931477997477679676e-01
4.975398182868957520e-01 6.935063632427419522e-01 5.009392499923706055e-01 6.932540953943112649e-01
5.000000000000000000e-01 6.934253140966716300e-01 5.009392499923706055e-01 6.931505199888010615e-01
4.924405217170715332e-01 6.933608317678058297e-01 5.009392499923706055e-01 6.931482560946632399e-01
4.977634549140930176e-01 6.934656862347470252e-01 4.990607500076293945e-01 6.931499128450160363e-01
4.982554912567138672e-01 6.935341744991124768e-01 4.990607500076293945e-01 6.931532291947016811e-01
4.987027943134307861e-01 6.935534592625236527e-01 4.990607500076293945e-01 6.936683836174369899e-01
4.931561946868896484e-01 6.937723508630248004e-01 5.009392499923706055e-01 6.931581563875934826e-01
5.010735392570495605e-01 6.932639796590096548e-01 4.990607500076293945e-01 6.931903002481574205e-01
5.011182427406311035e-01 6.938381278145865361e-01 5.009392499923706055e-01 6.939809929973719260e-01
4.990606606006622314e-01 6.937594574899957900e-01 5.009392499923706055e-01 6.932596718436415673e-01
4.978081881999969482e-01 6.935104898165922460e-01 4.990607500076293945e-01 6.933113517952324001e-01
5.023707151412963867e-01 6.933066791190425349e-01 4.990607500076293945e-01 6.932620963630286015e-01
4.994632303714752197e-01 6.934316114676321030e-01 5.009392499923706055e-01 6.931453937032082679e-01
4.992842972278594971e-01 6.934615222813511615e-01 4.990607500076293945e-01 6.931862778490457400e-01
5.015208721160888672e-01 6.937746438448577635e-01 4.990607500076293945e-01 6.936311948102841241e-01
5.008946061134338379e-01 6.936969059612951849e-01 5.009392499923706055e-01 6.933548199784603794e-01
4.991501271724700928e-01 6.938131692840793230e-01 4.990607500076293945e-01 6.934828487773251338e-01
4.961084127426147461e-01 6.934447627115343238e-01 5.009392499923706055e-01 6.931501861356091920e-01
5.022812485694885254e-01 6.937058324313885027e-01 5.009392499923706055e-01 6.933761735321758435e-01
4.987475275993347168e-01 6.935034875452550374e-01 5.009392499923706055e-01 6.931627352460145719e-01
4.987027943134307861e-01 6.933080381987921648e-01 5.009392499923706055e-01 6.943599672413051094e-01
5.046072602272033691e-01 6.937709996431111747e-01 5.009392499923706055e-01 6.939742746793061690e-01
4.994632303714752197e-01 6.936891459676443050e-01 4.990607500076293945e-01 6.931803674096729262e-01
5.039362907409667969e-01 6.936481399876548437e-01 5.009392499923706055e-01 6.932249412833213498e-01
4.989711940288543701e-01 6.941693489592922761e-01 4.990607500076293945e-01 6.931478136567625903e-01
5.001341700553894043e-01 6.936575645708530358e-01 5.009392499923706055e-01 6.931617483294499893e-01
4.940955340862274170e-01 6.934040101872592787e-01 4.990607500076293945e-01 6.931850380823871838e-01
5.004025697708129883e-01 6.935102506408240552e-01 4.990607500076293945e-01 6.933213946491361135e-01
5.002236366271972656e-01 6.934924883073760871e-01 5.009392499923706055e-01 6.931593429567022291e-01
4.932903945446014404e-01 6.936431967160594514e-01 4.990607500076293945e-01 6.935502467387355541e-01
4.962426126003265381e-01 6.935986421427757787e-01 4.990607500076293945e-01 6.932044897241698145e-01
5.006709694862365723e-01 6.934070340591842463e-01 4.990607500076293945e-01 6.935609149002277540e-01
4.980765879154205322e-01 6.935343424564484049e-01 4.990607500076293945e-01 6.931669229606177707e-01
4.976739883422851562e-01 6.932885212236193917e-01 4.990607500076293945e-01 6.932140274626107379e-01
5.019234418869018555e-01 6.933139778459023184e-01 5.009392499923706055e-01 6.944922681791353414e-01
5.012971758842468262e-01 6.937769214269576823e-01 5.009392499923706055e-01 6.932566861622618815e-01
5.046520233154296875e-01 6.936935881826954420e-01 4.990607500076293945e-01 6.934145730812250052e-01
4.971819519996643066e-01 6.936356849204579067e-01 4.990607500076293945e-01 6.934004733916290242e-01
4.984344244003295898e-01 6.939912951574873645e-01 5.009392499923706055e-01 6.949416448392691237e-01
4.976292848587036133e-01 6.943578455289887152e-01 5.009392499923706055e-01 6.931454941266464997e-01
4.980765879154205322e-01 6.934245233673127506e-01 5.009392499923706055e-01 6.937480337981564160e-01
4.986580908298492432e-01 6.937606527822818281e-01 4.990607500076293945e-01 6.932769613085846272e-01
4.970925152301788330e-01 6.935665414635792114e-01 5.009392499923706055e-01 6.931491915802944215e-01
5.006262063980102539e-01 6.936057909355327622e-01 5.009392499923706055e-01 6.931456713605788078e-01
5.002683997154235840e-01 6.935566220093251077e-01 4.990607500076293945e-01 6.955361213870199233e-01
4.998210668563842773e-01 6.939448639497195481e-01 4.990607500076293945e-01 6.931855940316171694e-01
5.019234418869018555e-01 6.933890199870281768e-01 5.009392499923706055e-01 6.934368711278274811e-01
4.970477819442749023e-01 6.939046960927267582e-01 4.990607500076293945e-01 6.935500711096873605e-01
4.939613640308380127e-01 6.941440717908218261e-01 4.990607500076293945e-01 6.939640161737821167e-01
4.950796067714691162e-01 6.936723714353445480e-01 5.009392499923706055e-01 6.931457424855536065e-01
4.962873458862304688e-01 6.934413844004665428e-01 5.009392499923706055e-01 6.931460452985475085e-01
4.995974302291870117e-01 6.933909967624345416e-01 4.990607500076293945e-01 6.931841962274293278e-01
4.962873458862304688e-01 6.935963401173325105e-01 5.009392499923706055e-01 6.931465699463192909e-01
5.079173445701599121e-01 6.933181847031245626e-01 4.990607500076293945e-01 6.934813222340715511e-01
4.970477819442749023e-01 6.935208168305359022e-01 4.990607500076293945e-01 6.931525151457375022e-01
4.995974302291870117e-01 6.937711973654432374e-01 4.990607500076293945e-01 6.941674186227416721e-01
5.010735392570495605e-01 6.935539181404366538e-01 4.990607500076293945e-01 6.939138925864287710e-01
5.004473328590393066e-01 6.936699577405086581e-01 5.009392499923706055e-01 6.931452858649571613e-01
4.936482310295104980e-01 6.936605251375048686e-01 4.990607500076293945e-01 6.933289229608582405e-01
5.016102790832519531e-01 6.935868789331071094e-01 4.990607500076293945e-01 6.932249468444310336e-01
5.012971758842468262e-01 6.936732745166327430e-01 5.009392499923706055e-01 6.944997459681142571e-01
5.024154782295227051e-01 6.936289434421039068e-01 5.009392499923706055e-01 6.931979299163898434e-01
5.039362907409667969e-01 6.934342880777135676e-01 4.990607500076293945e-01 6.931511912408588882e-01
4.978529214859008789e-01 6.938119274406617798e-01 4.990607500076293945e-01 6.953980473953507158e-01
5.050098299980163574e-01 6.935545010160601986e-01 5.009392499923706055e-01 6.947464321506120477e-01
5.008946061134338379e-01 6.937710261660582356e-01 5.009392499923706055e-01 6.935270440103216139e-01
4.935140311717987061e-01 6.935497220011724862e-01 4.990607500076293945e-01 6.931589652242403643e-01
5.061281323432922363e-01 6.933124283384308750e-01 4.990607500076293945e-01 6.932567629727558467e-01
5.048308968544006348e-01 6.934605580490461607e-01 5.009392499923706055e-01 6.933814398905500109e-01
4.982107579708099365e-01 6.935743618830518820e-01 5.009392499923706055e-01 6.932303709417513282e-01
5.035784840583801270e-01 6.936648180263373931e-01 5.009392499923706055e-01 6.944460893095323328e-01
5.025049448013305664e-01 6.935863139953994949e-01 4.990607500076293945e-01 6.936637598720281073e-01
