5.549740791320800781e-01 6.825143248349359038e-01 5.706533193588256836e-01 6.739779036220741038e-01
5.813651680946350098e-01 6.722641710433918671e-01 5.854727625846862793e-01 6.680743545387115567e-01
5.797548890113830566e-01 6.695932516750527919e-01 5.801503062248229980e-01 6.673446658433441758e-01
5.884326100349426270e-01 6.655322322053716100e-01 5.831767916679382324e-01 6.640627173684728879e-01
5.846305489540100098e-01 6.666894775423216624e-01 5.959089994430541992e-01 6.609391538242387343e-01
5.925031304359436035e-01 6.612614356227969337e-01 5.890210866928100586e-01 6.589336923009243563e-01
5.965288877487182617e-01 6.584800895584100866e-01 5.972657203674316406e-01 6.550484621258574336e-01
6.012703776359558105e-01 6.563300941280099110e-01 5.891254544258117676e-01 6.607828252600668195e-01
6.016281843185424805e-01 6.541092339899783337e-01 6.087455749511718750e-01 6.495122181127623850e-01
6.029701232910156250e-01 6.502840956841327014e-01 6.123982667922973633e-01 6.504303565156706046e-01
6.069511771202087402e-01 6.499327662315750320e-01 6.112502813339233398e-01 6.453357858937509572e-01
6.112452745437622070e-01 6.472889231662883880e-01 6.047797799110412598e-01 6.477941662676521828e-01
6.132134795188903809e-01 6.450980018366425650e-01 6.102066636085510254e-01 6.416909778648118845e-01
6.138843894004821777e-01 6.441307549805947996e-01 6.221039295196533203e-01 6.364829713804093236e-01
6.163893342018127441e-01 6.419598362935977631e-01 6.298267841339111328e-01 6.333122880318000636e-01
6.169708371162414551e-01 6.397325457006260985e-01 6.177207231521606445e-01 6.384789965466750594e-01
6.126766800880432129e-01 6.405232278151895553e-01 6.111459136009216309e-01 6.388356636123402321e-01
6.205493211746215820e-01 6.372075067327496178e-01 6.180338263511657715e-01 6.389993497858065252e-01
6.178654432296752930e-01 6.366607544246822847e-01 6.212690472602844238e-01 6.362107779307396571e-01
6.193863153457641602e-01 6.374423917876861356e-01 6.270089745521545410e-01 6.326171691595351421e-01
6.269010305404663086e-01 6.340580343197658175e-01 6.270089745521545410e-01 6.274027368813859251e-01
6.268563270568847656e-01 6.323177751029064320e-01 6.293049454689025879e-01 6.294294248366748556e-01
6.270799636840820312e-01 6.298968393744200922e-01 6.325401663780212402e-01 6.274902034567233500e-01
6.234567761421203613e-01 6.319628346156169751e-01 6.256522536277770996e-01 6.296253346421478714e-01
6.282877326011657715e-01 6.281011134658011086e-01 6.283656954765319824e-01 6.256048855640226058e-01
6.268116235733032227e-01 6.297688654186175405e-01 6.318096518516540527e-01 6.230043824245028450e-01
6.325371265411376953e-01 6.259444271927336878e-01 6.277394890785217285e-01 6.242675550718990163e-01
6.323581933975219727e-01 6.257448077393806818e-01 6.337925195693969727e-01 6.235612286975950047e-01
6.322240233421325684e-01 6.249190938880136992e-01 6.329576373100280762e-01 6.291045307665223962e-01
6.332080960273742676e-01 6.239566162247247583e-01 6.393237113952636719e-01 6.183849561067643608e-01
6.363392472267150879e-01 6.230746306402992207e-01 6.332707405090332031e-01 6.249534292650034129e-01
6.310610175132751465e-01 6.262666999728505601e-01 6.422458887100219727e-01 6.182303347410426086e-01
6.397835016250610352e-01 6.169414282122372972e-01 6.456898450851440430e-01 6.158463573734488383e-01
6.325818300247192383e-01 6.211049706890238165e-01 6.352536082267761230e-01 6.197885549459096755e-01
6.387547254562377930e-01 6.188800969049614853e-01 6.370277404785156250e-01 6.195770601244914300e-01
6.409017443656921387e-01 6.163691905193666720e-01 6.418284177780151367e-01 6.193638708690490935e-01
6.409465074539184570e-01 6.146183560905142951e-01 6.423502564430236816e-01 6.120896090597280903e-01
6.408123373985290527e-01 6.165561677731732360e-01 6.400542855262756348e-01 6.124838072082687823e-01
6.414385437965393066e-01 6.114699891309316460e-01 6.351492404937744141e-01 6.179315922181159992e-01
6.407675743103027344e-01 6.113364668987927297e-01 6.367146968841552734e-01 6.137364882438522962e-01
6.451959013938903809e-01 6.130828456964831918e-01 6.497599482536315918e-01 6.108785302373765935e-01
6.480139493942260742e-01 6.108572300910779518e-01 6.510123014450073242e-01 6.128518730184275842e-01
6.484165191650390625e-01 6.098433966328663525e-01 6.479858160018920898e-01 6.082401011886389153e-01
6.453748345375061035e-01 6.090208699609794829e-01 6.467334628105163574e-01 6.103592700984129538e-01
6.468509435653686523e-01 6.081462072054886203e-01 6.471509337425231934e-01 6.068066584494138382e-01
6.486849188804626465e-01 6.064017553153714379e-01 6.419327855110168457e-01 6.148498310621783869e-01
6.489085555076599121e-01 6.064264944316790640e-01 6.439156532287597656e-01 6.087133885051979609e-01
6.485507488250732422e-01 6.049368988211326625e-01 6.453767418861389160e-01 6.065776402356604091e-01
6.515029668807983398e-01 6.032269814718727030e-01 6.465247273445129395e-01 6.040684168011827282e-01
6.500715613365173340e-01 6.033073370647379363e-01 6.472552418708801270e-01 6.079828283205034323e-01
6.510556340217590332e-01 6.020635709841064553e-01 6.455854773521423340e-01 6.072780235379504621e-01
6.510556340217590332e-01 6.033338185371109885e-01 6.460029482841491699e-01 6.055539333230641752e-01
6.518607735633850098e-01 5.999725774119847310e-01 6.486119627952575684e-01 5.997084295344089488e-01
6.561549305915832520e-01 5.966275502646154472e-01 6.518472433090209961e-01 6.025822104528885115e-01
6.537842154502868652e-01 5.982120202593992353e-01 6.478814482688903809e-01 6.045396173331265555e-01
6.550366878509521484e-01 5.965058541101683209e-01 6.543518900871276855e-01 5.992637958040916146e-01
6.540078520774841309e-01 5.983901182554514087e-01 6.536213755607604980e-01 5.982291633389583696e-01
6.588835120201110840e-01 5.919738007073838126e-01 6.567522287368774414e-01 5.995135670339257761e-01
6.570495367050170898e-01 5.936542688509841570e-01 6.497599482536315918e-01 5.958778055867230972e-01
6.601806879043579102e-01 5.914228076712136906e-01 6.581089496612548828e-01 5.931347875300491124e-01
6.638933420181274414e-01 5.862822179334452599e-01 6.522646546363830566e-01 5.987451593802731731e-01
6.591071486473083496e-01 5.892173315677174950e-01 6.502817869186401367e-01 5.984950618489105478e-01
6.599123477935791016e-01 5.905370495574890910e-01 6.559173464775085449e-01 6.003337941645481290e-01
6.506530642509460449e-01 6.022234055901666272e-01 6.569609642028808594e-01 5.966282359520146406e-01
6.620146632194519043e-01 5.865662972217682292e-01 6.591525673866271973e-01 5.933017013118252470e-01
6.642065048217773438e-01 5.855091860456871355e-01 6.525777578353881836e-01 5.972062633097781070e-01
6.646537780761718750e-01 5.832835141630030584e-01 6.600918173789978027e-01 5.929731912016744655e-01
6.578099727630615234e-01 5.907426326640455860e-01 6.526821255683898926e-01 5.946699245890205709e-01
6.650563478469848633e-01 5.833004976794894381e-01 6.582133173942565918e-01 5.938631502055743416e-01
6.652800440788269043e-01 5.844400122076524040e-01 6.623877882957458496e-01 5.884590600657080284e-01
6.629092693328857422e-01 5.850960083864396033e-01 6.532039046287536621e-01 5.928236906475226053e-01
6.683664321899414062e-01 5.817687040067226478e-01 6.603005528450012207e-01 5.865141934130291279e-01
6.650116443634033203e-01 5.836539037391013096e-01 6.636401414871215820e-01 5.924083065623356736e-01
6.673823595046997070e-01 5.810430787888979376e-01 6.662492156028747559e-01 5.857049748659183264e-01
6.675165295600891113e-01 5.806330078871183575e-01 6.618660092353820801e-01 5.901000902066024789e-01
6.675612926483154297e-01 5.800574918001447644e-01 6.569609642028808594e-01 5.917285772958396084e-01
6.687690019607543945e-01 5.775934954217687434e-01 6.590481996536254883e-01 5.877249328957249164e-01
6.697978377342224121e-01 5.783051607390810034e-01 6.616572737693786621e-01 5.839753414066268800e-01
6.687690019607543945e-01 5.783448915806624901e-01 6.624921560287475586e-01 5.849934508197865979e-01
6.692163348197937012e-01 5.779616223249266493e-01 6.693800687789916992e-01 5.820163628597693206e-01
6.704240441322326660e-01 5.729387284583622453e-01 6.595700383186340332e-01 5.923878072920981674e-01
6.700214743614196777e-01 5.753658573643255503e-01 6.589438319206237793e-01 5.922588988675177024e-01
6.731526255607604980e-01 5.738649640980848510e-01 6.682320833206176758e-01 5.820805626357430373e-01
6.736446619033813477e-01 5.729573923800495017e-01 6.633270978927612305e-01 5.879622157643668023e-01
6.714975833892822266e-01 5.723715149923308543e-01 6.692757010459899902e-01 5.801873151730008171e-01
6.777598857879638672e-01 5.694051300461933085e-01 6.586307883262634277e-01 5.871852421357471874e-01
6.716317534446716309e-01 5.710829179430716440e-01 6.767898201942443848e-01 5.772772827867027612e-01
6.779835224151611328e-01 5.680518675456215361e-01 6.743894815444946289e-01 5.777851119093196930e-01
6.745392680168151855e-01 5.712612149412121809e-01 6.613441705703735352e-01 5.863396236628287683e-01
6.724369525909423828e-01 5.698529144032181692e-01 6.598831415176391602e-01 5.849197552065290573e-01
6.762837767601013184e-01 5.691530626753101840e-01 6.646837592124938965e-01 5.833043770336253653e-01
6.763284802436828613e-01 5.663038919108096536e-01 6.686495542526245117e-01 5.791253381595560246e-01
6.744945645332336426e-01 5.688925548430781021e-01 6.587351560592651367e-01 5.843876657742743674e-01
6.815620064735412598e-01 5.616836260333003539e-01 6.742851138114929199e-01 5.762142756492353302e-01
6.769547462463378906e-01 5.639997465833608281e-01 6.658317446708679199e-01 5.822227641028816514e-01
6.772231459617614746e-01 5.705601132540993881e-01 6.624921560287475586e-01 5.835088876860795581e-01
6.787439584732055664e-01 5.656764491936626671e-01 6.699019074440002441e-01 5.778649505581594514e-01
6.821435093879699707e-01 5.612810614774939033e-01 6.733458638191223145e-01 5.780640190241357335e-01
6.760601401329040527e-01 5.650017674546439217e-01 6.730327606201171875e-01 5.770282140481798328e-01
6.822329759597778320e-01 5.600522977014542603e-01 6.614485383033752441e-01 5.879610271922632858e-01
