5.372607111930847168e-01 6.909334318947975007e-01 5.718013048171997070e-01 6.821822093613484350e-01
5.615941882133483887e-01 6.824017662783602445e-01 5.691922307014465332e-01 6.758011558861554136e-01
5.663356781005859375e-01 6.772626701547114214e-01 5.736798048019409180e-01 6.728348457795845228e-01
5.692878961563110352e-01 6.749718355394515035e-01 5.721144080162048340e-01 6.711047766875981591e-01
5.719717144966125488e-01 6.743098017588819992e-01 5.702358484268188477e-01 6.708347313813639579e-01
5.751028656959533691e-01 6.714103022891222405e-01 5.921519398689270020e-01 6.692975897600894619e-01
5.802021622657775879e-01 6.710236707086063568e-01 5.856814980506896973e-01 6.677929703041248777e-01
5.844068527221679688e-01 6.679519837967802243e-01 5.852640271186828613e-01 6.694417794794310650e-01
5.794417858123779297e-01 6.715997755367526523e-01 5.872468948364257812e-01 6.670499863392673756e-01
5.812757015228271484e-01 6.674636356901836320e-01 5.865163803100585938e-01 6.656215744385811650e-01
5.838701128959655762e-01 6.660218384829419414e-01 5.928825139999389648e-01 6.647601855669557080e-01
5.808284282684326172e-01 6.665375616090160049e-01 5.770193934440612793e-01 6.664705316175923988e-01
5.840490460395812988e-01 6.673480700904770302e-01 5.926737785339355469e-01 6.646602207025389397e-01
5.838253498077392578e-01 6.644468183358765989e-01 5.827593207359313965e-01 6.645242852125603505e-01
5.865092277526855469e-01 6.661470646208952351e-01 5.873512625694274902e-01 6.632078943011706640e-01
5.900876522064208984e-01 6.646792306352288238e-01 5.930911898612976074e-01 6.627899622324985307e-01
5.860618948936462402e-01 6.643263487210958607e-01 5.871425867080688477e-01 6.626897671107732091e-01
5.840937495231628418e-01 6.641349691379729858e-01 5.961177349090576172e-01 6.615107974262631751e-01
5.912506580352783203e-01 6.628956603521864999e-01 5.938217639923095703e-01 6.609842535773141625e-01
5.902218818664550781e-01 6.615949795889841667e-01 6.000834703445434570e-01 6.621506681175526321e-01
5.903113484382629395e-01 6.616530356221174136e-01 5.961177349090576172e-01 6.621832921370114367e-01
5.898640155792236328e-01 6.609321688364349079e-01 5.970569849014282227e-01 6.602997155807580620e-01
5.936661362648010254e-01 6.613547720706917099e-01 6.026925444602966309e-01 6.619393406395025492e-01
5.879405736923217773e-01 6.611405629488026348e-01 5.943435430526733398e-01 6.583511402526844858e-01
5.885668396949768066e-01 6.620151949901447175e-01 5.940304994583129883e-01 6.603311905779287727e-01
5.882537364959716797e-01 6.610796975628765448e-01 5.923606753349304199e-01 6.581457758392726953e-01
5.922794938087463379e-01 6.578943711270754946e-01 5.982049703598022461e-01 6.567895413937984150e-01
5.924584269523620605e-01 6.590816470202659483e-01 5.826549530029296875e-01 6.676872034108706222e-01
5.908033847808837891e-01 6.578544726907555873e-01 5.984137058258056641e-01 6.571257498214051473e-01
5.958579182624816895e-01 6.577001749072141079e-01 5.902734398841857910e-01 6.590383128342561792e-01
5.873590707778930664e-01 6.584891765845826139e-01 5.973700881004333496e-01 6.559685154788256201e-01
5.925925970077514648e-01 6.561035293546509939e-01 6.000834703445434570e-01 6.569765684027881747e-01
5.933082699775695801e-01 6.570643757127183626e-01 5.874556303024291992e-01 6.598342158455511308e-01
5.913848876953125000e-01 6.576010905623457248e-01 5.940304994583129883e-01 6.557421838657464530e-01
5.933530330657958984e-01 6.559915006917924618e-01 5.907952189445495605e-01 6.565943919798696848e-01
5.975577235221862793e-01 6.566209815593200272e-01 5.950741171836853027e-01 6.551400709192032323e-01
5.939345359802246094e-01 6.556771827695364596e-01 5.947610139846801758e-01 6.543045453252933630e-01
5.995258688926696777e-01 6.558909776876684639e-01 5.987268090248107910e-01 6.520652199209520106e-01
5.954106450080871582e-01 6.548671842389253150e-01 5.961177349090576172e-01 6.524283431363090413e-01
5.947396755218505859e-01 6.554430391413513801e-01 5.955958962440490723e-01 6.546697822599464311e-01
5.947396755218505859e-01 6.554878280486589048e-01 5.957002639770507812e-01 6.509938396060922505e-01
5.955448150634765625e-01 6.542247548302121407e-01 6.126069426536560059e-01 6.528372058936087186e-01
5.956789851188659668e-01 6.537744231291460206e-01 5.900647044181823730e-01 6.533607163500920745e-01
5.935319662094116211e-01 6.545757768426732071e-01 5.926737785339355469e-01 6.532913343290823738e-01
5.933530330657958984e-01 6.548296662771033727e-01 5.957002639770507812e-01 6.525157827769657581e-01
5.916532278060913086e-01 6.531266807699314114e-01 5.948653817176818848e-01 6.518590858101570573e-01
5.972445607185363770e-01 6.531795246866867188e-01 5.988311171531677246e-01 6.504600105666835663e-01
5.968867540359497070e-01 6.528364893873511710e-01 5.958046317100524902e-01 6.523994529229866224e-01
5.979155302047729492e-01 6.517840590475283413e-01 5.878731012344360352e-01 6.550631323952536000e-01
6.012256145477294922e-01 6.523527349442866941e-01 5.962221026420593262e-01 6.509295933133648626e-01
6.022096872329711914e-01 6.510006885320390735e-01 5.977874994277954102e-01 6.515446417243613286e-01
5.962604880332946777e-01 6.524522978966427189e-01 6.021707653999328613e-01 6.480830703789892677e-01
6.011809110641479492e-01 6.510297099898552098e-01 6.106240749359130859e-01 6.496947805833229728e-01
5.977813601493835449e-01 6.506661627475638365e-01 5.931955575942993164e-01 6.535298846579623566e-01
6.026122570037841797e-01 6.492743490206830392e-01 6.030056476593017578e-01 6.495952782365181921e-01
6.011361479759216309e-01 6.515705196753792672e-01 5.960133671760559082e-01 6.498162304153275448e-01
6.001520752906799316e-01 6.503618336210184037e-01 5.942391753196716309e-01 6.547126253719643962e-01
6.046698689460754395e-01 6.484602574564984900e-01 6.049885153770446777e-01 6.468213542944403205e-01
6.031937599182128906e-01 6.494275396231526942e-01 5.982049703598022461e-01 6.482709325248178223e-01
5.999731421470642090e-01 6.485574756395541263e-01 6.146942377090454102e-01 6.459967898590981417e-01
6.010914444923400879e-01 6.493848259791553668e-01 5.982049703598022461e-01 6.477179842661079379e-01
6.022544503211975098e-01 6.486543808262384969e-01 6.115633249282836914e-01 6.521538697063388179e-01
6.001520752906799316e-01 6.503649647578418902e-01 6.206429004669189453e-01 6.454373156693453684e-01
6.033279895782470703e-01 6.480836819655397818e-01 5.995616912841796875e-01 6.480362930867149540e-01
5.999284386634826660e-01 6.502564561923729336e-01 6.074932217597961426e-01 6.466969271787047502e-01
6.034174561500549316e-01 6.472146870156140208e-01 6.009184122085571289e-01 6.457968087739771601e-01
6.058328747749328613e-01 6.461691972415505303e-01 6.064496040344238281e-01 6.439114643447062525e-01
6.078904867172241211e-01 6.455190474156468072e-01 6.195992231369018555e-01 6.428805541156155101e-01
6.027911901473999023e-01 6.470540576489629547e-01 6.066583395004272461e-01 6.453944727066189824e-01
6.052513718605041504e-01 6.462705731071968218e-01 6.160508990287780762e-01 6.439413820818903345e-01
6.052513718605041504e-01 6.452363969644507868e-01 6.084324717521667480e-01 6.418194446352721849e-01
6.068617105484008789e-01 6.436091281472303693e-01 6.022750735282897949e-01 6.440761262876358861e-01
6.027911901473999023e-01 6.457777575210288390e-01 5.965351462364196777e-01 6.448000063977792351e-01
6.071300506591796875e-01 6.438492905221230300e-01 5.993529558181762695e-01 6.439184639280212119e-01
6.069958806037902832e-01 6.454018315383329707e-01 6.147986054420471191e-01 6.422652773507774304e-01
6.069511771202087402e-01 6.456572296880058737e-01 6.160508990287780762e-01 6.415588090126660425e-01
6.051172018051147461e-01 6.447295125811828287e-01 5.996660590171813965e-01 6.488649505609461743e-01
6.052961349487304688e-01 6.443860513256624012e-01 6.115633249282836914e-01 6.388950198857675788e-01
6.055644750595092773e-01 6.446810268101612618e-01 6.182425618171691895e-01 6.394994462539148605e-01
6.122741103172302246e-01 6.419336951830494353e-01 6.067627072334289551e-01 6.410965612078479703e-01
6.106638312339782715e-01 6.417241687317358778e-01 6.056147217750549316e-01 6.401502073893490241e-01
6.073089838027954102e-01 6.414424648202154966e-01 6.072844862937927246e-01 6.399421810705709923e-01
6.070406436920166016e-01 6.426942678444029777e-01 6.183469295501708984e-01 6.390397077660748826e-01
6.117820739746093750e-01 6.402114583567614092e-01 6.079106926918029785e-01 6.431020112357143104e-01
6.095902919769287109e-01 6.423027161665435525e-01 6.145898699760437012e-01 6.392745704696661813e-01
6.077115535736083984e-01 6.421010154456907593e-01 6.095804572105407715e-01 6.385753329798962152e-01
6.099480986595153809e-01 6.405327199908440461e-01 6.067627072334289551e-01 6.405333575787361955e-01
6.126319766044616699e-01 6.408219790710364405e-01 6.034230589866638184e-01 6.406800116285404911e-01
6.065933108329772949e-01 6.412685733827757639e-01 6.187643408775329590e-01 6.378741016768135763e-01
6.106190681457519531e-01 6.402889236309251553e-01 6.063452363014221191e-01 6.383658291103695426e-01
6.089640259742736816e-01 6.408909896572281273e-01 6.114589571952819824e-01 6.386432262408512361e-01
6.128556132316589355e-01 6.385603458259843102e-01 6.021707653999328613e-01 6.445525697516240049e-01
6.099928617477416992e-01 6.403421357975255246e-01 6.111459136009216309e-01 6.375325147853319052e-01
6.118715405464172363e-01 6.379899802351279847e-01 6.023794412612915039e-01 6.460230196848514295e-01
6.093665957450866699e-01 6.407749635585839876e-01 6.055103540420532227e-01 6.396609584938333093e-01
6.140633225440979004e-01 6.365519342172506478e-01 6.055103540420532227e-01 6.347611405311509580e-01
6.140633225440979004e-01 6.383928282249377029e-01 6.074932217597961426e-01 6.387189090861529195e-01
6.123635768890380859e-01 6.391733314466724325e-01 6.135462522506713867e-01 6.356613366296808287e-01
6.137502193450927734e-01 6.379026455345127022e-01 6.128156781196594238e-01 6.366353689740928967e-01
6.153157949447631836e-01 6.360708950115756544e-01 6.110415458679199219e-01 6.355736474109029421e-01
