4.941850006580352783e-01 2.351259561264572362e+00 5.012523531913757324e-01 6.939877659188160575e-01
5.008499026298522949e-01 7.024761316899559294e-01 5.012523531913757324e-01 7.004255004751236413e-01
5.033100843429565430e-01 7.020918635098574168e-01 5.012523531913757324e-01 6.930144627888997766e-01
5.024601817131042480e-01 6.976257427196465022e-01 5.009392499923706055e-01 7.147962546900950009e-01
5.000447034835815430e-01 1.014355928052365297e+00 5.015654563903808594e-01 6.932830499771666100e-01
4.965110123157501221e-01 7.571551949505644918e-01 4.987476468086242676e-01 6.956064435465801887e-01
5.008051395416259766e-01 6.992975730528279144e-01 4.990607500076293945e-01 7.264513734536041101e-01
4.968241155147552490e-01 7.884596093414635298e-01 5.009392499923706055e-01 6.946268560766452049e-01
4.985238909721374512e-01 7.080673495736482526e-01 4.990607500076293945e-01 6.936625636238515913e-01
5.008946061134338379e-01 6.987464039968578344e-01 4.986432790756225586e-01 6.933961543377992198e-01
5.000894665718078613e-01 7.044645910357762997e-01 4.990607500076293945e-01 6.933659527352049601e-01
4.954822063446044922e-01 6.957165570501394614e-01 4.990607500076293945e-01 6.936685190124168843e-01
5.019681453704833984e-01 6.973144757894822465e-01 5.009392499923706055e-01 6.932639622957018632e-01
5.020129084587097168e-01 6.948949933734599460e-01 4.990607500076293945e-01 6.946950900333207501e-01
4.943192005157470703e-01 6.995627421410486324e-01 4.990607500076293945e-01 6.930484672076416830e-01
5.017892122268676758e-01 6.968628344712434197e-01 4.990607500076293945e-01 6.932423031919809908e-01
5.038021206855773926e-01 7.100916999592340462e-01 5.009392499923706055e-01 6.933681464623220325e-01
4.990606606006622314e-01 6.956566213537657140e-01 4.990607500076293945e-01 6.942767660246091932e-01
4.975845515727996826e-01 6.949985413266371870e-01 4.990607500076293945e-01 6.932445709303758363e-01
5.008946061134338379e-01 6.957738694809356694e-01 4.990607500076293945e-01 6.934975964046176111e-01
4.924405217170715332e-01 6.986120008445421137e-01 5.009392499923706055e-01 6.933241471495814601e-01
4.960189759731292725e-01 6.969693472569264969e-01 5.009392499923706055e-01 6.935967840324287481e-01
4.958847761154174805e-01 6.950515970963658807e-01 5.009392499923706055e-01 6.931464865421158583e-01
5.042941570281982422e-01 6.938705464812036094e-01 5.009392499923706055e-01 6.931796951996610501e-01
4.991501271724700928e-01 6.970543481088277149e-01 4.990607500076293945e-01 6.931942249981651871e-01
4.974056184291839600e-01 6.942298804141686652e-01 4.990607500076293945e-01 6.932733140790967585e-01
5.046520233154296875e-01 6.941743269122805371e-01 5.009392499923706055e-01 6.932745971776229643e-01
4.952138066291809082e-01 7.159586831951294528e-01 5.009392499923706055e-01 6.931572152537658349e-01
4.987027943134307861e-01 6.946841874858905586e-01 5.009392499923706055e-01 6.932925145254331678e-01
4.971372485160827637e-01 6.975300411756573116e-01 4.990607500076293945e-01 6.934660334747336785e-01
4.990606606006622314e-01 6.959591255159833789e-01 4.990607500076293945e-01 6.942235603135454847e-01
4.973161518573760986e-01 6.954724491762334093e-01 4.990607500076293945e-01 6.934564318643983150e-01
4.988369941711425781e-01 6.950060841456617844e-01 4.990607500076293945e-01 6.932538318325497384e-01
5.062623023986816406e-01 7.154463616290274164e-01 4.990607500076293945e-01 6.940429727958005168e-01
4.950796067714691162e-01 6.942973835862030763e-01 4.990607500076293945e-01 6.933281351618765243e-01
5.051440596580505371e-01 6.940150485949090342e-01 4.990607500076293945e-01 6.931779900042056575e-01
4.992395639419555664e-01 7.002066713280403754e-01 5.009392499923706055e-01 6.935873940179602126e-01
4.959742426872253418e-01 6.952822444199620033e-01 5.009392499923706055e-01 6.936530471594540836e-01
5.042493939399719238e-01 6.940536595431737732e-01 4.990607500076293945e-01 6.956386882660160476e-01
4.962426126003265381e-01 6.944043867424660732e-01 5.009392499923706055e-01 6.931518360558742708e-01
5.036231875419616699e-01 6.957889031608835984e-01 5.009392499923706055e-01 6.931462871383908819e-01
5.070227384567260742e-01 6.939876382754898154e-01 4.990607500076293945e-01 6.931889116751627222e-01
4.993737637996673584e-01 6.937643928590966347e-01 5.009392499923706055e-01 6.932265426216333015e-01
4.994632303714752197e-01 6.939138405692878431e-01 4.990607500076293945e-01 6.941150979865345905e-01
5.004920363426208496e-01 6.939862773294289688e-01 5.009392499923706055e-01 6.931467964962214623e-01
4.995079636573791504e-01 6.940297614186495823e-01 4.990607500076293945e-01 6.934138684500684713e-01
4.940508008003234863e-01 7.155817710003159471e-01 4.990607500076293945e-01 6.931592182485077913e-01
4.942297339439392090e-01 6.935172768116082409e-01 4.990607500076293945e-01 6.931503490126722511e-01
4.979871213436126709e-01 6.939216627590898412e-01 4.990607500076293945e-01 6.931814582082628240e-01
5.015208721160888672e-01 6.973592046015717472e-01 5.009392499923706055e-01 6.933354477597736265e-01
5.014314055442810059e-01 6.935921154501698549e-01 5.009392499923706055e-01 6.935837592791973538e-01
4.982107579708099365e-01 6.938881063358923740e-01 4.990607500076293945e-01 6.931693824639875157e-01
4.944086670875549316e-01 6.941575038985503543e-01 4.990607500076293945e-01 6.951454397632294002e-01
4.975398182868957520e-01 7.454847937876731834e-01 5.009392499923706055e-01 6.947927573756816910e-01
5.012077093124389648e-01 6.946981203515535386e-01 5.009392499923706055e-01 6.931454509565113664e-01
4.965557456016540527e-01 6.936565019679551414e-01 5.009392499923706055e-01 6.931955670295242289e-01
4.953480064868927002e-01 6.938412945392968822e-01 4.990607500076293945e-01 6.932527058509216911e-01
4.972714185714721680e-01 6.937924663055176078e-01 4.990607500076293945e-01 6.937592045495963866e-01
4.971819519996643066e-01 6.937032923179697885e-01 4.990607500076293945e-01 6.932965156878242441e-01
4.970925152301788330e-01 6.935770935439790064e-01 4.990607500076293945e-01 6.932201915731810438e-01
4.995526969432830811e-01 6.935577632319118724e-01 4.990607500076293945e-01 6.932261533688414135e-01
4.981660544872283936e-01 6.951640943419551411e-01 5.009392499923706055e-01 6.931871188829000774e-01
5.036231875419616699e-01 6.934732921137581885e-01 4.990607500076293945e-01 6.931974560152984743e-01
5.008499026298522949e-01 6.935027450520400150e-01 4.990607500076293945e-01 6.931559921206723596e-01
5.071122050285339355e-01 6.931936194845934596e-01 5.009392499923706055e-01 6.969050382726801329e-01
4.952585399150848389e-01 6.936293918580099804e-01 5.009392499923706055e-01 6.931753652475493022e-01
4.990606606006622314e-01 6.935869545880275489e-01 5.009392499923706055e-01 6.936843862515654768e-01
5.001789331436157227e-01 7.910920707883850600e-01 5.009392499923706055e-01 6.931583877894704759e-01
4.983449578285217285e-01 6.983220320542227189e-01 4.990607500076293945e-01 6.932499023922995551e-01
4.940508008003234863e-01 6.939035207646373493e-01 4.990607500076293945e-01 6.932998565710852823e-01
4.990159273147583008e-01 6.935819623977516057e-01 4.990607500076293945e-01 6.931556716166317189e-01
4.966004788875579834e-01 6.937832072907770264e-01 5.009392499923706055e-01 6.931688297245254260e-01
4.914117157459259033e-01 6.937906109683094069e-01 5.009392499923706055e-01 6.932139368799727919e-01
5.017445087432861328e-01 6.950737614711850476e-01 5.009392499923706055e-01 6.932886966308405841e-01
4.969135820865631104e-01 6.949987955928638161e-01 4.990607500076293945e-01 6.933417513086362893e-01
4.919931888580322266e-01 6.937332993160315597e-01 5.009392499923706055e-01 6.931541237246887643e-01
5.014314055442810059e-01 6.940976143907106044e-01 4.990607500076293945e-01 6.951183271517561435e-01
4.960637092590332031e-01 6.941069016454044505e-01 5.009392499923706055e-01 6.931796899620163988e-01
4.927983582019805908e-01 6.937204665074644394e-01 5.009392499923706055e-01 6.931472326763187253e-01
4.932456612586975098e-01 6.939286802062025750e-01 4.990607500076293945e-01 6.931647782633285626e-01
5.007156729698181152e-01 6.934831514834589594e-01 4.990607500076293945e-01 6.933865938697222342e-01
4.954822063446044922e-01 6.941936420272428743e-01 4.990607500076293945e-01 6.936436029023951289e-01
5.020576119422912598e-01 6.935854952073861046e-01 5.009392499923706055e-01 6.931477807504203836e-01
4.995526969432830811e-01 1.121043739580771081e+00 5.009392499923706055e-01 6.931464547056963577e-01
4.971372485160827637e-01 6.944729290765306873e-01 4.990607500076293945e-01 6.935314076276741790e-01
4.949007034301757812e-01 6.943282505804277971e-01 5.009392499923706055e-01 6.932068619168743062e-01
5.010735392570495605e-01 6.961410059487804780e-01 5.009392499923706055e-01 6.934669841756603281e-01
5.081857442855834961e-01 6.932635506953978011e-01 4.990607500076293945e-01 6.931738275447535402e-01
4.935140311717987061e-01 6.985089453735426890e-01 4.990607500076293945e-01 6.931642751384194945e-01
4.924852252006530762e-01 6.938733915391943619e-01 4.990607500076293945e-01 6.931480850190067100e-01
4.933351278305053711e-01 6.948993137237274853e-01 5.009392499923706055e-01 6.931505159081657874e-01
4.991948604583740234e-01 6.936861521379958928e-01 5.009392499923706055e-01 6.943571423842299639e-01
4.932009279727935791e-01 6.940197926937818895e-01 4.990607500076293945e-01 6.933201518220011295e-01
4.978529214859008789e-01 6.934259068797410386e-01 4.990607500076293945e-01 6.931636734064524630e-01
4.994632303714752197e-01 6.938451969531850283e-01 4.990607500076293945e-01 6.933371725373018712e-01
5.013419389724731445e-01 6.932226091937913059e-01 4.990607500076293945e-01 6.941517786053073014e-01
5.043836236000061035e-01 6.937874459819346473e-01 4.990607500076293945e-01 6.939870061119969291e-01
5.012971758842468262e-01 6.933757735292650493e-01 4.990607500076293945e-01 6.932182506463940852e-01
5.046520233154296875e-01 6.931445747160659421e-01 5.009392499923706055e-01 6.931511183990314295e-01
4.959295094013214111e-01 6.933580834807128168e-01 4.990607500076293945e-01 6.932491612095993405e-01
