5.074253082275390625e-01 7.231058558020231342e-01 5.158630609512329102e-01 6.965084391181689538e-01
5.109143257141113281e-01 7.138856259179811037e-01 5.273429155349731445e-01 6.921048489076760957e-01
5.070674419403076172e-01 7.105954584633435989e-01 5.374661087989807129e-01 6.888879550894225767e-01
5.220075249671936035e-01 7.022242585114106816e-01 5.467543601989746094e-01 6.862131517930211144e-01
5.190553069114685059e-01 7.029681010693338283e-01 5.534335374832153320e-01 6.843647696210009013e-01
5.281803607940673828e-01 6.986429790389155903e-01 5.609475970268249512e-01 6.826812338042771433e-01
5.275093913078308105e-01 6.972967946032416764e-01 5.623043179512023926e-01 6.813905618305720058e-01
5.307300090789794922e-01 6.954554473059103570e-01 5.635566711425781250e-01 6.800570774740227753e-01
5.355162024497985840e-01 6.941942712833638618e-01 5.705489516258239746e-01 6.789144668716450282e-01
5.416890382766723633e-01 6.911044758853683856e-01 5.736798048019409180e-01 6.778634640051313109e-01
5.379316806793212891e-01 6.911243458386290284e-01 5.748277902603149414e-01 6.767058062842036259e-01
5.480855107307434082e-01 6.892681650685419381e-01 5.763932466506958008e-01 6.756971617054525758e-01
5.480408072471618652e-01 6.878520898410300788e-01 5.786892175674438477e-01 6.748460401102287509e-01
5.500536561012268066e-01 6.869393463082722473e-01 5.796284675598144531e-01 6.739393011111850518e-01
5.496510863304138184e-01 6.878505427544308048e-01 5.810895562171936035e-01 6.731191031048526785e-01
5.571658611297607422e-01 6.833659710152927280e-01 5.795240998268127441e-01 6.722109261919625434e-01
5.560028553009033203e-01 6.826062433769545246e-01 5.777499675750732422e-01 6.716247377254300766e-01
5.636965632438659668e-01 6.809516128817149072e-01 5.785848498344421387e-01 6.708389134477708016e-01
5.618178844451904297e-01 6.814738276244105553e-01 5.771237611770629883e-01 6.702838594941847861e-01
5.674539208412170410e-01 6.803995171649487306e-01 5.784804821014404297e-01 6.697464508543530259e-01
5.656199455261230469e-01 6.778533005995962535e-01 5.780630111694335938e-01 6.691653834606505757e-01
5.677223205566406250e-01 6.770187040138040402e-01 5.775412321090698242e-01 6.686339286542640759e-01
5.668277144432067871e-01 6.795248913730826956e-01 5.781673789024353027e-01 6.683315928458570809e-01
5.714349746704101562e-01 6.768894150658527620e-01 5.820288062095642090e-01 6.679495810168541992e-01
5.727768540382385254e-01 6.766809832753297727e-01 5.835942625999450684e-01 6.677050836472938622e-01
5.762658715248107910e-01 6.762480062520404012e-01 5.830724239349365234e-01 6.673044810412547267e-01
5.766237378120422363e-01 6.758942609290612413e-01 5.864120125770568848e-01 6.670152163162184067e-01
5.821256041526794434e-01 6.740078877775629307e-01 5.864120125770568848e-01 6.667100132519405697e-01
5.738951563835144043e-01 6.755456805634443285e-01 5.875599980354309082e-01 6.663964647162908816e-01
5.814546346664428711e-01 6.738804661218755765e-01 5.878731012344360352e-01 6.662178492899404336e-01
5.799785256385803223e-01 6.737207147852852795e-01 5.883948802947998047e-01 6.659134413648114537e-01
5.792628526687622070e-01 6.734149770844193306e-01 5.899603366851806641e-01 6.655476172789978051e-01
5.750133991241455078e-01 6.733183155633145622e-01 5.904821753501892090e-01 6.653226270876705373e-01
5.772947072982788086e-01 6.734994705129894177e-01 5.941348075866699219e-01 6.651996735913399128e-01
5.827071070671081543e-01 6.711420291309216912e-01 5.939261317253112793e-01 6.650286767732074278e-01
5.798890590667724609e-01 6.725126056876756797e-01 5.958046317100524902e-01 6.647199234442928706e-01
5.858382582664489746e-01 6.721106898829428689e-01 5.962221026420593262e-01 6.645892517249685216e-01
5.782340168952941895e-01 6.727711947387863267e-01 5.988311171531677246e-01 6.643855510039659018e-01
5.803810954093933105e-01 6.718749021626388984e-01 5.995616912841796875e-01 6.643132477084322529e-01
5.789944529533386230e-01 6.721346641636253283e-01 5.964307785034179688e-01 6.639313318863265811e-01
5.818125009536743164e-01 6.709200013065662604e-01 6.001878380775451660e-01 6.638484731941725059e-01
5.852120518684387207e-01 6.680635190496377884e-01 5.969526171684265137e-01 6.636109531510475668e-01
5.882984399795532227e-01 6.697057269195001439e-01 6.023794412612915039e-01 6.634837806262146032e-01
5.857934951782226562e-01 6.700883068665555165e-01 5.999791026115417480e-01 6.634418565902001630e-01
5.885220766067504883e-01 6.681323604840544439e-01 6.024838089942932129e-01 6.630774009603469521e-01
5.839148163795471191e-01 6.698161141350692516e-01 6.007096767425537109e-01 6.628091748958588880e-01
5.853014588356018066e-01 6.697936660596308656e-01 6.025881767272949219e-01 6.628186601707667380e-01
5.915637612342834473e-01 6.689639004894862850e-01 6.030056476593017578e-01 6.627247317104543178e-01
5.891483426094055176e-01 6.686026867653053207e-01 6.021707653999328613e-01 6.624240520427928658e-01
5.885220766067504883e-01 6.677192753618444998e-01 6.024838089942932129e-01 6.624730042638919958e-01
5.916979908943176270e-01 6.668168920207095951e-01 6.023794412612915039e-01 6.620076416778405415e-01
5.912059545516967773e-01 6.668456836769717233e-01 6.030056476593017578e-01 6.621610777434315809e-01
5.891035795211791992e-01 6.679595217100727789e-01 6.038405299186706543e-01 6.618058590793430840e-01
5.895509123802185059e-01 6.670286747568471286e-01 6.038405299186706543e-01 6.616574227996520063e-01
5.925031304359436035e-01 6.661362374888952775e-01 6.036317944526672363e-01 6.616355895597982872e-01
5.936213731765747070e-01 6.642178951104908968e-01 6.045710444450378418e-01 6.613521192994951114e-01
5.942028760910034180e-01 6.665291068570561306e-01 6.087455749511718750e-01 6.612428255928157750e-01
5.913401246070861816e-01 6.655607493859238000e-01 6.102066636085510254e-01 6.610053480853369523e-01
5.932188034057617188e-01 6.637188330023420235e-01 6.054059863090515137e-01 6.609655747431549822e-01
5.930398702621459961e-01 6.652443600502908616e-01 6.093717217445373535e-01 6.608049109394628085e-01
5.933530330657958984e-01 6.659976986231371798e-01 6.079106926918029785e-01 6.606832578594762362e-01
5.958132147789001465e-01 6.653042037215295412e-01 6.101022958755493164e-01 6.604877292201704053e-01
5.953658819198608398e-01 6.638210066680000354e-01 6.066583395004272461e-01 6.606809857916269291e-01
5.950080752372741699e-01 6.641063198545875679e-01 6.110415458679199219e-01 6.603778068841660298e-01
5.934424996376037598e-01 6.651000245395127797e-01 6.112502813339233398e-01 6.603727456274770535e-01
5.983180999755859375e-01 6.636773581303473390e-01 6.105197072029113770e-01 6.602628749090205806e-01
5.973340272903442383e-01 6.647228282814824363e-01 6.088499426841735840e-01 6.601277952327581078e-01
5.982733964920043945e-01 6.640416534647870517e-01 6.099979281425476074e-01 6.599581334790465270e-01
5.962157845497131348e-01 6.638252895640696094e-01 6.104153394699096680e-01 6.599377742567084093e-01
5.938450694084167480e-01 6.652306257068076878e-01 6.106240749359130859e-01 6.598277769141495108e-01
5.925925970077514648e-01 6.639172177042597101e-01 6.103109717369079590e-01 6.596754419607052666e-01
5.967078208923339844e-01 6.641035388057358047e-01 6.116676926612854004e-01 6.596712075302929579e-01
5.945607423782348633e-01 6.627268697243297035e-01 6.088499426841735840e-01 6.599451950412034140e-01
5.958579182624816895e-01 6.639612329242949862e-01 6.125026345252990723e-01 6.593870173364511089e-01
5.971103906631469727e-01 6.625109106424904581e-01 6.114589571952819824e-01 6.593936871969732216e-01
5.987207293510437012e-01 6.618276159629814526e-01 6.123982667922973633e-01 6.591926845472109164e-01
5.939792394638061523e-01 6.636667195277641262e-01 6.111459136009216309e-01 6.592867292434232418e-01
5.965736508369445801e-01 6.627518605046930356e-01 6.117720603942871094e-01 6.589981874128743033e-01
5.976918935775756836e-01 6.616012268788188377e-01 6.129200458526611328e-01 6.588677719897901852e-01
5.988996028900146484e-01 6.615837406101113816e-01 6.102066636085510254e-01 6.587681275920911350e-01
5.996600389480590820e-01 6.619102040798640063e-01 6.104153394699096680e-01 6.588758168751002176e-01
5.976471900939941406e-01 6.615956972122704061e-01 6.112502813339233398e-01 6.587670772390658014e-01
5.977813601493835449e-01 6.619285804936574369e-01 6.112502813339233398e-01 6.587525844150982079e-01
6.014492511749267578e-01 6.615412517446250806e-01 6.107284426689147949e-01 6.585686139263208227e-01
6.032832264900207520e-01 6.612326907522884101e-01 6.115633249282836914e-01 6.584516594116833765e-01
5.973340272903442383e-01 6.621853648005882054e-01 6.095804572105407715e-01 6.585297306229390690e-01
5.992127656936645508e-01 6.603056288593078804e-01 6.097891926765441895e-01 6.586333651354556729e-01
5.977365970611572266e-01 6.618748541103532945e-01 6.104153394699096680e-01 6.583586921524687829e-01
6.014940142631530762e-01 6.606887223085364802e-01 6.111459136009216309e-01 6.584053499368704987e-01
6.006441116333007812e-01 6.617790903808776770e-01 6.113546490669250488e-01 6.584595905866087451e-01
6.001968383789062500e-01 6.590812106340681042e-01 6.125026345252990723e-01 6.581584912728875025e-01
5.998389720916748047e-01 6.616180082364849779e-01 6.114589571952819824e-01 6.578863055739365695e-01
6.040883660316467285e-01 6.600069390744167652e-01 6.108328104019165039e-01 6.583530912566498694e-01
5.996153354644775391e-01 6.603637108608272355e-01 6.116676926612854004e-01 6.578537992957339542e-01
6.015387177467346191e-01 6.613867138254981848e-01 6.122938990592956543e-01 6.580411215038494133e-01
6.021649837493896484e-01 6.611090608115783862e-01 6.108328104019165039e-01 6.579705397511942389e-01
6.022096872329711914e-01 6.595426240746291580e-01 6.132331490516662598e-01 6.578297799675132396e-01
6.001968383789062500e-01 6.609722878174056904e-01 6.127113103866577148e-01 6.579551984039135881e-01
6.023886203765869141e-01 6.596175894837064124e-01 6.095804572105407715e-01 6.576229205486844309e-01
6.027464866638183594e-01 6.613051535767975331e-01 6.106240749359130859e-01 6.580334286728574122e-01
