5.623546242713928223e-01 6.796895254488003468e-01 5.698184370994567871e-01 6.753198475958136493e-01
5.762658715248107910e-01 6.732717789036363198e-01 5.774368643760681152e-01 6.717321333519926663e-01
5.834675431251525879e-01 6.676207264136448938e-01 5.810895562171936035e-01 6.704811204253594559e-01
5.850778222084045410e-01 6.682205063474692119e-01 5.878731012344360352e-01 6.673994590708119956e-01
5.942923426628112793e-01 6.654305857352780240e-01 5.857858657836914062e-01 6.673279707204372579e-01
5.877169370651245117e-01 6.659784075569266104e-01 5.782717466354370117e-01 6.735011870416662827e-01
5.912954211235046387e-01 6.635082291456172454e-01 5.873512625694274902e-01 6.649573397422429144e-01
5.948291420936584473e-01 6.609058887230345736e-01 5.934042930603027344e-01 6.592289274805300803e-01
5.959473848342895508e-01 6.611419866349108609e-01 5.970569849014282227e-01 6.599607480216738153e-01
5.976024270057678223e-01 6.594481612919780300e-01 5.851596593856811523e-01 6.619393721151342058e-01
5.997495055198669434e-01 6.600126049390182548e-01 6.008140444755554199e-01 6.557835632738054921e-01
6.055197715759277344e-01 6.569124318274045526e-01 6.062408685684204102e-01 6.563618820984064017e-01
6.032385230064392090e-01 6.563603852746054956e-01 6.106240749359130859e-01 6.541079700030456578e-01
6.037305593490600586e-01 6.558884993331507429e-01 5.864120125770568848e-01 6.595011604053694354e-01
6.086509227752685547e-01 6.523280544621421484e-01 6.075975894927978516e-01 6.544208044399674185e-01
6.055197715759277344e-01 6.543875106717503831e-01 6.053016185760498047e-01 6.548859210557764765e-01
6.084272861480712891e-01 6.517495576843505001e-01 6.088499426841735840e-01 6.530702413559158481e-01
6.066380143165588379e-01 6.504848242915152179e-01 6.042580008506774902e-01 6.476395259916695180e-01
6.104848980903625488e-01 6.500012505606902469e-01 6.116676926612854004e-01 6.487369562484257557e-01
6.140186190605163574e-01 6.466910024089407294e-01 6.140680313110351562e-01 6.446413977786609184e-01
6.127214431762695312e-01 6.467853184782087483e-01 6.152160167694091797e-01 6.413031663707541297e-01
6.149132251739501953e-01 6.469499054908922631e-01 6.139636635780334473e-01 6.403000056805826512e-01
6.135712862014770508e-01 6.457608310816688180e-01 6.184512376785278320e-01 6.414123569045427908e-01
6.202809214591979980e-01 6.415333055728961176e-01 6.145898699760437012e-01 6.397689859843707083e-01
6.150921583175659180e-01 6.443399154429658715e-01 6.132331490516662598e-01 6.420143935257894841e-01
6.167024374008178711e-01 6.400171820774852582e-01 6.238781213760375977e-01 6.398835269525489089e-01
6.205940246582031250e-01 6.384369577698597586e-01 6.212690472602844238e-01 6.346961915978208690e-01
6.221596002578735352e-01 6.367909578437518370e-01 6.213734149932861328e-01 6.361531868430821968e-01
6.202809214591979980e-01 6.383210073261359474e-01 6.183469295501708984e-01 6.434058061076016743e-01
6.209071278572082520e-01 6.362091400986346068e-01 6.204341650009155273e-01 6.397451598393943950e-01
6.204598546028137207e-01 6.358489417330185356e-01 5.752452611923217773e-01 6.714236974417603365e-01
5.962604880332946777e-01 6.528547394785434443e-01 6.155291199684143066e-01 6.356285032537281054e-01
6.222043037414550781e-01 6.376169454456335206e-01 6.093717217445373535e-01 6.460867287022314942e-01
6.212202310562133789e-01 6.347058587433465071e-01 6.262784600257873535e-01 6.305772463729450994e-01
6.243513822555541992e-01 6.317906966147983638e-01 6.168858408927917480e-01 6.346881050974958471e-01
6.251118183135986328e-01 6.287655252253440130e-01 6.231475472450256348e-01 6.352079943012181040e-01
6.268563270568847656e-01 6.290078639962801699e-01 6.203297972679138184e-01 6.334451906145104338e-01
6.311951875686645508e-01 6.287895381759927016e-01 6.261740922927856445e-01 6.274077316535785487e-01
6.298085451126098633e-01 6.257508069698062281e-01 6.083281040191650391e-01 6.356464067174257826e-01
6.276614665985107422e-01 6.258037792887665152e-01 6.217908859252929688e-01 6.283626300734732606e-01
6.327160596847534180e-01 6.226154522086153609e-01 6.226257681846618652e-01 6.285245805711294764e-01
6.239935755729675293e-01 6.327542273148075713e-01 6.298267841339111328e-01 6.277692386885571629e-01
6.360708475112915039e-01 6.215595087993974754e-01 6.301398277282714844e-01 6.298094273509274865e-01
6.336106657981872559e-01 6.208418259938045525e-01 6.290962100028991699e-01 6.273375775216392114e-01
6.336106657981872559e-01 6.204159510948296097e-01 6.318096518516540527e-01 6.237863027907641911e-01
6.336106657981872559e-01 6.187045317277176659e-01 6.270089745521545410e-01 6.231212112356689925e-01
6.360708475112915039e-01 6.177292904586778599e-01 6.278438568115234375e-01 6.165687452400683277e-01
6.404991745948791504e-01 6.157009198363170288e-01 6.312878131866455078e-01 6.214221536528464762e-01
6.388888955116271973e-01 6.136012729154031176e-01 6.320183873176574707e-01 6.168142236167367676e-01
6.381284594535827637e-01 6.140431713644134426e-01 6.227301359176635742e-01 6.287731179686434357e-01
6.333422660827636719e-01 6.208353557064529848e-01 6.276351213455200195e-01 6.184466975612596951e-01
6.403203010559082031e-01 6.136140929797314625e-01 6.342099905014038086e-01 6.208055609577858291e-01
6.412149071693420410e-01 6.137522794539567172e-01 6.341056227684020996e-01 6.164270851537942963e-01
6.422436833381652832e-01 6.085078185179255694e-01 6.342099905014038086e-01 6.182674040278819394e-01
6.413937807083129883e-01 6.095615428725601470e-01 6.396368145942687988e-01 6.156489009574519500e-01
6.349078416824340820e-01 6.128735286452771103e-01 6.361928582191467285e-01 6.122746980655568994e-01
6.432725191116333008e-01 6.130795272673407181e-01 6.326445341110229492e-01 6.209397335884542235e-01
6.460905075073242188e-01 6.068388659618347836e-01 6.378626823425292969e-01 6.125116658419762494e-01
6.495795249938964844e-01 6.050861906996778394e-01 6.355667114257812500e-01 6.162939800944414737e-01
6.498479247093200684e-01 6.042561176894367669e-01 6.370277404785156250e-01 6.102129182893183401e-01
6.506530642509460449e-01 6.019824107765276988e-01 6.370277404785156250e-01 6.054188548411340021e-01
6.462694406509399414e-01 6.055120550619935704e-01 6.361928582191467285e-01 6.097296500375191108e-01
6.468062400817871094e-01 6.053263786377004463e-01 6.428720355033874512e-01 6.109973378704973701e-01
6.458221673965454102e-01 6.007789992266593382e-01 6.393237113952636719e-01 6.208057326181675162e-01
6.463589072227478027e-01 6.080512722994479979e-01 6.374452114105224609e-01 6.087005830861113020e-01
6.499820947647094727e-01 5.987117168919987575e-01 6.401586532592773438e-01 6.091665963966347297e-01
6.500715613365173340e-01 5.997468374521579548e-01 6.425589919090270996e-01 6.149943235696320176e-01
6.552156209945678711e-01 6.009432321627977691e-01 6.365059614181518555e-01 6.201779732647432208e-01
6.546788215637207031e-01 5.971475289106411566e-01 6.408891677856445312e-01 6.068861350289617151e-01
6.565575003623962402e-01 5.964143294664417949e-01 6.398455500602722168e-01 6.078829045610222304e-01
6.543657183647155762e-01 5.964080553657148398e-01 6.508035659790039062e-01 6.036283067909468114e-01
6.535158157348632812e-01 6.000814572133964520e-01 6.467334628105163574e-01 6.007626952544753429e-01
6.536500453948974609e-01 5.942361715932420463e-01 6.392193436622619629e-01 6.026622081718572277e-01
6.560654640197753906e-01 5.954974443653568983e-01 6.469421982765197754e-01 6.026883080890944600e-01
6.574074029922485352e-01 5.910000321497791420e-01 6.476727128028869629e-01 5.988637349397050169e-01
6.534711122512817383e-01 5.948235044370163704e-01 6.471509337425231934e-01 6.005646921950873462e-01
6.612095236778259277e-01 5.894848152123275398e-01 6.548737287521362305e-01 5.965674305305528335e-01
6.612989902496337891e-01 5.896475271262344720e-01 6.437069773674011230e-01 6.050935450811472105e-01
6.634907722473144531e-01 5.919561908995449873e-01 6.521602869033813477e-01 6.014860164295579015e-01
6.632223725318908691e-01 5.865308968618573315e-01 6.466290950775146484e-01 6.050293462631275432e-01
6.578099727630615234e-01 5.919512457509739090e-01 6.453767418861389160e-01 6.043933985179064106e-01
6.642959117889404297e-01 5.848724564471085019e-01 6.472552418708801270e-01 6.045349205965986350e-01
6.648774147033691406e-01 5.863663081748260453e-01 6.495512127876281738e-01 6.007778238862024889e-01
6.610753536224365234e-01 5.841736651145189585e-01 6.529952287673950195e-01 5.921278023640165200e-01
6.630882024765014648e-01 5.846955895125279801e-01 6.550824642181396484e-01 5.922167251911772956e-01
6.601806879043579102e-01 5.856657326914667117e-01 6.353579759597778320e-01 6.154066030254097264e-01
6.555287241935729980e-01 5.930640729579799153e-01 6.504905223846435547e-01 5.954630444204600526e-01
6.665772199630737305e-01 5.829324318633606339e-01 6.587351560592651367e-01 5.935459498497220876e-01
6.660404205322265625e-01 5.834686910131362536e-01 6.658317446708679199e-01 5.870229574614341805e-01
6.666666865348815918e-01 5.793824458851714043e-01 6.550824642181396484e-01 6.045350873179188289e-01
6.642065048217773438e-01 5.843841835475176438e-01 6.568565964698791504e-01 5.978239899238000366e-01
6.706924438476562500e-01 5.779187312853913960e-01 6.613441705703735352e-01 5.907233470517840868e-01
6.715422868728637695e-01 5.754534064987559816e-01 6.516385078430175781e-01 5.981176190748515031e-01
6.714528799057006836e-01 5.774218656654582782e-01 6.444374918937683105e-01 6.081936769584006530e-01
6.680533289909362793e-01 5.787721103729470684e-01 6.541432142257690430e-01 5.997671661360033379e-01
6.698425412178039551e-01 5.752953426060255504e-01 6.453767418861389160e-01 6.124604006347067475e-01
6.664429903030395508e-01 5.819623889639843339e-01 6.564391851425170898e-01 5.863215231467477917e-01
6.700214743614196777e-01 5.760557561296963947e-01 6.617616415023803711e-01 5.829519151994366766e-01
6.744498014450073242e-01 5.738463209724358194e-01 6.593613028526306152e-01 5.899180295546501140e-01
6.655931472778320312e-01 5.814710545143131348e-01 6.600918173789978027e-01 5.833660327823394498e-01
