5.090803503990173340e-01 6.956324543418004325e-01 5.027134418487548828e-01 6.940816076531884926e-01
5.428967475891113281e-01 6.866084522372559729e-01 5.773324966430664062e-01 6.781801427861291476e-01
5.591340065002441406e-01 6.805383762683653304e-01 5.748277902603149414e-01 6.750459397568182585e-01
5.724637508392333984e-01 6.757171304180277227e-01 5.744103789329528809e-01 6.727577581382748750e-01
5.692431330680847168e-01 6.752433511945936662e-01 5.802546143531799316e-01 6.707963332008205493e-01
5.771157741546630859e-01 6.720366058846154456e-01 5.729492902755737305e-01 6.700599446746556831e-01
5.784129500389099121e-01 6.699019312154715911e-01 5.630348324775695801e-01 6.771922582899247978e-01
5.838253498077392578e-01 6.701525532936960516e-01 5.827593207359313965e-01 6.678037286501442571e-01
5.788155198097229004e-01 6.690744772689417585e-01 5.785848498344421387e-01 6.675211330391723763e-01
5.799338221549987793e-01 6.684220318270404082e-01 5.699227452278137207e-01 6.708271910019095730e-01
5.831991434097290039e-01 6.674571031853516745e-01 5.868294835090637207e-01 6.668572409669035750e-01
5.799338221549987793e-01 6.680194408016099095e-01 5.749321579933166504e-01 6.761623073957877539e-01
5.863749980926513672e-01 6.658087867405615423e-01 5.863076448440551758e-01 6.635798594568945719e-01
5.853014588356018066e-01 6.646876389320388601e-01 5.926737785339355469e-01 6.641551424257194913e-01
5.904902219772338867e-01 6.643096672164069405e-01 5.899603366851806641e-01 6.639918687447603496e-01
5.880300402641296387e-01 6.634272122067444988e-01 5.895428657531738281e-01 6.643256377860315975e-01
5.880300402641296387e-01 6.640858931647235508e-01 5.880818367004394531e-01 6.615495111469037459e-01
5.884326100349426270e-01 6.627126329378997260e-01 5.930911898612976074e-01 6.609325439789131007e-01
5.937556028366088867e-01 6.618478072416933422e-01 5.525985956192016602e-01 6.688968028163292390e-01
5.882984399795532227e-01 6.614996877909347095e-01 5.968482494354248047e-01 6.588091999696704670e-01
5.943371057510375977e-01 6.609446865583622488e-01 5.831767916679382324e-01 6.626590137391119573e-01
5.917874574661254883e-01 6.607476689986582219e-01 6.008140444755554199e-01 6.580475593155645786e-01
5.895509123802185059e-01 6.600387606601165746e-01 5.969526171684265137e-01 6.563224416887851742e-01
5.927715301513671875e-01 6.594141415437148046e-01 5.876643657684326172e-01 6.571818268689748610e-01
5.934872031211853027e-01 6.580938415634842720e-01 5.899603366851806641e-01 6.580829015979436925e-01
5.938003063201904297e-01 6.578972392846655914e-01 5.918388366699218750e-01 6.588575066417374781e-01
5.931293368339538574e-01 6.581969317372059480e-01 5.973700881004333496e-01 6.577954275253246053e-01
5.905349850654602051e-01 6.568614844773361661e-01 5.917345285415649414e-01 6.577094394586897597e-01
5.965736508369445801e-01 6.553078368559445144e-01 5.927781462669372559e-01 6.548869220181861017e-01
5.925031304359436035e-01 6.552874982772946000e-01 5.928825139999389648e-01 6.576603215613113784e-01
5.911611914634704590e-01 6.565347163402921460e-01 5.923606753349304199e-01 6.573258315663426110e-01
5.964394211769104004e-01 6.534257599952971729e-01 6.000834703445434570e-01 6.551603838611659292e-01
5.991232991218566895e-01 6.523760075773060718e-01 5.970569849014282227e-01 6.501291914265878713e-01
5.955895781517028809e-01 6.527461180492427628e-01 5.954915285110473633e-01 6.609849908908755900e-01
5.973340272903442383e-01 6.532929513658771725e-01 5.914214253425598145e-01 6.544628064559262492e-01
6.039094924926757812e-01 6.523013020867118872e-01 6.071801185607910156e-01 6.577905670159844842e-01
5.995258688926696777e-01 6.515180565074211172e-01 5.943435430526733398e-01 6.547538980241360829e-01
6.049382686614990234e-01 6.504676088298831926e-01 6.027969121932983398e-01 6.487992865958160937e-01
5.976918935775756836e-01 6.511851046417668210e-01 5.888123512268066406e-01 6.546648170848002879e-01
6.025675535202026367e-01 6.492296527144008067e-01 5.880818367004394531e-01 6.601946980439156176e-01
6.037752628326416016e-01 6.504194163149937813e-01 5.888123512268066406e-01 6.504507928346447976e-01
6.002415418624877930e-01 6.499503976566289865e-01 5.969526171684265137e-01 6.492809381447164352e-01
6.010019779205322266e-01 6.488334100582152653e-01 6.002922058105468750e-01 6.484868098116448598e-01
6.018518805503845215e-01 6.491810918963430987e-01 5.910039544105529785e-01 6.581731240576678132e-01
6.052961349487304688e-01 6.473844441793369375e-01 6.066583395004272461e-01 6.491457819316611699e-01
6.028359532356262207e-01 6.483758557757829388e-01 6.096848249435424805e-01 6.491121917222790749e-01
6.050724387168884277e-01 6.472772157006665417e-01 6.070757508277893066e-01 6.457511002224687324e-01
6.039094924926757812e-01 6.467305500534229479e-01 5.977874994277954102e-01 6.513602565534675204e-01
6.050277352333068848e-01 6.465104666266421329e-01 5.924650430679321289e-01 6.551592626568669697e-01
6.055644750595092773e-01 6.463146557277250626e-01 5.987268090248107910e-01 6.524084360931442506e-01
6.066380143165588379e-01 6.449961655253821924e-01 5.994573235511779785e-01 6.457895631706558337e-01
6.033279895782470703e-01 6.449320348735188002e-01 5.718013048171997070e-01 6.743584099206066940e-01
6.005546450614929199e-01 6.489159994228599349e-01 6.067627072334289551e-01 6.426383258529556608e-01
6.073089838027954102e-01 6.447888805563792847e-01 5.971613526344299316e-01 6.496364853870293388e-01
6.047593355178833008e-01 6.438858072560211809e-01 6.115633249282836914e-01 6.442317098497324368e-01
6.092771291732788086e-01 6.423823181003209815e-01 6.123982667922973633e-01 6.424798068585213517e-01
6.103954315185546875e-01 6.423791082904855010e-01 6.103109717369079590e-01 6.396358965508650574e-01
6.115136742591857910e-01 6.421056250848461433e-01 6.077019572257995605e-01 6.396618976495480613e-01
6.095455288887023926e-01 6.407494884758180298e-01 6.011270880699157715e-01 6.627969767325259109e-01
6.075773835182189941e-01 6.422620750130513256e-01 6.144855022430419922e-01 6.389373560535014374e-01
6.137055158615112305e-01 6.408686847651787755e-01 6.018576622009277344e-01 6.470998932563345463e-01
6.100823283195495605e-01 6.404091921960076705e-01 6.115633249282836914e-01 6.474997991934322572e-01
6.091429591178894043e-01 6.413931103400242195e-01 6.079106926918029785e-01 6.439480590959650863e-01
6.114689707756042480e-01 6.406483451951955344e-01 6.155291199684143066e-01 6.449101622008600598e-01
6.107980012893676758e-01 6.395564899821681859e-01 6.108328104019165039e-01 6.453505650713209363e-01
6.131687164306640625e-01 6.402864994634176465e-01 6.199123263359069824e-01 6.351179185453075249e-01
6.123635768890380859e-01 6.387547592631306337e-01 6.114589571952819824e-01 6.385713415587777053e-01
6.123188138008117676e-01 6.369767607186215264e-01 5.938217639923095703e-01 6.471281947633762410e-01
6.093665957450866699e-01 6.393828696717429594e-01 6.113546490669250488e-01 6.396506693586628822e-01
6.135712862014770508e-01 6.374155686524030084e-01 6.129200458526611328e-01 6.362238618034182780e-01
6.125872135162353516e-01 6.368070753492210967e-01 6.043623685836791992e-01 6.500021249485075092e-01
6.134371161460876465e-01 6.367201919652925035e-01 6.099979281425476074e-01 6.390297908146976846e-01
6.141975522041320801e-01 6.362136235005059204e-01 6.208515763282775879e-01 6.364418204257195066e-01
6.151368618011474609e-01 6.343629083238404576e-01 6.081193685531616211e-01 6.382005447834773193e-01
6.184022426605224609e-01 6.357943298650738928e-01 6.135462522506713867e-01 6.395117878988525462e-01
6.132581830024719238e-01 6.333917037577722065e-01 6.206429004669189453e-01 6.339097714230054192e-01
6.144658923149108887e-01 6.333920128828810503e-01 6.090586781501770020e-01 6.427556594436787396e-01
6.180443763732910156e-01 6.351367574212460898e-01 6.281569600105285645e-01 6.310250640811215783e-01
6.132134795188903809e-01 6.358936735205412694e-01 6.058233976364135742e-01 6.414669214173812639e-01
6.171944737434387207e-01 6.343300738537710481e-01 6.243999004364013672e-01 6.334540934160590719e-01
6.168813705444335938e-01 6.323757510659604453e-01 6.198079586029052734e-01 6.432396655564416310e-01
6.147790551185607910e-01 6.334140376896225666e-01 6.191818118095397949e-01 6.309580524488770381e-01
6.154947280883789062e-01 6.331440237750518563e-01 6.097891926765441895e-01 6.365488393275381407e-01
6.194757819175720215e-01 6.349275476669322682e-01 5.981006026268005371e-01 6.428013821654418036e-01
6.166129708290100098e-01 6.323596667275059868e-01 6.158422231674194336e-01 6.345712571396904256e-01
6.146448254585266113e-01 6.338635505386873703e-01 6.224170327186584473e-01 6.330693995522148620e-01
6.187153458595275879e-01 6.302944954679997602e-01 6.127113103866577148e-01 6.333640822162958095e-01
6.191626191139221191e-01 6.306882815895107353e-01 6.242955327033996582e-01 6.325851182702736386e-01
6.177312731742858887e-01 6.308188815197079968e-01 6.167814731597900391e-01 6.376877228543396114e-01
6.157183647155761719e-01 6.323311819567793979e-01 6.056147217750549316e-01 6.373656805510611312e-01
6.210860610008239746e-01 6.292436568889321347e-01 6.156334877014160156e-01 6.344331277235394362e-01
6.194310188293457031e-01 6.300967506015209274e-01 6.105197072029113770e-01 6.310934428257027884e-01
6.212202310562133789e-01 6.301236602269935094e-01 6.101022958755493164e-01 6.320069685183345998e-01
6.203256249427795410e-01 6.300094512754997877e-01 6.186599731445312500e-01 6.280722071820423746e-01
6.216675639152526855e-01 6.292278496923462416e-01 6.231475472450256348e-01 6.322630220105468490e-01
6.190284490585327148e-01 6.283409586851147477e-01 6.151116490364074707e-01 6.310315921644507053e-01
6.219806671142578125e-01 6.271166960035758908e-01 6.061365008354187012e-01 6.352443309896202983e-01
6.230989694595336914e-01 6.283235008376594211e-01 6.174076199531555176e-01 6.271380823680190453e-01
6.225621700286865234e-01 6.274210283615055950e-01 6.191818118095397949e-01 6.324242433310302003e-01
6.193863153457641602e-01 6.283190655866149887e-01 6.228345036506652832e-01 6.269602763505998100e-01
