5.349346995353698730e-01 7.003720365071428589e-01 5.844291448593139648e-01 6.718756045809470834e-01
5.711218714714050293e-01 6.777957570341666127e-01 5.886036157608032227e-01 6.661284279037034128e-01
5.774288773536682129e-01 6.725127649213402670e-01 5.959089994430541992e-01 6.631558327355381310e-01
5.868670344352722168e-01 6.684737895720544998e-01 5.972657203674316406e-01 6.610403630087057225e-01
5.897298455238342285e-01 6.664296680623803537e-01 6.021707653999328613e-01 6.590517622845776247e-01
5.912506580352783203e-01 6.629799945470919997e-01 6.060321331024169922e-01 6.585384343193458889e-01
5.955001115798950195e-01 6.617402727519875461e-01 6.044667363166809082e-01 6.572661283020683198e-01
6.013150811195373535e-01 6.603875312934858188e-01 6.013358235359191895e-01 6.561173582420396500e-01
6.017176508903503418e-01 6.576841363307081023e-01 6.074932217597961426e-01 6.552358369094746227e-01
5.995258688926696777e-01 6.579820241243857781e-01 6.024838089942932129e-01 6.544460430321428213e-01
6.040436625480651855e-01 6.565504229160471494e-01 6.129200458526611328e-01 6.545206384254731447e-01
6.051619052886962891e-01 6.551999977096117922e-01 6.121895313262939453e-01 6.533537121511804324e-01
6.064591407775878906e-01 6.544388659867644842e-01 6.119807958602905273e-01 6.528029290426998754e-01
6.067274808883666992e-01 6.553143747464171831e-01 6.083281040191650391e-01 6.548666844186840086e-01
6.072195172309875488e-01 6.531544929861190507e-01 6.055103540420532227e-01 6.542689575951922132e-01
6.133029460906982422e-01 6.514003382084898597e-01 6.169902086257934570e-01 6.515731615329480864e-01
6.129450798034667969e-01 6.513666883310962330e-01 6.160508990287780762e-01 6.497414255535346461e-01
6.080694198608398438e-01 6.520029319102659260e-01 6.175119876861572266e-01 6.493845777082631887e-01
6.128556132316589355e-01 6.496323105537693543e-01 6.205385327339172363e-01 6.487506369513327265e-01
6.146001219749450684e-01 6.485301249567735349e-01 6.118764281272888184e-01 6.472104544356929168e-01
6.168366670608520508e-01 6.487629258114359088e-01 6.157378554344177246e-01 6.471778512050800902e-01
6.146448254585266113e-01 6.467737195145829565e-01 6.211646795272827148e-01 6.464900902282517681e-01
6.169261336326599121e-01 6.464964328308739905e-01 6.159465909004211426e-01 6.460806348955324685e-01
6.194310188293457031e-01 6.464938475953847519e-01 6.212690472602844238e-01 6.451808988637451892e-01
6.182233095169067383e-01 6.452098551622378331e-01 6.192861795425415039e-01 6.442122874317675052e-01
6.218912005424499512e-01 6.427468703351522095e-01 6.209559440612792969e-01 6.425305367436744408e-01
6.197888851165771484e-01 6.432905168988918287e-01 6.181381940841674805e-01 6.428410903791922371e-01
6.219359636306762695e-01 6.419053428137658779e-01 6.193905472755432129e-01 6.420117407645294927e-01
6.191626191139221191e-01 6.424066919742106307e-01 6.218951940536499023e-01 6.422752030979140825e-01
6.205045580863952637e-01 6.426581397084734082e-01 6.205385327339172363e-01 6.402143583221092671e-01
6.230095028877258301e-01 6.407312947578860385e-01 6.208515763282775879e-01 6.389897571329631321e-01
6.283771991729736328e-01 6.406051825487372176e-01 6.208515763282775879e-01 6.402094013704384690e-01
6.267668604850769043e-01 6.400110418499209697e-01 6.246086359024047852e-01 6.403751738806453542e-01
6.275720000267028809e-01 6.391665074027145232e-01 6.262784600257873535e-01 6.372679755001470214e-01
6.248881816864013672e-01 6.386319927739252389e-01 6.252348423004150391e-01 6.372277813548957726e-01
6.228305697441101074e-01 6.386152011248864557e-01 6.270089745521545410e-01 6.373484916588478821e-01
6.266773939132690430e-01 6.365715555032179784e-01 6.255478858947753906e-01 6.383071616680779936e-01
6.289586424827575684e-01 6.359481323189802859e-01 6.294093132019042969e-01 6.356239666696928969e-01
6.292270421981811523e-01 6.360079224004283605e-01 6.288874745368957520e-01 6.348730881187767405e-01
6.260958909988403320e-01 6.356648729704513778e-01 6.318096518516540527e-01 6.343949231243511955e-01
6.310162544250488281e-01 6.327725812368858449e-01 6.332707405090332031e-01 6.339519973265007602e-01
6.336553692817687988e-01 6.333052432372843210e-01 6.318096518516540527e-01 6.323260097258823764e-01
6.324029564857482910e-01 6.342976073456014774e-01 6.329576373100280762e-01 6.319716837629597572e-01
6.312846541404724121e-01 6.328465270215442029e-01 6.331663727760314941e-01 6.328908330561646700e-01
6.332080960273742676e-01 6.316618506011307810e-01 6.332707405090332031e-01 6.299581953688470071e-01
6.322240233421325684e-01 6.310145142232397308e-01 6.313921809196472168e-01 6.319334402111222992e-01
6.341027021408081055e-01 6.306754232284783601e-01 6.302441954612731934e-01 6.290208221203448247e-01
6.354446411132812500e-01 6.294046633037519989e-01 6.344187259674072266e-01 6.288953794987159895e-01
6.376364231109619141e-01 6.284159473324316680e-01 6.357753872871398926e-01 6.284060876072385948e-01
6.360708475112915039e-01 6.288586206524886535e-01 6.313921809196472168e-01 6.309476963688948059e-01
6.373233199119567871e-01 6.277658837407662507e-01 6.379670500755310059e-01 6.255398347392208125e-01
6.375022530555725098e-01 6.260773187610197965e-01 6.365059614181518555e-01 6.280470234793875672e-01
6.400966048240661621e-01 6.256955928592610183e-01 6.321227550506591797e-01 6.268282680490573355e-01
6.377258896827697754e-01 6.256054925095269059e-01 6.399499177932739258e-01 6.248914298098561249e-01
6.381284594535827637e-01 6.279485919838579955e-01 6.346274018287658691e-01 6.251833190800526463e-01
6.389783620834350586e-01 6.250992733968522286e-01 6.440200209617614746e-01 6.231673470097826018e-01
6.396940350532531738e-01 6.237585462895077759e-01 6.402630209922790527e-01 6.243575776302597857e-01
6.420200467109680176e-01 6.221979604485764481e-01 6.429764032363891602e-01 6.217960110414354480e-01
6.395598649978637695e-01 6.230740399474982150e-01 6.495512127876281738e-01 6.198054406021363816e-01
6.432277560234069824e-01 6.206322375063094698e-01 6.446462273597717285e-01 6.204107939089745782e-01
6.435856223106384277e-01 6.202508874902743496e-01 6.328532695770263672e-01 6.287436831646885382e-01
6.411254405975341797e-01 6.216730894759167070e-01 6.512210369110107422e-01 6.181898697809494747e-01
6.438092589378356934e-01 6.208845743405241313e-01 6.415153145790100098e-01 6.210441858951096794e-01
6.417516469955444336e-01 6.198527328036812500e-01 6.465247273445129395e-01 6.170615268460247771e-01
6.409465074539184570e-01 6.205368313087208376e-01 6.443331241607666016e-01 6.164269885372901658e-01
6.436750888824462891e-01 6.202175827098033167e-01 6.426633000373840332e-01 6.169372054908998093e-01
6.459116339683532715e-01 6.182238197023784965e-01 6.502817869186401367e-01 6.145672955161667339e-01
6.431830525398254395e-01 6.178494377561962736e-01 6.455854773521423340e-01 6.150219911972631959e-01
6.453301310539245605e-01 6.176220902946132352e-01 6.521602869033813477e-01 6.146764583812579508e-01
6.514135003089904785e-01 6.159542392886672157e-01 6.474639773368835449e-01 6.137506321859469427e-01
6.492664217948913574e-01 6.142808340448538962e-01 6.478814482688903809e-01 6.129880785519085107e-01
6.497584581375122070e-01 6.163744265671854405e-01 6.520559191703796387e-01 6.121441239580135418e-01
6.477903127670288086e-01 6.151091142126476896e-01 6.454811096191406250e-01 6.160541250819677739e-01
6.526212096214294434e-01 6.132159623952132543e-01 6.557086110115051270e-01 6.113483992132506817e-01
6.501610279083251953e-01 6.114972941370807602e-01 6.551868319511413574e-01 6.099542362210745861e-01
6.523081064224243164e-01 6.100506156197726959e-01 6.513254046440124512e-01 6.113661515441525252e-01
6.468957066535949707e-01 6.137784687153319263e-01 6.565434932708740234e-01 6.095154461719327621e-01
6.560207605361938477e-01 6.091993109210273039e-01 6.553955078125000000e-01 6.093325876313792078e-01
6.543657183647155762e-01 6.094987218378694616e-01 6.590481996536254883e-01 6.076455249763486055e-01
6.507425308227539062e-01 6.112616611819592372e-01 6.528908610343933105e-01 6.081784740665764355e-01
6.540973186492919922e-01 6.092259480650767944e-01 6.567522287368774414e-01 6.065955852148453564e-01
6.533816456794738770e-01 6.109315388359224386e-01 6.550824642181396484e-01 6.080495277468284110e-01
6.527106761932373047e-01 6.100821971765334473e-01 6.574828028678894043e-01 6.076180543264549927e-01
6.532921791076660156e-01 6.095795036748645757e-01 6.553955078125000000e-01 6.067202699828859735e-01
6.557971239089965820e-01 6.081783062210021074e-01 6.625965237617492676e-01 6.044136699817046487e-01
6.562443971633911133e-01 6.078796735772251658e-01 6.599874496459960938e-01 6.046111977341727117e-01
6.544104218482971191e-01 6.080620420663764847e-01 6.653099656105041504e-01 6.020404683152710268e-01
6.587493419647216797e-01 6.046504342378966612e-01 6.589438319206237793e-01 6.053877278798508454e-01
6.566022634506225586e-01 6.034830898329106574e-01 6.652055978775024414e-01 6.027533462863206015e-01
6.564680337905883789e-01 6.071343619125135760e-01 6.616572737693786621e-01 6.029071414478137658e-01
6.616567969322204590e-01 6.039989337146463022e-01 6.562304496765136719e-01 6.048637003894639097e-01
6.570942997932434082e-01 6.028529553832298049e-01 6.617616415023803711e-01 6.025462501035605545e-01
6.611647605895996094e-01 6.023776450381549408e-01 6.680233478546142578e-01 6.033436352687597815e-01
6.626409292221069336e-01 6.026363482008596506e-01 6.665623188018798828e-01 5.990231365456857304e-01
6.629092693328857422e-01 5.986242181692977837e-01 6.641619801521301270e-01 6.008073413354622083e-01
6.606727242469787598e-01 6.013356371820879342e-01 6.646837592124938965e-01 5.982694501320471314e-01
6.594650149345397949e-01 6.020416852975279953e-01 6.608223915100097656e-01 6.008618575773715387e-01
6.601359844207763672e-01 6.019854276524522207e-01 6.653099656105041504e-01 5.984110117481138413e-01
6.636250019073486328e-01 5.987742239811655320e-01 6.659361124038696289e-01 5.990490115801094806e-01
6.604490876197814941e-01 5.989984681726163718e-01 6.671884655952453613e-01 5.969541732340808426e-01
