4.997763335704803467e-01 7.355571283085184930e-01 5.135670900344848633e-01 6.908432353242058843e-01
5.186527371406555176e-01 7.141030003461839026e-01 5.401794910430908203e-01 6.866423540412944782e-01
5.212023854255676270e-01 7.095013107377272643e-01 5.551033020019531250e-01 6.835459290479374284e-01
5.211576223373413086e-01 7.097081050268757574e-01 5.657482743263244629e-01 6.811353051819201143e-01
5.336375236511230469e-01 7.024668780501913679e-01 5.710707306861877441e-01 6.791496236173525380e-01
5.331007242202758789e-01 7.026008472691752660e-01 5.705489516258239746e-01 6.778692570267129680e-01
5.407944321632385254e-01 6.978403380612905327e-01 5.766019821166992188e-01 6.762889396967656230e-01
5.421810746192932129e-01 6.976179035197517253e-01 5.763932466506958008e-01 6.752357146382157449e-01
5.511719584465026855e-01 6.938546429722994846e-01 5.735754370689392090e-01 6.744336229330113452e-01
5.533190369606018066e-01 6.923630364595148023e-01 5.724274516105651855e-01 6.737917070347987369e-01
5.485328435897827148e-01 6.931476836171255318e-01 5.724274516105651855e-01 6.731737967299857850e-01
5.535873770713806152e-01 6.906871023321433656e-01 5.767063498497009277e-01 6.725479953847880443e-01
5.611021518707275391e-01 6.864472407734997228e-01 5.757670402526855469e-01 6.722077899003073842e-01
5.560028553009033203e-01 6.883768225893561743e-01 5.747234225273132324e-01 6.718014059049852715e-01
5.583735704421997070e-01 6.888442145282924756e-01 5.756626725196838379e-01 6.717719678290575702e-01
5.614600181579589844e-01 6.867314356238071182e-01 5.753496289253234863e-01 6.712580459821052559e-01
5.604311823844909668e-01 6.861610756852072335e-01 5.756626725196838379e-01 6.708532821109464139e-01
5.602523088455200195e-01 6.859275568553258040e-01 5.774368643760681152e-01 6.706412250576126999e-01
5.640991330146789551e-01 6.850462433988537825e-01 5.754539966583251953e-01 6.702876284709182730e-01
5.671855211257934570e-01 6.840473656727730223e-01 5.760801434516906738e-01 6.701166900133345150e-01
5.608785152435302734e-01 6.832946784318421063e-01 5.763932466506958008e-01 6.697527138830052795e-01
5.671408176422119141e-01 6.833235174924066069e-01 5.802546143531799316e-01 6.697255227690672719e-01
5.656647086143493652e-01 6.836650768062640937e-01 5.795240998268127441e-01 6.694201734364094714e-01
5.650384426116943359e-01 6.815895659272157570e-01 5.776455998420715332e-01 6.691700544817117402e-01
5.672749876976013184e-01 6.804292294031649702e-01 5.807764530181884766e-01 6.689664342661686414e-01
5.674539208412170410e-01 6.811669631408736603e-01 5.816113352775573730e-01 6.689921390709213656e-01
5.683932900428771973e-01 6.807289194988210834e-01 5.821331739425659180e-01 6.686266424809684805e-01
5.708087086677551270e-01 6.809732369328039825e-01 5.818200707435607910e-01 6.684391490479049125e-01
5.728663206100463867e-01 6.792320252680612569e-01 5.828636884689331055e-01 6.683559164924278706e-01
5.682590603828430176e-01 6.782105067139300170e-01 5.828636884689331055e-01 6.681392713743619094e-01
5.662462115287780762e-01 6.794017839568270434e-01 5.831767916679382324e-01 6.681085073283559161e-01
5.756843686103820801e-01 6.765698095535971346e-01 5.828636884689331055e-01 6.678291664718710718e-01
5.734031200408935547e-01 6.772306149601829972e-01 5.833855271339416504e-01 6.677809415866825526e-01
5.715691447257995605e-01 6.778919284726366845e-01 5.827593207359313965e-01 6.674757451783189799e-01
5.697799324989318848e-01 6.780344430609835937e-01 5.840116739273071289e-01 6.675366798116030287e-01
5.745213627815246582e-01 6.766557537031250291e-01 5.827593207359313965e-01 6.672588176877581878e-01
5.790839195251464844e-01 6.744233000937547295e-01 5.840116739273071289e-01 6.671687805734728416e-01
5.756843686103820801e-01 6.769032326468117367e-01 5.829680562019348145e-01 6.669585206294154078e-01
5.754607319831848145e-01 6.749107722285652144e-01 5.843247771263122559e-01 6.667840241191531625e-01
5.780998468399047852e-01 6.747548347467342555e-01 5.838029384613037109e-01 6.666928470520404604e-01
5.769368410110473633e-01 6.744870544653028821e-01 5.869338512420654297e-01 6.666196151382861590e-01
5.736267566680908203e-01 6.746639131774500031e-01 5.863076448440551758e-01 6.665072741425875913e-01
5.788155198097229004e-01 6.745637230379122329e-01 5.815069675445556641e-01 6.664412003473159096e-01
5.762211680412292480e-01 6.749106385367013017e-01 5.846378803253173828e-01 6.662303209678038796e-01
5.770710110664367676e-01 6.738377618520924317e-01 5.831767916679382324e-01 6.661242335580679352e-01
5.836911797523498535e-01 6.724520886833796895e-01 5.866207480430603027e-01 6.660101109420897281e-01
5.800232887268066406e-01 6.740659716667226631e-01 5.897516012191772461e-01 6.660010117599696189e-01
5.792628526687622070e-01 6.745523744265921051e-01 5.855771303176879883e-01 6.657572645306014669e-01
5.871354341506958008e-01 6.717952030420430987e-01 5.840116739273071289e-01 6.656078858107820073e-01
5.813204646110534668e-01 6.723932036348480024e-01 5.902734398841857910e-01 6.654728349726674042e-01
5.839148163795471191e-01 6.720209701753596665e-01 5.891254544258117676e-01 6.656105622596318883e-01
5.787708163261413574e-01 6.711787311628522046e-01 5.866207480430603027e-01 6.653888960442994049e-01
5.821703076362609863e-01 6.715153772047325331e-01 5.873512625694274902e-01 6.650914166645972569e-01
5.790839195251464844e-01 6.714154966595475837e-01 5.893341898918151855e-01 6.650692037514918109e-01
5.848094224929809570e-01 6.707801430015065680e-01 5.892298221588134766e-01 6.649591670830546919e-01
5.843621492385864258e-01 6.716932955443443154e-01 5.868294835090637207e-01 6.648274052991570704e-01
5.870459675788879395e-01 6.705163769526608641e-01 5.897516012191772461e-01 6.646185691111323735e-01
5.880300402641296387e-01 6.698667249945754465e-01 5.890210866928100586e-01 6.645758192192361413e-01
5.878511071205139160e-01 6.690842154563955146e-01 5.897516012191772461e-01 6.645159577557001596e-01
5.881195068359375000e-01 6.686524071064633423e-01 5.883948802947998047e-01 6.644500387633077709e-01
5.808731317520141602e-01 6.718218447292271245e-01 5.894385576248168945e-01 6.641837501421374856e-01
5.849436521530151367e-01 6.687396261491125316e-01 5.936130285263061523e-01 6.640011137225040327e-01
5.867776274681091309e-01 6.689392249770615972e-01 5.889167189598083496e-01 6.640397992021628282e-01
5.869565010070800781e-01 6.686972565782328681e-01 5.946566462516784668e-01 6.636954204221529041e-01
5.873590707778930664e-01 6.699206638600664343e-01 5.944479107856750488e-01 6.636519925974028178e-01
5.866881608963012695e-01 6.683528751033558368e-01 5.923606753349304199e-01 6.636067322937239110e-01
5.858382582664489746e-01 6.682806909457582600e-01 5.898559689521789551e-01 6.635181199680710851e-01
5.866881608963012695e-01 6.679826299584088467e-01 5.915257930755615234e-01 6.635697749382118982e-01
5.926373004913330078e-01 6.669725394457989287e-01 5.954915285110473633e-01 6.632486329499676092e-01
5.917874574661254883e-01 6.668933215028677308e-01 5.894385576248168945e-01 6.633058057600709212e-01
5.880748033523559570e-01 6.690873283033700325e-01 5.929868221282958984e-01 6.632180284841701079e-01
5.924136638641357422e-01 6.667757691776502460e-01 5.942391753196716309e-01 6.630132718490324706e-01
5.932635664939880371e-01 6.660469403994661031e-01 5.915257930755615234e-01 6.631128619294951454e-01
5.906691551208496094e-01 6.670967761402502028e-01 5.950741171836853027e-01 6.631475855726410851e-01
5.861961245536804199e-01 6.677431908483943968e-01 5.986224412918090820e-01 6.628946115790964599e-01
5.867328643798828125e-01 6.676494268339548954e-01 5.946566462516784668e-01 6.629116436654355349e-01
5.894614458084106445e-01 6.676330208501101149e-01 5.994573235511779785e-01 6.627739703473605193e-01
5.885668396949768066e-01 6.676553013628039324e-01 5.943435430526733398e-01 6.628231029997188051e-01
5.913401246070861816e-01 6.667545166184553063e-01 5.958046317100524902e-01 6.628135508919678065e-01
5.904902219772338867e-01 6.661196068118565572e-01 5.925694108009338379e-01 6.628847968799788104e-01
5.946949124336242676e-01 6.657409520370202172e-01 5.996660590171813965e-01 6.626504481373737265e-01
5.908033847808837891e-01 6.656602388056217512e-01 5.954915285110473633e-01 6.627588551643123216e-01
5.937556028366088867e-01 6.677088616337539806e-01 5.994573235511779785e-01 6.625540610072359060e-01
5.960816144943237305e-01 6.648177697249443296e-01 5.958046317100524902e-01 6.628318929866320319e-01
5.937556028366088867e-01 6.642309817160406693e-01 6.000834703445434570e-01 6.625396664295383209e-01
5.908033847808837891e-01 6.662489994200595511e-01 5.995616912841796875e-01 6.624365044122846324e-01
5.908480882644653320e-01 6.670782440014570991e-01 5.999791026115417480e-01 6.624486515427949751e-01
5.949186086654663086e-01 6.650704063953707390e-01 5.995616912841796875e-01 6.624519025649936443e-01
5.954106450080871582e-01 6.648951087618241163e-01 5.984137058258056641e-01 6.624198195904934527e-01
5.937108397483825684e-01 6.644031310746955077e-01 6.007096767425537109e-01 6.623683723844036031e-01
5.890141129493713379e-01 6.656868019264400305e-01 5.998747944831848145e-01 6.623898250552563427e-01
5.949186086654663086e-01 6.645645701217617329e-01 5.982049703598022461e-01 6.624136582293755904e-01
5.916085243225097656e-01 6.663392147345584826e-01 5.984137058258056641e-01 6.623874209639275534e-01
5.940687060356140137e-01 6.650169403997937545e-01 6.014401912689208984e-01 6.623166541270935070e-01
5.929951667785644531e-01 6.655895510562781503e-01 5.968482494354248047e-01 6.624076967945030647e-01
5.921005606651306152e-01 6.646456229364665624e-01 5.958046317100524902e-01 6.623972609181962845e-01
5.951869487762451172e-01 6.649492301098838265e-01 5.968482494354248047e-01 6.623371341387231936e-01
5.936213731765747070e-01 6.644312135220683535e-01 6.001878380775451660e-01 6.622048746168526234e-01
5.953658819198608398e-01 6.641599891607653516e-01 5.988311171531677246e-01 6.622890518642721158e-01
5.917874574661254883e-01 6.646099923270869514e-01 5.978918671607971191e-01 6.623999857997078244e-01
