4.960189759731292725e-01 6.998476725418936173e-01 5.056355595588684082e-01 6.930291428742143545e-01
5.075594782829284668e-01 6.967194944614799601e-01 5.193070173263549805e-01 6.919116590322121896e-01
5.144480466842651367e-01 6.942025538334630763e-01 5.338134169578552246e-01 6.908989246492220904e-01
5.143585801124572754e-01 6.937331072459559378e-01 5.315174460411071777e-01 6.899040713735224983e-01
5.229021310806274414e-01 6.924340456942792432e-01 5.445626974105834961e-01 6.890812329349227383e-01
5.301038026809692383e-01 6.907635001510002981e-01 5.446670651435852051e-01 6.881838944505187516e-01
5.305063724517822266e-01 6.907647802591281305e-01 5.541640520095825195e-01 6.871583785350873219e-01
5.424494743347167969e-01 6.880671862178890930e-01 5.564600229263305664e-01 6.860352949045117610e-01
5.402576327323913574e-01 6.885062474687446699e-01 5.577123761177062988e-01 6.849296474178109273e-01
5.417785048484802246e-01 6.865642280863571978e-01 5.619912147521972656e-01 6.837921714115878791e-01
5.460278987884521484e-01 6.860447260002092706e-01 5.637654066085815430e-01 6.825817104695709459e-01
5.527375340461730957e-01 6.832779994760008746e-01 5.652264952659606934e-01 6.811973086554977685e-01
5.605206489562988281e-01 6.835453379749292235e-01 5.651221275329589844e-01 6.798730160915834597e-01
5.559581518173217773e-01 6.819010575079154091e-01 5.648090243339538574e-01 6.786131638869490335e-01
5.599839091300964355e-01 6.807338176270165686e-01 5.708620548248291016e-01 6.774395389761911357e-01
5.753265619277954102e-01 6.764774077863039414e-01 5.698184370994567871e-01 6.763546545827495704e-01
5.642333030700683594e-01 6.780247593911438164e-01 5.713838338851928711e-01 6.753645946600820293e-01
5.667829513549804688e-01 6.761898402451914647e-01 5.727405548095703125e-01 6.745374192402273650e-01
5.715691447257995605e-01 6.762940854735314256e-01 5.745146870613098145e-01 6.736820136124792580e-01
5.706745386123657227e-01 6.758232967523795098e-01 5.732623934745788574e-01 6.732174482805398652e-01
5.703614354133605957e-01 6.742019130113321435e-01 5.757670402526855469e-01 6.724192595785432047e-01
5.741635560989379883e-01 6.739973553734146527e-01 5.799415707588195801e-01 6.719130638297130531e-01
5.747897624969482422e-01 6.732562828584398584e-01 5.833855271339416504e-01 6.712585442923623136e-01
5.793523192405700684e-01 6.715292965476383769e-01 5.816113352775573730e-01 6.708114652662530153e-01
5.772947072982788086e-01 6.722681674767018167e-01 5.827593207359313965e-01 6.703748471352233285e-01
5.785024166107177734e-01 6.713723088445507914e-01 5.848466157913208008e-01 6.698365986931923421e-01
5.769368410110473633e-01 6.713181660712393972e-01 5.851596593856811523e-01 6.694125451118009273e-01
5.776525139808654785e-01 6.705340837233606521e-01 5.852640271186828613e-01 6.691015896207975766e-01
5.793523192405700684e-01 6.704801309831796008e-01 5.870382189750671387e-01 6.685845193024891886e-01
5.779209136962890625e-01 6.707257824883432473e-01 5.864120125770568848e-01 6.682750772668484274e-01
5.834227800369262695e-01 6.694398823972890211e-01 5.896472334861755371e-01 6.678782818437344337e-01
5.792180895805358887e-01 6.701479050805561055e-01 5.915257930755615234e-01 6.673878043411022309e-01
5.830202102661132812e-01 6.685800848205137870e-01 5.899603366851806641e-01 6.671319250845505477e-01
5.841832160949707031e-01 6.690962130534113816e-01 5.899603366851806641e-01 6.668876417741673723e-01
5.792628526687622070e-01 6.688306247170612284e-01 5.897516012191772461e-01 6.666166940503766014e-01
5.848094224929809570e-01 6.675944163646141405e-01 5.899603366851806641e-01 6.661912209677611774e-01
5.882089734077453613e-01 6.685351319017852623e-01 5.900647044181823730e-01 6.660067606285802189e-01
5.850331187248229980e-01 6.675494626140441312e-01 5.892298221588134766e-01 6.657972276969683634e-01
5.855251550674438477e-01 6.662758666856021250e-01 5.902734398841857910e-01 6.655085798569896349e-01
5.874933004379272461e-01 6.662650458670660303e-01 5.898559689521789551e-01 6.653424110399659419e-01
5.882537364959716797e-01 6.672616859394400191e-01 5.903778076171875000e-01 6.651597532716431171e-01
5.864644646644592285e-01 6.663004773250524870e-01 5.897516012191772461e-01 6.647041708983650876e-01
5.880748033523559570e-01 6.658856092571764362e-01 5.907952189445495605e-01 6.645141242814944782e-01
5.849883556365966797e-01 6.676807344802314637e-01 5.902734398841857910e-01 6.646768774450808603e-01
5.888352394104003906e-01 6.654231947806551473e-01 5.911083221435546875e-01 6.641411569565877082e-01
5.939345359802246094e-01 6.650125873410908106e-01 5.905865430831909180e-01 6.642369587892681393e-01
5.882089734077453613e-01 6.652271882816682691e-01 5.915257930755615234e-01 6.637452225723935451e-01
5.943371057510375977e-01 6.636263276174555470e-01 5.907952189445495605e-01 6.634418623006013149e-01
5.881642699241638184e-01 6.652031043258799237e-01 5.901690721511840820e-01 6.634346183270458663e-01
5.927715301513671875e-01 6.644019197854570402e-01 5.911083221435546875e-01 6.630259382403784763e-01
5.899534821510314941e-01 6.635842095826558484e-01 5.928825139999389648e-01 6.627372864814969899e-01
5.917874574661254883e-01 6.638397526433886808e-01 5.921519398689270020e-01 6.626008223501980154e-01
5.949633121490478516e-01 6.632448892235904836e-01 5.928825139999389648e-01 6.623935545319382667e-01
5.934424996376037598e-01 6.637438552753723853e-01 5.949697494506835938e-01 6.622802116034349762e-01
5.909375548362731934e-01 6.638061453498823594e-01 5.943435430526733398e-01 6.622294872171867741e-01
5.913848876953125000e-01 6.627363031058517429e-01 5.957002639770507812e-01 6.617815220587389691e-01
5.996600389480590820e-01 6.618692847926921363e-01 5.949697494506835938e-01 6.617969339711510246e-01
5.903113484382629395e-01 6.626598679821016358e-01 5.962221026420593262e-01 6.612859132443656973e-01
5.941134095191955566e-01 6.627404603725214338e-01 5.962221026420593262e-01 6.613792171186655411e-01
5.960368514060974121e-01 6.628392271992131768e-01 5.999791026115417480e-01 6.607706736259285618e-01
5.966631174087524414e-01 6.611246829127599423e-01 5.950741171836853027e-01 6.606173403973222280e-01
5.980944633483886719e-01 6.602968944486254932e-01 6.029012799263000488e-01 6.602098328463594790e-01
5.967525243759155273e-01 6.617980952082859192e-01 5.973700881004333496e-01 6.600608677760565479e-01
5.977813601493835449e-01 6.624770397512019793e-01 5.985180735588073730e-01 6.599231354629438995e-01
5.999284386634826660e-01 6.614433044844650889e-01 5.997704267501831055e-01 6.596170888392967058e-01
6.025227904319763184e-01 6.580726133516509035e-01 6.003965735435485840e-01 6.597316201159660887e-01
6.014940142631530762e-01 6.600362225089906332e-01 6.033187508583068848e-01 6.593006257845648310e-01
5.939345359802246094e-01 6.604314391419763286e-01 6.049885153770446777e-01 6.589313354852477378e-01
5.989443659782409668e-01 6.591151502589288613e-01 6.051972508430480957e-01 6.587763660587564463e-01
5.966631174087524414e-01 6.605267418286181469e-01 6.060321331024169922e-01 6.587010702517555050e-01
6.059671044349670410e-01 6.585773529915119884e-01 6.046754121780395508e-01 6.584400893800369525e-01
5.967525243759155273e-01 6.598217185739329027e-01 6.055103540420532227e-01 6.585188595866937611e-01
6.032385230064392090e-01 6.585446399063176193e-01 6.072844862937927246e-01 6.580824250842504108e-01
6.028806567192077637e-01 6.575878160992512100e-01 6.057190299034118652e-01 6.579173253438985736e-01
6.001073718070983887e-01 6.581640252275273717e-01 6.062408685684204102e-01 6.577698098197408694e-01
6.023886203765869141e-01 6.584897213874594257e-01 6.056147217750549316e-01 6.576827442414624469e-01
5.998836755752563477e-01 6.591367512637418269e-01 6.053016185760498047e-01 6.576606741754726926e-01
6.026570200920104980e-01 6.576194434926130317e-01 6.082237362861633301e-01 6.573299286734258784e-01
6.024333238601684570e-01 6.582322465560798141e-01 6.073888540267944336e-01 6.571218928870764531e-01
6.021202206611633301e-01 6.575238896111593734e-01 6.075975894927978516e-01 6.570620630235817217e-01
6.053856015205383301e-01 6.558857348784711272e-01 6.072844862937927246e-01 6.570672793817331492e-01
5.997048020362854004e-01 6.589211621167599953e-01 6.103109717369079590e-01 6.568445125518923566e-01
6.031937599182128906e-01 6.572877513016458506e-01 6.071801185607910156e-01 6.567697699571098946e-01
6.030148267745971680e-01 6.572208710616038729e-01 6.097891926765441895e-01 6.566736169409786994e-01
5.998389720916748047e-01 6.583036283598664440e-01 6.078063249588012695e-01 6.564651913668760885e-01
6.027017235755920410e-01 6.572861655557448168e-01 6.080150008201599121e-01 6.565659215618986355e-01
6.035516262054443359e-01 6.580876494098123475e-01 6.094760894775390625e-01 6.560619538772382020e-01
6.016281843185424805e-01 6.577424954421022818e-01 6.096848249435424805e-01 6.560145118022059352e-01
6.001520752906799316e-01 6.576252687828424426e-01 6.088499426841735840e-01 6.559609769530745371e-01
6.051619052886962891e-01 6.565169207118538575e-01 6.089543104171752930e-01 6.558384307489293352e-01
6.012703776359558105e-01 6.578591193788527747e-01 6.103109717369079590e-01 6.556505121335782782e-01
6.021649837493896484e-01 6.566543286997210682e-01 6.102066636085510254e-01 6.556224000028467724e-01
6.076668500900268555e-01 6.576146093202333009e-01 6.094760894775390625e-01 6.555334162522994390e-01
6.064143776893615723e-01 6.555224382124427152e-01 6.090586781501770020e-01 6.554549777465482618e-01
6.046251654624938965e-01 6.553173842637435298e-01 6.101022958755493164e-01 6.552399796748853422e-01
6.038200259208679199e-01 6.561779856020616419e-01 6.079106926918029785e-01 6.552412412256668484e-01
6.084272861480712891e-01 6.558532590600752998e-01 6.070757508277893066e-01 6.555328339282318062e-01
6.033279895782470703e-01 6.558797166223366837e-01 6.087455749511718750e-01 6.549373721061233500e-01
6.029701232910156250e-01 6.550727534068038205e-01 6.092673540115356445e-01 6.548176339513149813e-01
6.061012744903564453e-01 6.560108043529369048e-01 6.096848249435424805e-01 6.546903949917495247e-01
