5.451332926750183105e-01 6.949740351046277409e-01 5.910039544105529785e-01 6.697719551978990049e-01
5.685274600982666016e-01 6.774542683095278184e-01 5.834898948669433594e-01 6.681040206947795879e-01
5.828860402107238770e-01 6.705590995762807927e-01 5.927781462669372559e-01 6.626521065050513526e-01
5.852567553520202637e-01 6.671847552087742939e-01 6.036317944526672363e-01 6.612935887077759922e-01
5.958132147789001465e-01 6.628647680187891300e-01 5.816113352775573730e-01 6.661298241776529849e-01
5.965288877487182617e-01 6.614277774691688094e-01 5.983093380928039551e-01 6.613587297171049650e-01
6.010019779205322266e-01 6.610581413815243002e-01 5.932999253273010254e-01 6.618682376727806904e-01
5.966631174087524414e-01 6.590695799004948618e-01 5.975787639617919922e-01 6.580184493824277059e-01
6.035068631172180176e-01 6.581613617882700051e-01 6.125026345252990723e-01 6.533552553653219075e-01
6.043567657470703125e-01 6.560886498639953990e-01 5.990398526191711426e-01 6.538337846808531806e-01
6.067722439765930176e-01 6.539491304431539476e-01 6.086412072181701660e-01 6.518313392073046275e-01
6.098139286041259766e-01 6.534577295634715899e-01 6.092673540115356445e-01 6.534108808806484703e-01
6.121846437454223633e-01 6.513188725124426925e-01 6.120851635932922363e-01 6.491951114497884756e-01
6.093218922615051270e-01 6.502286842245176279e-01 5.925694108009338379e-01 6.629721832111169499e-01
6.102612018585205078e-01 6.487146438415883898e-01 6.083281040191650391e-01 6.508330027113078398e-01
6.177759766578674316e-01 6.468736422597284319e-01 6.229388713836669922e-01 6.430402263249417327e-01
6.192073822021484375e-01 6.449398230964584755e-01 6.233562827110290527e-01 6.427444792993132205e-01
6.180443763732910156e-01 6.435887148628125498e-01 6.273220777511596680e-01 6.409126523764738792e-01
6.229200363159179688e-01 6.422210729149889774e-01 6.212690472602844238e-01 6.396342518558036927e-01
6.207729578018188477e-01 6.427180672677307305e-01 6.177207231521606445e-01 6.416627431284085414e-01
6.239041090011596680e-01 6.389072608342002413e-01 6.236693859100341797e-01 6.467937938456892466e-01
6.206834912300109863e-01 6.415740833296974532e-01 6.302441954612731934e-01 6.331671929339530713e-01
6.239041090011596680e-01 6.396208817256245904e-01 6.252348423004150391e-01 6.363555462667425111e-01
6.250223517417907715e-01 6.374187526538218629e-01 6.230431795120239258e-01 6.385272477942601776e-01
6.246645450592041016e-01 6.360638713789745768e-01 6.303485631942749023e-01 6.308583606137933009e-01
6.302558779716491699e-01 6.356157686292730480e-01 6.242955327033996582e-01 6.354422705752246214e-01
6.308820843696594238e-01 6.334266938811701220e-01 6.123982667922973633e-01 6.427649454268302698e-01
6.333422660827636719e-01 6.319925816418724418e-01 6.088499426841735840e-01 6.387204997003563811e-01
6.286008358001708984e-01 6.337622412416925588e-01 6.300354599952697754e-01 6.308462077231179466e-01
6.315530538558959961e-01 6.315194480127801491e-01 6.408891677856445312e-01 6.238805951118667759e-01
6.329396963119506836e-01 6.301912903081839934e-01 6.294093132019042969e-01 6.274481990023361710e-01
6.375022530555725098e-01 6.263948358924641413e-01 6.357753872871398926e-01 6.254121165662736015e-01
6.303900480270385742e-01 6.269316663254052013e-01 6.227301359176635742e-01 6.328276114383188933e-01
6.355341076850891113e-01 6.243601377075612691e-01 6.299310922622680664e-01 6.316989182281335102e-01
6.381732225418090820e-01 6.266160976867553023e-01 6.443331241607666016e-01 6.178522465423611498e-01
6.371443867683410645e-01 6.228056566982709263e-01 6.322270631790161133e-01 6.249065341443862387e-01
6.401413679122924805e-01 6.214470517168234620e-01 6.195992231369018555e-01 6.253127602639115823e-01
6.423331499099731445e-01 6.221531268031252893e-01 6.354623436927795410e-01 6.265558755564505367e-01
6.376364231109619141e-01 6.226842984847763551e-01 6.310790777206420898e-01 6.210892664020182252e-01
6.418411135673522949e-01 6.180643969645204239e-01 6.286787986755371094e-01 6.215199686569750082e-01
6.394256353378295898e-01 6.198051789831147129e-01 6.443331241607666016e-01 6.170722442737229807e-01
6.411701440811157227e-01 6.184924621768875808e-01 6.393237113952636719e-01 6.173867279964209143e-01
6.436750888824462891e-01 6.141134371781395984e-01 6.419327855110168457e-01 6.160634529165125439e-01
6.460905075073242188e-01 6.140010378445638350e-01 6.444374918937683105e-01 6.095840984434853782e-01
6.442118287086486816e-01 6.136424317302762166e-01 6.568565964698791504e-01 6.060099666687422948e-01
6.471193432807922363e-01 6.103731288127554055e-01 6.386975646018981934e-01 6.103075066928549397e-01
6.488190889358520508e-01 6.086776504087456630e-01 6.492381691932678223e-01 6.179556851968265319e-01
6.493111252784729004e-01 6.118983505002115741e-01 6.440200209617614746e-01 6.081573318599087230e-01
6.448827981948852539e-01 6.115001802645806395e-01 6.349405050277709961e-01 6.203282198038063688e-01
6.496689915657043457e-01 6.086935808565178130e-01 6.534126400947570801e-01 6.047297365056824026e-01
6.515029668807983398e-01 6.059658523641645589e-01 6.596744060516357422e-01 5.997190404177159540e-01
6.550813913345336914e-01 6.027179926895118722e-01 6.534126400947570801e-01 6.038251432365276949e-01
6.543657183647155762e-01 6.041927608954797968e-01 6.471509337425231934e-01 6.023181117021373376e-01
6.514582037925720215e-01 6.041137563199001637e-01 6.510123014450073242e-01 6.055315902899461866e-01
6.584809422492980957e-01 5.973162116123922338e-01 6.574828028678894043e-01 5.988037753667494467e-01
6.548577547073364258e-01 6.036763700032878877e-01 6.542475223541259766e-01 6.042299071698914448e-01
6.536052823066711426e-01 6.009180827886478893e-01 6.474639773368835449e-01 6.079281355413557186e-01
6.560654640197753906e-01 5.999153740164162585e-01 6.529952287673950195e-01 6.053975072964027371e-01
6.581678390502929688e-01 5.976721036943942744e-01 6.572740674018859863e-01 5.988602795498377818e-01
6.586151123046875000e-01 5.969621384585345192e-01 6.543518900871276855e-01 5.918305305866328192e-01
6.563338637351989746e-01 5.975585424808339541e-01 6.604049205780029297e-01 5.963016653752630791e-01
6.599123477935791016e-01 5.942144504193224153e-01 6.581089496612548828e-01 5.969711773655803633e-01
6.595991849899291992e-01 5.954314272355513138e-01 6.565434932708740234e-01 5.982252122763178637e-01
6.578099727630615234e-01 5.927229732365658643e-01 6.603005528450012207e-01 5.935518968281977559e-01
6.596886515617370605e-01 5.913043708318375113e-01 6.560217142105102539e-01 5.976921417498682887e-01
6.531132459640502930e-01 5.998796932405938698e-01 6.633270978927612305e-01 5.918285932304017116e-01
6.629092693328857422e-01 5.896039670834837265e-01 6.634314060211181641e-01 5.902794260019251782e-01
6.642065048217773438e-01 5.866295953282389952e-01 6.599874496459960938e-01 5.952193673332307755e-01
6.619699597358703613e-01 5.908624825995474339e-01 6.485075950622558594e-01 6.076389374003433597e-01
6.631776690483093262e-01 5.884179074492517092e-01 6.586307883262634277e-01 5.927209001920139553e-01
6.625961661338806152e-01 5.869771667020780015e-01 6.688582897186279297e-01 5.887908399963498463e-01
6.705582141876220703e-01 5.850991246994203809e-01 6.639532446861267090e-01 5.867082639716906245e-01
6.655483841896057129e-01 5.847500375290209940e-01 6.607180237770080566e-01 5.895846979251313513e-01
6.692610383033752441e-01 5.836650602270225807e-01 6.624921560287475586e-01 5.886881557990901737e-01
6.697530746459960938e-01 5.817453894936818193e-01 6.571696996688842773e-01 5.885881006506185065e-01
6.658167839050292969e-01 5.842218799078309210e-01 6.543518900871276855e-01 5.942557819749039183e-01
6.700214743614196777e-01 5.796064435209266064e-01 6.628052592277526855e-01 5.895313930347253484e-01
6.705135107040405273e-01 5.800211678508526703e-01 6.693800687789916992e-01 5.872294861621932816e-01
6.618804931640625000e-01 5.844682061431190068e-01 6.509079337120056152e-01 6.002630252127506560e-01
6.680085659027099609e-01 5.800186327178185053e-01 6.553955078125000000e-01 5.924999055397632830e-01
6.685006022453308105e-01 5.772124369235301922e-01 6.690670251846313477e-01 5.869765967049794808e-01
6.717659831047058105e-01 5.758455593527526117e-01 6.680233478546142578e-01 5.845303395251794099e-01
6.701109409332275391e-01 5.778571959684265513e-01 6.668753623962402344e-01 5.878662587182552635e-01
6.720343828201293945e-01 5.754858056704202918e-01 6.678146719932556152e-01 5.845701496304014366e-01
6.738235950469970703e-01 5.737648000975673623e-01 6.636401414871215820e-01 5.852596311672723095e-01
6.700214743614196777e-01 5.780491793085283936e-01 6.665623188018798828e-01 5.867238569871738862e-01
6.710055470466613770e-01 5.766847860751286303e-01 6.625965237617492676e-01 5.890500071998728826e-01
6.717659831047058105e-01 5.745775469579302852e-01 6.700062751770019531e-01 5.807310949036732506e-01
6.736893653869628906e-01 5.725631532355101028e-01 6.553955078125000000e-01 5.866400122617635438e-01
6.737341284751892090e-01 5.721121533630699751e-01 6.630139946937561035e-01 5.843275722246084047e-01
6.783413887023925781e-01 5.694892631060834987e-01 6.673972010612487793e-01 5.818422703448379307e-01
6.769994497299194336e-01 5.734543277147012841e-01 6.631183624267578125e-01 5.847410878142841328e-01
6.769994497299194336e-01 5.704058923305819206e-01 6.688582897186279297e-01 5.792038455757908544e-01
6.745840311050415039e-01 5.710675176236386097e-01 6.607180237770080566e-01 5.940137014362165679e-01
6.718106865882873535e-01 5.771430078677274311e-01 6.638488769531250000e-01 5.817209266342318053e-01
6.795490980148315430e-01 5.672210320246456883e-01 6.597787737846374512e-01 5.837676942759032483e-01
6.817856431007385254e-01 5.641048575774312290e-01 6.735545992851257324e-01 5.784850782901204136e-01
6.766863465309143066e-01 5.667686337732761315e-01 6.736589670181274414e-01 5.718405933102445049e-01
6.759259104728698730e-01 5.668103621756375166e-01 6.690670251846313477e-01 5.808686509159257660e-01
6.811146736145019531e-01 5.655864809787557457e-01 6.675015687942504883e-01 5.737526748952226363e-01
