5.509035587310791016e-01 6.937426642945849764e-01 5.504069924354553223e-01 6.804205118502587579e-01
5.783682465553283691e-01 6.755452588091256372e-01 5.785848498344421387e-01 6.693020083291673084e-01
5.812309980392456055e-01 6.698616982295531042e-01 5.856814980506896973e-01 6.692215448703777714e-01
5.904455184936523438e-01 6.681492652315469405e-01 5.919432044029235840e-01 6.657302028897460477e-01
5.928162336349487305e-01 6.684882365264456228e-01 5.851596593856811523e-01 6.673759425440354276e-01
5.872249007225036621e-01 6.688126608433418996e-01 5.988311171531677246e-01 6.665630806490165927e-01
5.928609967231750488e-01 6.651562362733350886e-01 5.954915285110473633e-01 6.632007854986579076e-01
5.951422452926635742e-01 6.649081168863252289e-01 5.988311171531677246e-01 6.652054584516510216e-01
5.986312627792358398e-01 6.633291283432753982e-01 6.061365008354187012e-01 6.601116083853181271e-01
5.976024270057678223e-01 6.636178061795332539e-01 5.994573235511779785e-01 6.614749042705662108e-01
5.980049967765808105e-01 6.641861305166003593e-01 5.989354848861694336e-01 6.605714709219816516e-01
6.020755171775817871e-01 6.620310009602976553e-01 5.949697494506835938e-01 6.710608181438871833e-01
5.994811058044433594e-01 6.625539029640639122e-01 6.029012799263000488e-01 6.607236324981915487e-01
6.003310084342956543e-01 6.603742157822112269e-01 5.961177349090576172e-01 6.590036588604926138e-01
5.982733964920043945e-01 6.605683240294989433e-01 5.981006026268005371e-01 6.634023333113369114e-01
5.993021726608276367e-01 6.599868330594613752e-01 6.059277653694152832e-01 6.591517570943877802e-01
6.036857962608337402e-01 6.593267798722376449e-01 5.946566462516784668e-01 6.621521164942474336e-01
6.031042933464050293e-01 6.579758832036201044e-01 6.055103540420532227e-01 6.586900937534826417e-01
6.049382686614990234e-01 6.580717935398324725e-01 6.087455749511718750e-01 6.570222518111140664e-01
6.046251654624938965e-01 6.571177200034812316e-01 6.068670153617858887e-01 6.545950011106255184e-01
6.049830317497253418e-01 6.566360534399902082e-01 6.157378554344177246e-01 6.537973489872823674e-01
6.114689707756042480e-01 6.532727858742526372e-01 6.157378554344177246e-01 6.517638254951918508e-01
6.103506684303283691e-01 6.531639216965310357e-01 5.998747944831848145e-01 6.596430897638061452e-01
6.092771291732788086e-01 6.548791451602614666e-01 6.070757508277893066e-01 6.543598332178167665e-01
6.090982556343078613e-01 6.543126358160884504e-01 6.197035908699035645e-01 6.500025649230979363e-01
6.129897832870483398e-01 6.513297909977057154e-01 6.055103540420532227e-01 6.519170346749747491e-01
6.141080856323242188e-01 6.500870291950835433e-01 6.140680313110351562e-01 6.526043912085977006e-01
6.131240129470825195e-01 6.500115304689412232e-01 6.127113103866577148e-01 6.505228750294171913e-01
6.119162440299987793e-01 6.505472318903025020e-01 6.132331490516662598e-01 6.484413976909173538e-01
6.196546554565429688e-01 6.466183662414550781e-01 6.252348423004150391e-01 6.411103443247468947e-01
6.237698793411254883e-01 6.457362835341989848e-01 6.221039295196533203e-01 6.479655979595809745e-01
6.208624243736267090e-01 6.447827141471360601e-01 6.241911649703979492e-01 6.421553598667479879e-01
6.186705827713012695e-01 6.431139692528172747e-01 6.225214004516601562e-01 6.440972718782450590e-01
6.184917092323303223e-01 6.441528461213656964e-01 6.285744309425354004e-01 6.387557816440738723e-01
6.246645450592041016e-01 6.411504062520175795e-01 6.143811345100402832e-01 6.434194486540808500e-01
6.223385334014892578e-01 6.413950662554046556e-01 6.215821504592895508e-01 6.408020757205599160e-01
6.260958909988403320e-01 6.379061788027263757e-01 6.272177100181579590e-01 6.367517939143378936e-01
6.241725087165832520e-01 6.374122259398866674e-01 6.173032522201538086e-01 6.438456728224016823e-01
6.253802180290222168e-01 6.357135373101205911e-01 6.275308132171630859e-01 6.354378039964776459e-01
6.272141933441162109e-01 6.344708957725868625e-01 6.270089745521545410e-01 6.329711585198133372e-01
6.310610175132751465e-01 6.309792382769602304e-01 6.223126649856567383e-01 6.382837363211054660e-01
6.282877326011657715e-01 6.345065324608083479e-01 6.312878131866455078e-01 6.313785560393327945e-01
6.296743750572204590e-01 6.325989330810988243e-01 6.312878131866455078e-01 6.312253393825323355e-01
6.345500349998474121e-01 6.292242879175632408e-01 6.287831068038940430e-01 6.379463778759337789e-01
6.297190785408020020e-01 6.298740112860442553e-01 6.369233727455139160e-01 6.278373944662329897e-01
6.347736716270446777e-01 6.258569236282884862e-01 6.348361372947692871e-01 6.287816860088101256e-01
6.397387981414794922e-01 6.247871825916435640e-01 6.299310922622680664e-01 6.319402982162996008e-01
6.323134899139404297e-01 6.257156277091073804e-01 6.224170327186584473e-01 6.351301669079185697e-01
6.389335989952087402e-01 6.205309099194658007e-01 6.242955327033996582e-01 6.289599289154613748e-01
6.366076469421386719e-01 6.243988202795143216e-01 6.379670500755310059e-01 6.221097153876823382e-01
6.415727138519287109e-01 6.185102221534511946e-01 6.245042681694030762e-01 6.291643915706873758e-01
6.414832472801208496e-01 6.167287362306526077e-01 6.415153145790100098e-01 6.309436090030841049e-01
6.421542167663574219e-01 6.188468450850675984e-01 6.337925195693969727e-01 6.234620748221115782e-01
6.446591615676879883e-01 6.160662735717884475e-01 6.361928582191467285e-01 6.201884479692897356e-01
6.429146528244018555e-01 6.151699104810746110e-01 6.428720355033874512e-01 6.208342945642895128e-01
6.401860713958740234e-01 6.165997456045350100e-01 6.404716968536376953e-01 6.222192219467657104e-01
6.386652588844299316e-01 6.150871255056954423e-01 6.261740922927856445e-01 6.270811079041591629e-01
6.390230655670166016e-01 6.122368634930874798e-01 6.453767418861389160e-01 6.125128888382191938e-01
6.373233199119567871e-01 6.203346027204316160e-01 6.355667114257812500e-01 6.236561441615587897e-01
6.435856223106384277e-01 6.115920722729875081e-01 6.366103291511535645e-01 6.186274798422510823e-01
6.398729681968688965e-01 6.134710823152248471e-01 6.331663727760314941e-01 6.264172538017037661e-01
6.443460583686828613e-01 6.119524575789897503e-01 6.289918422698974609e-01 6.228175817041550211e-01
6.469851732254028320e-01 6.095487184463961317e-01 6.254435181617736816e-01 6.258056894072260290e-01
6.483718156814575195e-01 6.051618655842603278e-01 6.389063000679016113e-01 6.134579408469863493e-01
6.447486281394958496e-01 6.079165081705683038e-01 6.321227550506591797e-01 6.206702287175714927e-01
6.427804827690124512e-01 6.109710472665419445e-01 6.320183873176574707e-01 6.169008570582302786e-01
6.489980220794677734e-01 6.048884161428552675e-01 6.463159918785095215e-01 6.096200549734382967e-01
6.487743854522705078e-01 6.053536886348986901e-01 6.343143582344055176e-01 6.137938031546135154e-01
6.485954523086547852e-01 6.026142792531939962e-01 6.460029482841491699e-01 6.115414118672233279e-01
6.551261544227600098e-01 6.015368253712493063e-01 6.418284177780151367e-01 6.138438520588772596e-01
6.525317430496215820e-01 6.034617826921139239e-01 6.491338014602661133e-01 6.079353501666838744e-01
6.557971239089965820e-01 5.974427194794978968e-01 6.427676677703857422e-01 6.094120166615737411e-01
6.541867852210998535e-01 6.015957349591060099e-01 6.504905223846435547e-01 6.049713634344859869e-01
6.551708579063415527e-01 6.024036652224075139e-01 6.475683450698852539e-01 6.097665432349945736e-01
6.497136950492858887e-01 6.058158695772436486e-01 6.390106678009033203e-01 6.165877606644308839e-01
6.488190889358520508e-01 6.008473129962675907e-01 6.489250659942626953e-01 6.089484545811808536e-01
6.592413783073425293e-01 5.927369220991811627e-01 6.506991982460021973e-01 6.037174015397493987e-01
6.561102271080017090e-01 6.005353699175823845e-01 6.469421982765197754e-01 6.085712258414170961e-01
6.604043841361999512e-01 5.934453438424236449e-01 6.472552418708801270e-01 6.113502535633890123e-01
6.590624451637268066e-01 5.965726793953463059e-01 6.445418596267700195e-01 6.099559776819316603e-01
6.586151123046875000e-01 5.971674321482275394e-01 6.526821255683898926e-01 6.044518395347053819e-01
6.608069539070129395e-01 5.921427923316157083e-01 6.577958464622497559e-01 6.053142520237307922e-01
6.589729785919189453e-01 5.946705609767972689e-01 6.476727128028869629e-01 6.142936804005457718e-01
6.582125425338745117e-01 5.971244055825112307e-01 6.476727128028869629e-01 6.041632938225764970e-01
6.582573056221008301e-01 5.923308073610499269e-01 6.505948901176452637e-01 6.010155863912188812e-01
6.658167839050292969e-01 5.867823031426840918e-01 6.566478610038757324e-01 5.987686670117625676e-01
6.626856327056884766e-01 5.895276953099473083e-01 6.377583146095275879e-01 6.149748464114380697e-01
6.679638624191284180e-01 5.876132731340422133e-01 6.429764032363891602e-01 6.037145994371920787e-01
6.676059961318969727e-01 5.855114304714370554e-01 6.455854773521423340e-01 6.048636059128050801e-01
6.638933420181274414e-01 5.895643360522208054e-01 6.474639773368835449e-01 6.049564942963261416e-01
6.683664321899414062e-01 5.878387113913459139e-01 6.519515514373779297e-01 6.281197597079275496e-01
6.631776690483093262e-01 5.879096414198664577e-01 6.546649932861328125e-01 5.986156852776310933e-01
6.707819104194641113e-01 5.852636174900541777e-01 6.458985805511474609e-01 6.067626903510446867e-01
6.682322621345520020e-01 5.897327194936502481e-01 6.558129787445068359e-01 6.008253578252917837e-01
6.721685528755187988e-01 5.826706952945472917e-01 6.471509337425231934e-01 6.040437562285024820e-01
6.635802388191223145e-01 5.860723162149568122e-01 6.549780964851379395e-01 6.039835087468244934e-01
6.736446619033813477e-01 5.768146581973131459e-01 6.550824642181396484e-01 5.991061017946718303e-01
6.689032316207885742e-01 5.795762751136147584e-01 6.530995368957519531e-01 6.086745529129021781e-01
6.626409292221069336e-01 5.873180940829911822e-01 6.622834205627441406e-01 5.949919072130084308e-01
6.765968799591064453e-01 5.773628544223011749e-01 6.580045819282531738e-01 6.011364026175139985e-01
