5.667829513549804688e-01 6.778389426522486438e-01 5.972657203674316406e-01 6.621294244921697159e-01
5.858382582664489746e-01 6.667266405104396165e-01 5.996660590171813965e-01 6.583242934423457760e-01
5.999284386634826660e-01 6.619347649474629502e-01 6.045710444450378418e-01 6.594234555057731928e-01
6.038200259208679199e-01 6.580019174651908775e-01 6.173032522201538086e-01 6.503987217267951371e-01
6.079799532890319824e-01 6.544369312726783239e-01 6.181381940841674805e-01 6.489035270951083456e-01
6.065038442611694336e-01 6.518079793331639227e-01 6.095804572105407715e-01 6.498042612652070726e-01
6.081141233444213867e-01 6.498346364781817375e-01 6.191818118095397949e-01 6.455535695463748835e-01
6.155394315719604492e-01 6.473871221651564811e-01 6.179294586181640625e-01 6.451245340318626509e-01
6.143317222595214844e-01 6.453585418334137902e-01 6.141723990440368652e-01 6.402740543333031997e-01
6.190284490585327148e-01 6.433674238367570464e-01 6.178250908851623535e-01 6.416335141601554604e-01
6.192073822021484375e-01 6.412988061511595284e-01 6.121895313262939453e-01 6.451683010345360403e-01
6.233226060867309570e-01 6.400944291105592487e-01 6.261740922927856445e-01 6.362856080103607148e-01
6.197888851165771484e-01 6.392009464311011468e-01 6.342099905014038086e-01 6.335142214396283222e-01
6.237698793411254883e-01 6.362418276100343384e-01 6.231475472450256348e-01 6.407782506206244344e-01
6.261406540870666504e-01 6.340002690045815070e-01 6.350448727607727051e-01 6.247267695713382141e-01
6.321345567703247070e-01 6.302377947926585122e-01 6.195992231369018555e-01 6.298356202892310129e-01
6.297638416290283203e-01 6.323233628703861520e-01 6.399499177932739258e-01 6.265293247663410448e-01
6.338343024253845215e-01 6.250803769327997195e-01 6.323314309120178223e-01 6.260632360511522165e-01
6.366076469421386719e-01 6.246930770102756547e-01 6.245042681694030762e-01 6.255986540358839942e-01
6.381732225418090820e-01 6.230725629488798045e-01 6.425589919090270996e-01 6.177159657908292134e-01
6.337895989418029785e-01 6.214342617907535615e-01 6.407848000526428223e-01 6.169402216401933536e-01
6.387994289398193359e-01 6.190407919444345097e-01 6.369233727455139160e-01 6.184073220312508168e-01
6.398282051086425781e-01 6.158309905340044743e-01 6.283656954765319824e-01 6.235478963540407316e-01
6.420200467109680176e-01 6.159309397381093065e-01 6.470465660095214844e-01 6.108748974642855822e-01
6.445696949958801270e-01 6.125459539952143873e-01 6.488206982612609863e-01 6.084654412446751648e-01
6.483718156814575195e-01 6.118404965725753319e-01 6.393237113952636719e-01 6.138980928454660368e-01
6.457327008247375488e-01 6.087731170428206662e-01 6.464203596115112305e-01 6.157616671603199920e-01
6.487743854522705078e-01 6.093537834552772425e-01 6.506991982460021973e-01 6.084154230198216551e-01
6.490874886512756348e-01 6.089117804928443345e-01 6.517428755760192871e-01 6.009961457348048652e-01
6.524422764778137207e-01 6.076825048356560011e-01 6.454811096191406250e-01 6.175527181861246717e-01
6.536500453948974609e-01 6.024826428911130849e-01 6.518472433090209961e-01 6.077633852924839708e-01
6.574074029922485352e-01 6.007689821376721584e-01 6.512210369110107422e-01 6.024267389714108578e-01
6.581230759620666504e-01 5.996011878770544090e-01 6.419327855110168457e-01 6.104494682733809796e-01
6.571390032768249512e-01 5.979437775060728599e-01 6.517428755760192871e-01 6.010875799192613167e-01
6.595991849899291992e-01 5.956360838839397376e-01 6.516385078430175781e-01 5.975042545728259658e-01
6.617462635040283203e-01 5.939375401865627513e-01 6.589438319206237793e-01 5.919821428570859467e-01
6.640275716781616211e-01 5.919089660083144411e-01 6.575871706008911133e-01 6.002602605699273175e-01
6.629540324211120605e-01 5.917732063144323096e-01 6.575871706008911133e-01 5.949400404603862880e-01
6.638038754463195801e-01 5.877864741430147699e-01 6.583176851272583008e-01 5.964374564132419732e-01
6.652800440788269043e-01 5.880020590881304132e-01 6.631183624267578125e-01 5.879826542107453591e-01
6.680980324745178223e-01 5.873467898321911296e-01 6.661448478698730469e-01 5.850501120824501688e-01
6.688137650489807129e-01 5.826091616306008358e-01 6.497599482536315918e-01 5.994736380677609944e-01
6.656826138496398926e-01 5.874277201422340999e-01 6.582133173942565918e-01 5.993774639766417112e-01
6.664429903030395508e-01 5.857430162295861331e-01 6.613441705703735352e-01 5.913374128632296056e-01
6.717212200164794922e-01 5.796284129568834986e-01 6.618660092353820801e-01 5.866877115412262311e-01
6.716765165328979492e-01 5.804072630108949582e-01 6.621791124343872070e-01 5.908595835881401692e-01
6.663982868194580078e-01 5.851138220594402917e-01 6.710498929023742676e-01 5.862142843758231248e-01
6.689479351043701172e-01 5.825755133848963263e-01 6.505948901176452637e-01 6.116899897374930006e-01
6.680085659027099609e-01 5.827477726319497675e-01 6.673972010612487793e-01 5.836027745438179259e-01
6.769994497299194336e-01 5.755312462509115656e-01 6.664579510688781738e-01 5.805474490120127173e-01
6.747182011604309082e-01 5.740332671708253676e-01 6.657273769378662109e-01 5.928497326645266741e-01
6.728842258453369141e-01 5.777018229124007975e-01 6.647881269454956055e-01 5.815972237441664472e-01
6.781177520751953125e-01 5.705526354466894379e-01 6.608223915100097656e-01 5.828063028810716029e-01
6.769547462463378906e-01 5.753712892681653868e-01 6.671884655952453613e-01 5.804257785644443279e-01
6.793254613876342773e-01 5.719639524446871182e-01 6.688582897186279297e-01 5.844108504508537250e-01
6.774467825889587402e-01 5.721921430629745009e-01 6.662492156028747559e-01 5.853627782802546253e-01
6.802200675010681152e-01 5.666078056924819251e-01 6.734502315521240234e-01 5.796311921925068056e-01
6.792807579040527344e-01 5.687923132040181295e-01 6.736589670181274414e-01 5.827494701695228319e-01
6.803990006446838379e-01 5.677234416337320067e-01 6.756418347358703613e-01 5.762804122838016685e-01
6.833959817886352539e-01 5.617972100798442892e-01 6.737633347511291504e-01 5.779331511232952412e-01
6.812041401863098145e-01 5.654106016960185332e-01 6.730327606201171875e-01 5.746966616591340227e-01
6.818304061889648438e-01 5.634657599179897502e-01 6.752243638038635254e-01 5.777081713948163388e-01
6.808015704154968262e-01 5.659230020524436133e-01 6.707367897033691406e-01 5.829354778532442882e-01
6.836196184158325195e-01 5.630053249256921077e-01 6.762679815292358398e-01 5.723528307381464675e-01
6.848720908164978027e-01 5.644617489037349056e-01 6.792945265769958496e-01 5.729636092619915244e-01
6.854982972145080566e-01 5.579550602841748530e-01 6.719891428947448730e-01 5.736747146075763526e-01
6.855430603027343750e-01 5.570793625791846670e-01 6.735545992851257324e-01 5.767379904485052666e-01
6.833065152168273926e-01 5.600806948941985386e-01 6.741807460784912109e-01 5.750000600251492511e-01
6.847378611564636230e-01 5.613984374736370464e-01 6.740763783454895020e-01 5.718464444311146533e-01
6.859008669853210449e-01 5.589932688213797851e-01 6.758505702018737793e-01 5.737207187936440578e-01
6.903739571571350098e-01 5.551537358071898520e-01 6.812773942947387695e-01 5.640767171024106963e-01
6.884505152702331543e-01 5.543800951394097787e-01 6.852431893348693848e-01 5.675824695229654271e-01
6.931920051574707031e-01 5.531016152027490307e-01 6.774159669876098633e-01 5.731891131032809117e-01
6.887636184692382812e-01 5.549254446853826295e-01 6.841995120048522949e-01 5.646469509569246314e-01
6.916711330413818359e-01 5.535318106972780816e-01 6.780421733856201172e-01 5.688394764051435404e-01
6.897924542427062988e-01 5.543282063686905126e-01 6.832602620124816895e-01 5.696595460207570794e-01
6.905528903007507324e-01 5.534131569072329171e-01 6.765810847282409668e-01 5.695712366698306717e-01
6.902844905853271484e-01 5.542407457080718025e-01 6.773115992546081543e-01 5.699909262606406291e-01
6.912685632705688477e-01 5.492461041551857104e-01 6.840952038764953613e-01 5.630913099872372207e-01
6.927446722984313965e-01 5.515273365837491948e-01 6.856606006622314453e-01 5.636325531427857083e-01
6.913580298423767090e-01 5.516488375060565330e-01 6.775203347206115723e-01 5.668203884339536591e-01
6.894793510437011719e-01 5.492363041448431460e-01 6.786683201789855957e-01 5.667862672319096129e-01
6.930577754974365234e-01 5.471154831457829548e-01 6.839908361434936523e-01 5.662885419736697346e-01
6.961442232131958008e-01 5.480118326390871486e-01 6.859737038612365723e-01 5.612846556448334301e-01
6.969493627548217773e-01 5.449897080825167883e-01 6.872260570526123047e-01 5.633753410114223925e-01
6.917605996131896973e-01 5.468511678362429906e-01 6.668753623962402344e-01 5.850301030856088769e-01
6.954284906387329102e-01 5.456920829350799806e-01 6.728240251541137695e-01 5.785299373479209084e-01
6.986044049263000488e-01 5.441382524045342839e-01 6.851388216018676758e-01 5.609168539687203747e-01
6.960547566413879395e-01 5.464019520932434926e-01 6.775203347206115723e-01 5.765641006465944685e-01
6.946233510971069336e-01 5.474243496692464683e-01 6.819035410881042480e-01 5.721952936838923254e-01
6.936840415000915527e-01 5.472566150002199370e-01 6.864954829216003418e-01 5.629133365766859631e-01
6.993648409843444824e-01 5.416929901531374325e-01 6.858693361282348633e-01 5.585910654023206190e-01
6.930130720138549805e-01 5.479286954854677427e-01 6.814861297607421875e-01 5.619185426194890365e-01
6.999015808105468750e-01 5.370168456623434228e-01 6.792945265769958496e-01 5.676332401522662385e-01
7.019591927528381348e-01 5.409590859578662370e-01 6.871216893196105957e-01 5.564493057723335356e-01
6.986938714981079102e-01 5.363443698284130479e-01 6.906700134277343750e-01 5.496659277003485000e-01
6.996331810951232910e-01 5.388169149248475120e-01 6.791901588439941406e-01 5.615632001678373397e-01
6.990964412689208984e-01 5.410790311285582632e-01 6.841995120048522949e-01 5.597507297383099711e-01
7.010645866394042969e-01 5.390573617362190983e-01 6.846169829368591309e-01 5.584856777966482611e-01
7.046430706977844238e-01 5.331480713282230610e-01 6.888958215713500977e-01 5.539215723648620582e-01
