5.580157637596130371e-01 6.884695270509834097e-01 5.444583296775817871e-01 6.871503704999041284e-01
5.815441012382507324e-01 6.721395135544391275e-01 5.805677175521850586e-01 6.736496583053399601e-01
5.897298455238342285e-01 6.646852790936094157e-01 5.769150257110595703e-01 6.711661015316281453e-01
5.965288877487182617e-01 6.600458913336586519e-01 6.069713830947875977e-01 6.568109968265445353e-01
6.077563166618347168e-01 6.557515099535348169e-01 6.030056476593017578e-01 6.567323180360700174e-01
6.095008254051208496e-01 6.541295526897487056e-01 5.973700881004333496e-01 6.602705523256617859e-01
6.106638312339782715e-01 6.513288676962696311e-01 5.928825139999389648e-01 6.745137553502661421e-01
6.162998676300048828e-01 6.488498764145584907e-01 6.104153394699096680e-01 6.533330537486091716e-01
6.133029460906982422e-01 6.475716025186450953e-01 6.151116490364074707e-01 6.439501592919364414e-01
6.178207397460937500e-01 6.445359210567880304e-01 5.801503062248229980e-01 6.937598203025264754e-01
6.202361583709716797e-01 6.420643258380599461e-01 6.068670153617858887e-01 6.508076019387631916e-01
6.226516366004943848e-01 6.416635520557615324e-01 6.158422231674194336e-01 6.456059704889860473e-01
6.256933212280273438e-01 6.385913103056372053e-01 6.248173713684082031e-01 6.430152357557675780e-01
6.275720000267028809e-01 6.355449593457495050e-01 6.149029135704040527e-01 6.539760550335935729e-01
6.261406540870666504e-01 6.346847931352022076e-01 5.975787639617919922e-01 6.505492696481416370e-01
6.303005814552307129e-01 6.311831219952654948e-01 6.005009412765502930e-01 6.488196021877035147e-01
6.312399506568908691e-01 6.312367180034073044e-01 5.950741171836853027e-01 6.752237242762566538e-01
6.303900480270385742e-01 6.273246021342417933e-01 6.155291199684143066e-01 6.389219679406480390e-01
6.362944841384887695e-01 6.290918752873684294e-01 6.298267841339111328e-01 6.341019538543190004e-01
6.370549201965332031e-01 6.237499357805543765e-01 6.213734149932861328e-01 6.345539537533119168e-01
6.372785568237304688e-01 6.224595022171677261e-01 6.187643408775329590e-01 6.298639482581971372e-01
6.356235742568969727e-01 6.223024118349748113e-01 6.236693859100341797e-01 6.424502220414570752e-01
6.395598649978637695e-01 6.206647247678586110e-01 6.270089745521545410e-01 6.581892323404382461e-01
6.387547254562377930e-01 6.220466484855423639e-01 6.302441954612731934e-01 6.303673918922517716e-01
6.409912109375000000e-01 6.196117769052953417e-01 6.304529309272766113e-01 6.210366568991346758e-01
6.477455496788024902e-01 6.151237970367700036e-01 6.274264454841613770e-01 6.363912363610718659e-01
6.406781077384948730e-01 6.156864073157501949e-01 6.010227799415588379e-01 6.409951353391608597e-01
6.472535133361816406e-01 6.150274393511151461e-01 6.417240500450134277e-01 6.167918428626246730e-01
6.471193432807922363e-01 6.143878464580200260e-01 6.309747695922851562e-01 6.305838854296474949e-01
6.461799740791320801e-01 6.145543438800866731e-01 6.271133422851562500e-01 6.350740525374654055e-01
6.449722647666931152e-01 6.142212744261672519e-01 6.320183873176574707e-01 6.366107536491882879e-01
6.469851732254028320e-01 6.107451505899045285e-01 6.057190299034118652e-01 6.564129380735915786e-01
6.501163244247436523e-01 6.109947793107058933e-01 6.405760645866394043e-01 6.132817581137345320e-01
6.461352705955505371e-01 6.080683465079899097e-01 6.226257681846618652e-01 6.303312749361050793e-01
6.491322517395019531e-01 6.088038675685670809e-01 6.246086359024047852e-01 6.299273653235422099e-01
6.524422764778137207e-01 6.077341274704100016e-01 6.326445341110229492e-01 6.234217917986339952e-01
6.492664217948913574e-01 6.085683188747262884e-01 6.345230937004089355e-01 6.332106768923198015e-01
6.507872343063354492e-01 6.056007631756278320e-01 6.089543104171752930e-01 6.369500760369249948e-01
6.540973186492919922e-01 6.062043055393419033e-01 6.442287564277648926e-01 6.101801825251467193e-01
6.531132459640502930e-01 6.054928603720891589e-01 6.365059614181518555e-01 6.345999298228074403e-01
6.510109305381774902e-01 6.064218507616736531e-01 6.421415209770202637e-01 6.126958847518655382e-01
6.565575003623962402e-01 6.050216987726406703e-01 6.490294337272644043e-01 6.064080526300771323e-01
6.523528099060058594e-01 6.022459286059947958e-01 6.360884904861450195e-01 6.252510420242497480e-01
6.533816456794738770e-01 6.015899077919008020e-01 6.348361372947692871e-01 6.332335198156969769e-01
6.564680337905883789e-01 6.013853586003741203e-01 6.527864933013916016e-01 6.095967400026729432e-01
6.604043841361999512e-01 5.982228332180993258e-01 6.378626823425292969e-01 6.169187283371615482e-01
6.599123477935791016e-01 5.978473762020609650e-01 6.375495791435241699e-01 6.202223797950234818e-01
6.563786268234252930e-01 5.990419438261106455e-01 6.504905223846435547e-01 6.011514516519719242e-01
6.539183855056762695e-01 5.999776100958794656e-01 6.522646546363830566e-01 6.044198565730917183e-01
6.548577547073364258e-01 5.993669985829024327e-01 6.478814482688903809e-01 6.160838485535439224e-01
6.569601297378540039e-01 5.990371571006918305e-01 6.431851387023925781e-01 6.211292685334753871e-01
6.614331603050231934e-01 5.968274304576286493e-01 6.472552418708801270e-01 6.134296214249606027e-01
6.563338637351989746e-01 5.988487909168224155e-01 6.283656954765319824e-01 6.302117759587744228e-01
6.598675847053527832e-01 5.966956557112444992e-01 6.465247273445129395e-01 6.063209511969488430e-01
6.611200571060180664e-01 5.962735431035188771e-01 6.543518900871276855e-01 6.006880894231786394e-01
6.587493419647216797e-01 5.960883441562622176e-01 6.474639773368835449e-01 6.068573848386568104e-01
6.598228812217712402e-01 5.964140885203442766e-01 6.530995368957519531e-01 6.068092296352916026e-01
6.621041297912597656e-01 5.929786139746902052e-01 6.448549628257751465e-01 6.164210867070624156e-01
6.605385541915893555e-01 5.937535365102627472e-01 6.511166691780090332e-01 6.055451319899943785e-01
6.634013056755065918e-01 5.925024780802232716e-01 6.451680064201354980e-01 6.115768747771614944e-01
6.622382998466491699e-01 5.936121980285234967e-01 6.616572737693786621e-01 6.020471362598851517e-01
6.633566021919250488e-01 5.917482957107945696e-01 6.323314309120178223e-01 6.369268640524359260e-01
6.638038754463195801e-01 5.904555206628152586e-01 6.547693610191345215e-01 6.022119636924797570e-01
6.629540324211120605e-01 5.929522128923354618e-01 6.527864933013916016e-01 6.115369987348454606e-01
6.635355353355407715e-01 5.888616124447652034e-01 6.482989192008972168e-01 6.146850414127826845e-01
6.627750992774963379e-01 5.911602566015701221e-01 6.595700383186340332e-01 6.168280114487600940e-01
6.649221777915954590e-01 5.884478436021434167e-01 6.436026096343994141e-01 6.180290785071695936e-01
6.622830629348754883e-01 5.936034267501981709e-01 6.560217142105102539e-01 6.016305560260495344e-01
6.629987359046936035e-01 5.880742386812642941e-01 6.486119627952575684e-01 6.018739777501105337e-01
6.663088202476501465e-01 5.870318450106983832e-01 6.577958464622497559e-01 5.987233678051983032e-01
6.653247475624084473e-01 5.872821686284489529e-01 6.539344787597656250e-01 5.995814390457191445e-01
6.658614873886108398e-01 5.883528365178534170e-01 6.632227301597595215e-01 5.975276150775090667e-01
6.658167839050292969e-01 5.877470034758676132e-01 6.450636386871337891e-01 6.069096537329065066e-01
6.655931472778320312e-01 5.891862359557131779e-01 6.160508990287780762e-01 6.313062368815738346e-01
6.714081168174743652e-01 5.855018096696201768e-01 6.430807709693908691e-01 6.100800157936946411e-01
6.679638624191284180e-01 5.854425877999227534e-01 6.374452114105224609e-01 6.397364006936239189e-01
6.707371473312377930e-01 5.844040330780023718e-01 6.331663727760314941e-01 6.240985523656623624e-01
6.671587228775024414e-01 5.833956228746116635e-01 6.512210369110107422e-01 6.043135511603939802e-01
6.704688072204589844e-01 5.850371070956689179e-01 6.580045819282531738e-01 5.951244957112141742e-01
6.683217287063598633e-01 5.828162607363456260e-01 6.634314060211181641e-01 5.910006453761524892e-01
6.723921895027160645e-01 5.819888201952621021e-01 6.369233727455139160e-01 6.077853960275301226e-01
6.665324568748474121e-01 5.844011309322207914e-01 6.600918173789978027e-01 5.901698547622848956e-01
6.689032316207885742e-01 5.825561105639760484e-01 6.475683450698852539e-01 6.007112823854381389e-01
6.655931472778320312e-01 5.839808424356521810e-01 6.462116241455078125e-01 6.274567202520480169e-01
6.653694510459899902e-01 5.817546673315030503e-01 6.575871706008911133e-01 6.433294546726078256e-01
6.702004075050354004e-01 5.810130153322586866e-01 6.364015936851501465e-01 6.476128759475721086e-01
6.693058013916015625e-01 5.813755021259084943e-01 6.525777578353881836e-01 5.986874104292599919e-01
6.716317534446716309e-01 5.826596251261811910e-01 6.453767418861389160e-01 6.134238198564386790e-01
6.694846749305725098e-01 5.809933482843427921e-01 6.479858160018920898e-01 6.203718734693238757e-01
6.715870499610900879e-01 5.796252570887715505e-01 6.593613028526306152e-01 5.894139486945663142e-01
6.706029772758483887e-01 5.818128050077492341e-01 6.620747447013854980e-01 6.096234142817626989e-01
6.731078624725341797e-01 5.789303896273156891e-01 6.572740674018859863e-01 5.941039297431924826e-01
6.655483841896057129e-01 5.804529342461109964e-01 6.447505950927734375e-01 6.027906567660733517e-01
6.712291836738586426e-01 5.789917113636362522e-01 6.457942128181457520e-01 6.052345169334515385e-01
6.717659831047058105e-01 5.785935326389559652e-01 6.478814482688903809e-01 6.071284789676781868e-01
6.737341284751892090e-01 5.794616598928522544e-01 6.311834454536437988e-01 6.354936220605595931e-01
6.727500557899475098e-01 5.804145548270712718e-01 6.747025847434997559e-01 6.002492958283628388e-01
6.701109409332275391e-01 5.792313139838339842e-01 6.569609642028808594e-01 5.985538017722416004e-01
6.705135107040405273e-01 5.781091866072611829e-01 6.577958464622497559e-01 6.074913848021213925e-01
6.711844801902770996e-01 5.784913081349829511e-01 6.589438319206237793e-01 5.927996477063576242e-01
