5.010288357734680176e-01 1.077203675286034779e+00 5.009392499923706055e-01 6.935086953468299065e-01
5.013419389724731445e-01 6.988413083700486528e-01 4.990607500076293945e-01 6.940432672609095910e-01
5.007156729698181152e-01 6.947536059623755644e-01 4.990607500076293945e-01 7.047993697768784038e-01
4.989711940288543701e-01 6.940987140852088455e-01 5.009392499923706055e-01 6.959218141107513800e-01
5.026391148567199707e-01 6.939180536226630114e-01 5.009392499923706055e-01 6.932310405640431661e-01
4.975398182868957520e-01 7.065997328265960498e-01 4.990607500076293945e-01 6.944586692859623378e-01
4.958847761154174805e-01 7.022677185198854533e-01 4.990607500076293945e-01 6.939373010136941078e-01
5.006709694862365723e-01 7.274104366257272414e-01 5.009392499923706055e-01 6.941173077500506494e-01
5.039362907409667969e-01 6.994044051803401940e-01 5.009392499923706055e-01 6.931558620628647249e-01
4.989264607429504395e-01 7.022598929493941711e-01 4.990607500076293945e-01 6.994818565343372541e-01
4.959742426872253418e-01 6.971222557691367783e-01 4.990607500076293945e-01 6.934147920172589741e-01
5.009840726852416992e-01 7.111523467497484763e-01 5.009392499923706055e-01 6.932208397472559014e-01
4.977187216281890869e-01 6.950980795263753675e-01 4.990607500076293945e-01 6.949227766785635030e-01
4.999552667140960693e-01 6.943985879431898711e-01 5.009392499923706055e-01 6.938889338909970395e-01
5.003578662872314453e-01 6.940830079040452016e-01 5.009392499923706055e-01 6.935155859846482418e-01
4.950796067714691162e-01 6.943163712755429096e-01 4.990607500076293945e-01 6.937854627283001063e-01
5.036678910255432129e-01 6.940206520394021084e-01 5.009392499923706055e-01 6.931559502941609940e-01
4.968241155147552490e-01 6.942231632938409280e-01 4.990607500076293945e-01 6.935714323519167612e-01
4.996868968009948730e-01 6.946862175951363794e-01 4.990607500076293945e-01 6.990502994982640272e-01
5.000894665718078613e-01 6.944231264043907448e-01 5.009392499923706055e-01 6.932339157199242097e-01
5.004025697708129883e-01 6.950581359039971208e-01 4.990607500076293945e-01 6.934403557290714781e-01
5.018786787986755371e-01 6.946210498501820263e-01 4.990607500076293945e-01 6.937578287285868228e-01
5.019681453704833984e-01 6.934460821508359185e-01 5.009392499923706055e-01 6.936817048263310692e-01
5.003131031990051270e-01 6.997167350440059996e-01 4.990607500076293945e-01 6.964937564078115262e-01
4.967346489429473877e-01 6.948865796483507662e-01 4.990607500076293945e-01 7.006060863631027313e-01
5.026838183403015137e-01 6.971321891940627236e-01 5.009392499923706055e-01 7.001776061757724046e-01
4.962873458862304688e-01 6.945660475392869682e-01 5.009392499923706055e-01 6.932270062962545554e-01
4.928878247737884521e-01 7.222509880700677121e-01 4.990607500076293945e-01 7.032849314043104760e-01
4.990159273147583008e-01 5.536040283482282831e+00 5.009392499923706055e-01 9.576123847714596238e+00
4.998210668563842773e-01 1.867723485740529155e+00 4.990607500076293945e-01 7.625898104748082273e-01
4.996421635150909424e-01 1.022366408639270752e+00 5.009392499923706055e-01 6.936661368296206387e-01
4.977634549140930176e-01 7.009415246331642813e-01 5.009392499923706055e-01 6.968986926982507768e-01
4.993737637996673584e-01 1.779555698182506474e+00 5.009392499923706055e-01 6.933643909218265566e-01
4.991948604583740234e-01 6.948759529155063008e-01 4.990607500076293945e-01 6.931479510796192400e-01
4.976292848587036133e-01 6.955085374904160789e-01 5.009392499923706055e-01 6.931718526043789685e-01
5.032653212547302246e-01 7.345690928688840549e-01 4.990607500076293945e-01 7.722510578139194504e-01
5.030416846275329590e-01 7.040530567327879519e-01 5.009392499923706055e-01 6.939244760000936596e-01
5.024601817131042480e-01 6.949988191830362982e-01 4.990607500076293945e-01 6.945080214093160009e-01
4.965110123157501221e-01 6.942271847997075751e-01 5.009392499923706055e-01 6.936044533997680617e-01
4.945428371429443359e-01 6.951122045900894886e-01 4.990607500076293945e-01 6.933104558718575783e-01
5.047414302825927734e-01 6.942455804738317804e-01 5.009392499923706055e-01 6.931633365052251028e-01
4.943639338016510010e-01 6.956538810224903724e-01 4.990607500076293945e-01 6.936780056558304874e-01
4.994632303714752197e-01 6.941329084455402088e-01 5.009392499923706055e-01 6.931455528604240079e-01
4.938271641731262207e-01 6.941670384981227793e-01 4.990607500076293945e-01 6.947449957421218958e-01
5.029075145721435547e-01 6.946090779869303899e-01 4.990607500076293945e-01 6.968962141850925107e-01
4.970925152301788330e-01 6.946559962379119657e-01 4.990607500076293945e-01 6.956583966145906128e-01
4.992842972278594971e-01 6.942484164242241906e-01 4.990607500076293945e-01 6.931645048234438278e-01
5.008499026298522949e-01 6.945620367727076694e-01 4.990607500076293945e-01 6.942225524339614706e-01
4.980318546295166016e-01 6.961524836021835139e-01 5.009392499923706055e-01 6.933592135412064428e-01
5.001789331436157227e-01 6.936161623783456687e-01 5.009392499923706055e-01 6.938226653324789384e-01
5.114510655403137207e-01 6.936438070104595788e-01 4.990607500076293945e-01 6.938266105229857761e-01
5.020129084587097168e-01 6.936649241181259695e-01 4.990607500076293945e-01 6.935858075590378702e-01
5.089908838272094727e-01 6.940647923449408951e-01 4.990607500076293945e-01 6.958807507279869409e-01
5.004920363426208496e-01 6.954514825039077586e-01 4.990607500076293945e-01 6.931541554242577341e-01
4.952585399150848389e-01 6.946174703614402812e-01 4.990607500076293945e-01 6.939672904108143969e-01
5.019681453704833984e-01 6.936875633038227518e-01 4.990607500076293945e-01 6.933732947310932149e-01
5.008051395416259766e-01 6.945720996556373761e-01 5.009392499923706055e-01 6.953834452402166688e-01
5.029969811439514160e-01 6.935236113808154190e-01 5.009392499923706055e-01 6.931746361574632198e-01
4.988817274570465088e-01 6.939016400349333757e-01 4.990607500076293945e-01 6.936886763179558324e-01
4.973608851432800293e-01 6.942771068304419702e-01 4.990607500076293945e-01 6.934674232669425509e-01
5.037573575973510742e-01 6.936140800230531367e-01 4.990607500076293945e-01 6.949470154528974986e-01
4.970925152301788330e-01 6.942831417234068825e-01 5.009392499923706055e-01 6.931590324303124051e-01
4.970477819442749023e-01 6.951533351223505575e-01 4.990607500076293945e-01 6.969309872561768593e-01
4.966899156570434570e-01 6.952708344656616246e-01 4.990607500076293945e-01 6.933466282400451153e-01
4.978081881999969482e-01 6.942466239976976539e-01 5.009392499923706055e-01 6.938817829260669479e-01
4.949007034301757812e-01 6.950794527496116926e-01 4.990607500076293945e-01 6.932729821169308915e-01
5.016102790832519531e-01 6.942924043854525884e-01 5.009392499923706055e-01 6.932990705511610230e-01
4.994184970855712891e-01 8.662314053660195023e-01 4.990607500076293945e-01 1.181467001509303172e+00
4.971819519996643066e-01 7.386336277115215232e-01 5.009392499923706055e-01 6.950288728964998386e-01
4.984791576862335205e-01 6.954436083986627049e-01 5.009392499923706055e-01 6.940323111533720501e-01
5.013419389724731445e-01 6.957090179317431122e-01 5.009392499923706055e-01 6.938356171070322320e-01
4.987475275993347168e-01 6.955018268008632543e-01 5.009392499923706055e-01 6.934250027743741329e-01
5.010288357734680176e-01 6.952128079095794000e-01 4.990607500076293945e-01 6.953553964961821654e-01
5.015208721160888672e-01 6.956217236714236085e-01 5.009392499923706055e-01 6.988464697022896965e-01
4.942744672298431396e-01 6.956994510929792597e-01 4.990607500076293945e-01 6.955692096658251389e-01
5.030416846275329590e-01 6.943707042952773634e-01 4.990607500076293945e-01 6.936305026574115518e-01
4.974056184291839600e-01 6.947190116462393927e-01 5.009392499923706055e-01 6.937240095806380680e-01
4.963320791721343994e-01 6.941553804950778561e-01 4.990607500076293945e-01 6.996195737690050764e-01
4.976292848587036133e-01 6.948511937603495392e-01 4.990607500076293945e-01 6.932168067111224019e-01
4.973608851432800293e-01 6.948548984092470793e-01 4.990607500076293945e-01 6.946217395945297746e-01
4.990606606006622314e-01 6.939764003097573797e-01 5.009392499923706055e-01 6.960339562625681431e-01
5.021470785140991211e-01 6.946759624501677166e-01 4.990607500076293945e-01 6.945619976886302505e-01
4.931561946868896484e-01 6.941618134455426192e-01 4.990607500076293945e-01 6.932093658220342958e-01
4.991948604583740234e-01 6.942058153027902412e-01 5.009392499923706055e-01 6.931612183818287587e-01
5.009393692016601562e-01 6.947335576537598811e-01 4.990607500076293945e-01 6.936112350547669614e-01
4.974503517150878906e-01 6.949671275672427706e-01 5.009392499923706055e-01 6.931595792478769669e-01
5.071122050285339355e-01 6.951379991853188223e-01 4.990607500076293945e-01 6.948653305529851609e-01
5.010735392570495605e-01 6.960614394109264635e-01 5.009392499923706055e-01 6.966037942208170852e-01
4.954822063446044922e-01 6.958789554877664596e-01 4.990607500076293945e-01 6.935781894857812047e-01
4.976292848587036133e-01 6.944311977627239951e-01 4.990607500076293945e-01 6.967432321772598636e-01
4.927088916301727295e-01 6.949939547870811474e-01 4.990607500076293945e-01 6.933077096665385408e-01
4.973161518573760986e-01 6.955438850497193126e-01 4.990607500076293945e-01 6.954411421133664950e-01
5.019234418869018555e-01 6.951979182555266812e-01 5.009392499923706055e-01 6.933199094223144732e-01
5.012971758842468262e-01 6.976648563028213790e-01 5.009392499923706055e-01 6.934396748477097416e-01
4.960637092590332031e-01 7.009735579012033035e-01 5.009392499923706055e-01 7.214518008414252392e-01
5.040705204010009766e-01 6.964714851548322594e-01 4.990607500076293945e-01 6.936673622518509941e-01
4.973608851432800293e-01 6.966818593806370918e-01 4.990607500076293945e-01 6.973165037661349652e-01
4.972714185714721680e-01 6.959261644353677001e-01 5.009392499923706055e-01 6.932971790771945697e-01
5.047414302825927734e-01 3.980020853269716774e+00 5.009392499923706055e-01 9.534608618846345252e-01
4.971819519996643066e-01 8.095125595664568463e-01 4.990607500076293945e-01 7.293291595777871006e-01
