4.983896911144256592e-01 1.323796263746124025e+00 4.990607500076293945e-01 6.972673816139477454e-01
4.964662790298461914e-01 7.312632314334254202e-01 4.990607500076293945e-01 6.947642537279035135e-01
4.981660544872283936e-01 7.018266299859123869e-01 4.996869266033172607e-01 6.931551250354454075e-01
5.025496482849121094e-01 6.950255490347575504e-01 5.009392499923706055e-01 6.931698504680632311e-01
4.995974302291870117e-01 6.961706538152601098e-01 4.990607500076293945e-01 7.432623121042237768e-01
4.948112368583679199e-01 6.964657837556670339e-01 4.990607500076293945e-01 6.943627698912647750e-01
4.994184970855712891e-01 6.973575670788679792e-01 4.990607500076293945e-01 6.931718550801302392e-01
4.992395639419555664e-01 6.952772313589955511e-01 4.990607500076293945e-01 7.127034718521052525e-01
5.053676962852478027e-01 6.972599729141069069e-01 5.009392499923706055e-01 6.932751957495858486e-01
4.957953095436096191e-01 6.952036957575268294e-01 4.990607500076293945e-01 6.934742537900366877e-01
5.016550421714782715e-01 6.959483374165473801e-01 5.009392499923706055e-01 6.933449379115382838e-01
4.976739883422851562e-01 6.968264136124134867e-01 4.990607500076293945e-01 6.931483987302825556e-01
4.991501271724700928e-01 6.962786715409051697e-01 5.009392499923706055e-01 6.931754065390992592e-01
5.011630058288574219e-01 6.965936993545870370e-01 4.990607500076293945e-01 6.935252818477051218e-01
4.954374730587005615e-01 6.974251130907410667e-01 4.990607500076293945e-01 6.931831310821012782e-01
4.885042011737823486e-01 6.940664248765954225e-01 5.009392499923706055e-01 6.934830091164321253e-01
4.987922608852386475e-01 6.943914353111644289e-01 4.990607500076293945e-01 6.934280812280010364e-01
4.995974302291870117e-01 6.960769082079805159e-01 4.990607500076293945e-01 6.933108741494117266e-01
4.986133575439453125e-01 6.946754905400708280e-01 5.009392499923706055e-01 6.931455854184193077e-01
4.980765879154205322e-01 6.938574511519824961e-01 5.009392499923706055e-01 6.936652894881990550e-01
5.013419389724731445e-01 6.935037286619868402e-01 4.990607500076293945e-01 6.934973354678989343e-01
4.963768124580383301e-01 6.962696239845466151e-01 5.009392499923706055e-01 6.932012142181595005e-01
4.981660544872283936e-01 6.941396830802442075e-01 5.009392499923706055e-01 6.931533911262517389e-01
5.045625567436218262e-01 6.938620878686460047e-01 5.009392499923706055e-01 6.935228431331815768e-01
4.908302128314971924e-01 6.944448504577619419e-01 4.990607500076293945e-01 6.932232266700584233e-01
5.003578662872314453e-01 6.939335959097165940e-01 5.009392499923706055e-01 6.931457007088061006e-01
4.978081881999969482e-01 6.937432109104496591e-01 5.009392499923706055e-01 6.931454742086677889e-01
5.004920363426208496e-01 6.937979173523770582e-01 4.990607500076293945e-01 6.931502161307664389e-01
5.033547878265380859e-01 6.936285349332618200e-01 4.990607500076293945e-01 6.931526605681321840e-01
4.963768124580383301e-01 6.934795223081831050e-01 5.009392499923706055e-01 6.931946937735805614e-01
4.964662790298461914e-01 6.937144358270304068e-01 4.990607500076293945e-01 6.932755299884475475e-01
5.031758546829223633e-01 6.940344956100765739e-01 5.009392499923706055e-01 6.933983044717885180e-01
4.966451823711395264e-01 6.941753446703883279e-01 5.009392499923706055e-01 6.937341947218143012e-01
4.981213212013244629e-01 6.937700527301733366e-01 4.990607500076293945e-01 6.932058474933446846e-01
5.017892122268676758e-01 6.934020813920456217e-01 4.990607500076293945e-01 6.933197399391010096e-01
4.976739883422851562e-01 6.933865616926888631e-01 5.009392499923706055e-01 6.931476926310926601e-01
4.987027943134307861e-01 6.938933221635632531e-01 5.009392499923706055e-01 6.931454158730010473e-01
4.995526969432830811e-01 6.955808721900007541e-01 5.009392499923706055e-01 6.932075565206160528e-01
4.918590188026428223e-01 6.940258800780800819e-01 4.990607500076293945e-01 6.935429289778397566e-01
4.997763335704803467e-01 6.981208457313724525e-01 5.009392499923706055e-01 6.933058069832661596e-01
5.001341700553894043e-01 6.949629891876415444e-01 5.009392499923706055e-01 6.931497718391625984e-01
4.984344244003295898e-01 6.937745514038019534e-01 5.009392499923706055e-01 6.932201031303883987e-01
5.028180480003356934e-01 6.966632389919897861e-01 5.009392499923706055e-01 6.933306651059681913e-01
4.984791576862335205e-01 6.941973312657427897e-01 5.009392499923706055e-01 6.931460114218103152e-01
4.948112368583679199e-01 6.937683039753269609e-01 5.009392499923706055e-01 6.931579162894846435e-01
5.005815029144287109e-01 6.953519854589957916e-01 5.009392499923706055e-01 6.934904993961360509e-01
5.013866424560546875e-01 6.948548980039909173e-01 4.990607500076293945e-01 6.932395411617595649e-01
4.984344244003295898e-01 6.934178589089523559e-01 4.990607500076293945e-01 6.932854539814087280e-01
4.930667281150817871e-01 6.934836315306722732e-01 5.009392499923706055e-01 6.932294546400821211e-01
5.040705204010009766e-01 6.934315786845441920e-01 4.990607500076293945e-01 6.931529230350891302e-01
4.985238909721374512e-01 6.935419473009899471e-01 4.990607500076293945e-01 6.939737371675805955e-01
5.016102790832519531e-01 6.933861998522893311e-01 5.009392499923706055e-01 6.936354900023504744e-01
4.948112368583679199e-01 6.933999779954282960e-01 4.990607500076293945e-01 6.947880044433324409e-01
4.961084127426147461e-01 6.937278597443191641e-01 4.990607500076293945e-01 6.935259287030381969e-01
5.042046904563903809e-01 6.955383033184229236e-01 4.990607500076293945e-01 6.934271689945261663e-01
5.006262063980102539e-01 6.933127861902568245e-01 5.009392499923706055e-01 6.931958369734988468e-01
4.993737637996673584e-01 6.933625100614090320e-01 5.009392499923706055e-01 6.931482264851757114e-01
5.002236366271972656e-01 6.934566102251423780e-01 5.009392499923706055e-01 6.931616286474039379e-01
4.933798611164093018e-01 6.934776532775837055e-01 4.990607500076293945e-01 6.933268857783551065e-01
4.987027943134307861e-01 6.934379021305371316e-01 4.990607500076293945e-01 6.936585178979377542e-01
5.006262063980102539e-01 6.934145148953505533e-01 5.009392499923706055e-01 6.931576809562638442e-01
4.994184970855712891e-01 6.935551542462805585e-01 5.009392499923706055e-01 6.932369808990456184e-01
5.007604360580444336e-01 6.940637489490505407e-01 5.009392499923706055e-01 6.931784779138192576e-01
5.023707151412963867e-01 6.938775113410015072e-01 4.990607500076293945e-01 6.931909479245939032e-01
4.922615885734558105e-01 6.937212235365768365e-01 5.009392499923706055e-01 6.932283088524439085e-01
5.040257573127746582e-01 6.959571459357779544e-01 5.009392499923706055e-01 6.948025457746075384e-01
5.021917819976806641e-01 6.938998405057600349e-01 5.009392499923706055e-01 6.931467854486480507e-01
4.965557456016540527e-01 6.949163174283676803e-01 4.990607500076293945e-01 6.932892771385278374e-01
5.067543387413024902e-01 6.933800668873414397e-01 5.009392499923706055e-01 6.932947640253790400e-01
5.012524724006652832e-01 6.934518226252235351e-01 5.009392499923706055e-01 6.932608656533897351e-01
5.026391148567199707e-01 6.933747003043907453e-01 5.009392499923706055e-01 6.931467233184881449e-01
5.026838183403015137e-01 6.933631287275475730e-01 5.009392499923706055e-01 6.933168425263405155e-01
5.012077093124389648e-01 6.933943185296078671e-01 4.990607500076293945e-01 6.933606811018633298e-01
5.002236366271972656e-01 6.950851166092617550e-01 5.009392499923706055e-01 6.932352921629817422e-01
4.985686242580413818e-01 6.936102841595328528e-01 5.009392499923706055e-01 6.932571860898438798e-01
4.929325580596923828e-01 6.942638777560338204e-01 4.990607500076293945e-01 6.931758230873598103e-01
4.972266852855682373e-01 6.935340397941083257e-01 4.990607500076293945e-01 6.934250893136997274e-01
5.050098299980163574e-01 6.960724681578502882e-01 5.009392499923706055e-01 6.932512826422912999e-01
5.004473328590393066e-01 6.934691333220456277e-01 4.990607500076293945e-01 6.935799141388998557e-01
4.987475275993347168e-01 6.935434456608721154e-01 5.009392499923706055e-01 6.931478464760180147e-01
4.984791576862335205e-01 6.934412523829504016e-01 4.990607500076293945e-01 6.931976423560142209e-01
4.989264607429504395e-01 6.936457273486177355e-01 5.009392499923706055e-01 6.932886156899474850e-01
5.038021206855773926e-01 6.933238025235455293e-01 5.009392499923706055e-01 6.931456267970560470e-01
5.015655755996704102e-01 6.934197807828179627e-01 5.009392499923706055e-01 6.935748128969617676e-01
4.995079636573791504e-01 6.934418923890234288e-01 4.990607500076293945e-01 6.937739539186233984e-01
5.001341700553894043e-01 6.934136959473675699e-01 4.990607500076293945e-01 6.931479893231337064e-01
4.965110123157501221e-01 6.942802398549058340e-01 5.009392499923706055e-01 6.931454388514561860e-01
4.919037520885467529e-01 6.937074285966379206e-01 4.990607500076293945e-01 6.931913737413704091e-01
4.991501271724700928e-01 6.942711932903582461e-01 5.009392499923706055e-01 6.933356984078175023e-01
5.029969811439514160e-01 6.933186992184380282e-01 5.009392499923706055e-01 6.931472488868910542e-01
5.058597326278686523e-01 6.937163119282827584e-01 5.009392499923706055e-01 6.933260267921937947e-01
4.966451823711395264e-01 6.935996123579410977e-01 5.009392499923706055e-01 6.935531264231264981e-01
5.029969811439514160e-01 6.933682135935012036e-01 4.990607500076293945e-01 6.938371274894773455e-01
4.978081881999969482e-01 6.934580787453760164e-01 5.009392499923706055e-01 6.934655884864359132e-01
5.029522180557250977e-01 6.933841711081168979e-01 4.990607500076293945e-01 6.943619471829461931e-01
4.983449578285217285e-01 6.934673774325584850e-01 5.009392499923706055e-01 6.931532492619719710e-01
5.017445087432861328e-01 6.934439820069323579e-01 5.009392499923706055e-01 6.932112175346888394e-01
4.979423880577087402e-01 6.934844156906160295e-01 4.990607500076293945e-01 6.939220430706170006e-01
4.985238909721374512e-01 6.935245674440101427e-01 5.009392499923706055e-01 6.932904798062403673e-01
4.965110123157501221e-01 6.933976114702727900e-01 4.990607500076293945e-01 6.934382592156246305e-01
