5.220969915390014648e-01 7.134532244330464845e-01 5.889167189598083496e-01 6.771412636984417421e-01
5.512614250183105469e-01 6.910740171760283435e-01 5.816113352775573730e-01 6.721677736110365231e-01
5.683932900428771973e-01 6.814962902784048593e-01 5.882905721664428711e-01 6.672074230571699571e-01
5.771157741546630859e-01 6.745926226096153888e-01 5.891254544258117676e-01 6.641939977369386572e-01
5.799338221549987793e-01 6.718255723497482679e-01 6.006053090095520020e-01 6.631791155339780142e-01
5.940687060356140137e-01 6.659863956991132206e-01 6.056147217750549316e-01 6.611324510029924495e-01
5.931293368339538574e-01 6.659778427791885891e-01 6.018576622009277344e-01 6.615582657144005729e-01
5.946054458618164062e-01 6.633425338853982112e-01 6.015445590019226074e-01 6.577022075404257428e-01
5.975577235221862793e-01 6.624752340152110230e-01 6.046754121780395508e-01 6.574704746467487926e-01
6.012703776359558105e-01 6.592255888673738129e-01 6.102066636085510254e-01 6.559904646435552600e-01
6.073537468910217285e-01 6.587490995042459829e-01 6.139636635780334473e-01 6.550755388949216496e-01
5.995258688926696777e-01 6.579736707077872282e-01 6.146942377090454102e-01 6.550638693604681206e-01
6.073537468910217285e-01 6.558228952979802129e-01 6.111459136009216309e-01 6.545121631451127353e-01
6.058328747749328613e-01 6.559216686727579182e-01 6.153203845024108887e-01 6.532521416065564246e-01
6.090087890625000000e-01 6.546512458998010597e-01 6.075975894927978516e-01 6.523413416663034203e-01
6.091876626014709473e-01 6.548321699494644710e-01 6.112502813339233398e-01 6.519675457609444003e-01
6.126766800880432129e-01 6.543435162157593687e-01 6.113546490669250488e-01 6.516725550337838513e-01
6.096349954605102539e-01 6.521288585441017416e-01 6.178250908851623535e-01 6.496075963929212049e-01
6.138396859169006348e-01 6.508065468511208262e-01 6.171989440917968750e-01 6.490717894521891296e-01
6.129003167152404785e-01 6.514842143999823865e-01 6.156334877014160156e-01 6.488754822450947257e-01
6.169261336326599121e-01 6.490869886292010005e-01 6.223126649856567383e-01 6.488452134613104105e-01
6.151816248893737793e-01 6.494394308404347615e-01 6.176163554191589355e-01 6.469594436258145898e-01
6.167919039726257324e-01 6.487499730150608768e-01 6.154247522354125977e-01 6.491879786611026715e-01
6.155394315719604492e-01 6.480645490345363635e-01 6.174076199531555176e-01 6.469890830213753663e-01
6.184917092323303223e-01 6.467542895201728870e-01 6.200166940689086914e-01 6.452471863574061883e-01
6.159867644309997559e-01 6.468545519766003560e-01 6.179294586181640625e-01 6.441337849670351057e-01
6.197441220283508301e-01 6.464338167598026041e-01 6.193905472755432129e-01 6.433646556754322177e-01
6.170603036880493164e-01 6.444263465610551300e-01 6.187643408775329590e-01 6.427639343499191860e-01
6.222043037414550781e-01 6.426117907463704260e-01 6.190774440765380859e-01 6.441547599423034232e-01
6.195204854011535645e-01 6.425302494273967824e-01 6.190774440765380859e-01 6.410360042572618156e-01
6.208176612854003906e-01 6.417204543353620672e-01 6.239824891090393066e-01 6.405661296207505462e-01
6.241277456283569336e-01 6.429390697300935154e-01 6.204341650009155273e-01 6.395691542654290407e-01
6.177759766578674316e-01 6.427698184220004274e-01 6.249217391014099121e-01 6.376499500684712496e-01
6.269010305404663086e-01 6.391821883086933331e-01 6.218951940536499023e-01 6.373084421273289557e-01
6.199230551719665527e-01 6.403159374925398994e-01 6.240868568420410156e-01 6.369944425570743807e-01
6.240382790565490723e-01 6.392789759071125788e-01 6.253391504287719727e-01 6.364441723396573325e-01
6.226516366004943848e-01 6.386663248786816904e-01 6.214777827262878418e-01 6.343806693907745320e-01
6.265432238578796387e-01 6.388823260111765601e-01 6.273220777511596680e-01 6.343544036604074066e-01
6.284666061401367188e-01 6.364469759514174152e-01 6.293049454689025879e-01 6.331442896719143842e-01
6.268116235733032227e-01 6.365118326089701517e-01 6.293049454689025879e-01 6.327833456526318345e-01
6.300769448280334473e-01 6.342036024170584207e-01 6.272177100181579590e-01 6.322275701979460649e-01
6.273930668830871582e-01 6.350750714236539363e-01 6.320183873176574707e-01 6.320115708901722362e-01
6.315530538558959961e-01 6.324823444656192395e-01 6.302441954612731934e-01 6.307243152541572861e-01
6.320450901985168457e-01 6.320939886589173051e-01 6.305572986602783203e-01 6.283026338494464014e-01
6.313294172286987305e-01 6.312521877816077431e-01 6.327489018440246582e-01 6.296745594820282177e-01
6.320003867149353027e-01 6.313484336485651882e-01 6.373408436775207520e-01 6.267982764374461224e-01
6.332975625991821289e-01 6.316805705548100836e-01 6.328532695770263672e-01 6.275175423692795906e-01
6.311057209968566895e-01 6.306089566802910440e-01 6.356710791587829590e-01 6.248468422511503917e-01
6.360708475112915039e-01 6.299094137468882471e-01 6.376539468765258789e-01 6.247639165644206516e-01
6.356682777404785156e-01 6.282856945467669707e-01 6.376539468765258789e-01 6.243264990145516169e-01
6.365628838539123535e-01 6.281863642647518287e-01 6.357753872871398926e-01 6.259322553356762020e-01
6.359813809394836426e-01 6.271366497595379785e-01 6.390106678009033203e-01 6.247918180447982195e-01
6.376364231109619141e-01 6.262019981871267404e-01 6.399499177932739258e-01 6.224182679443661659e-01
6.395151019096374512e-01 6.239146109791043893e-01 6.395324468612670898e-01 6.209754085918977040e-01
6.395598649978637695e-01 6.251059992088574546e-01 6.391150355339050293e-01 6.207802464011018539e-01
6.413490772247314453e-01 6.247354849951705091e-01 6.420371532440185547e-01 6.219558697532099334e-01
6.419752836227416992e-01 6.237978842459375173e-01 6.416196823120117188e-01 6.205691169831529796e-01
6.412596106529235840e-01 6.238356575831079942e-01 6.388019323348999023e-01 6.180361080234371141e-01
6.413937807083129883e-01 6.215940638910062432e-01 6.450636386871337891e-01 6.175650353099279011e-01
6.431830525398254395e-01 6.217274829534665814e-01 6.461072564125061035e-01 6.167538234595838498e-01
6.430488228797912598e-01 6.191841283602158574e-01 6.428720355033874512e-01 6.170606004796180821e-01
6.393361687660217285e-01 6.213400652827080206e-01 6.460029482841491699e-01 6.155150550015409117e-01
6.454195976257324219e-01 6.193564587723784376e-01 6.417240500450134277e-01 6.169395319008672551e-01
6.421989798545837402e-01 6.194634767951425758e-01 6.450636386871337891e-01 6.143242094492369354e-01
6.481928825378417969e-01 6.180158173127173749e-01 6.509079337120056152e-01 6.146062055924967904e-01
6.432725191116333008e-01 6.178360715559118033e-01 6.478814482688903809e-01 6.134674228125985840e-01
6.458221673965454102e-01 6.156087831385256282e-01 6.494469046592712402e-01 6.127939834347897463e-01
6.502057909965515137e-01 6.146779752605224800e-01 6.533082723617553711e-01 6.116525703495665489e-01
6.506978273391723633e-01 6.142784896914744719e-01 6.510123014450073242e-01 6.101759035934164466e-01
6.498479247093200684e-01 6.147074584010505660e-01 6.490294337272644043e-01 6.112987974868938634e-01
6.524870395660400391e-01 6.102932379846817135e-01 6.537257432937622070e-01 6.102380132630383924e-01
6.472982764244079590e-01 6.133474960142010213e-01 6.481945514678955078e-01 6.092863599061218993e-01
6.514582037925720215e-01 6.134398842587370781e-01 6.543518900871276855e-01 6.082136128397133135e-01
6.513240337371826172e-01 6.138875779023770241e-01 6.513254046440124512e-01 6.070070650527283895e-01
6.482375860214233398e-01 6.108089143569961355e-01 6.525777578353881836e-01 6.063422077111674247e-01
6.499373912811279297e-01 6.132582081923396711e-01 6.536213755607604980e-01 6.064304094228981645e-01
6.540078520774841309e-01 6.094325702483462948e-01 6.545606255531311035e-01 6.076164606517751032e-01
6.540078520774841309e-01 6.095187565490755022e-01 6.568565964698791504e-01 6.047224279510977629e-01
6.535158157348632812e-01 6.096332811524347584e-01 6.560217142105102539e-01 6.050383460917320155e-01
6.546788215637207031e-01 6.084432316969664578e-01 6.567522287368774414e-01 6.047339599134030630e-01
6.602254509925842285e-01 6.054496093478008989e-01 6.615529060363769531e-01 6.033034283093186012e-01
6.577205061912536621e-01 6.057804774291017935e-01 6.533082723617553711e-01 6.031029147137383362e-01
6.557523608207702637e-01 6.067153485436882487e-01 6.560217142105102539e-01 6.029194209003866378e-01
6.503846645355224609e-01 6.070737182976713164e-01 6.583176851272583008e-01 6.029717643284344675e-01
6.589282751083374023e-01 6.036511054084219285e-01 6.615529060363769531e-01 6.004242406486594019e-01
6.565575003623962402e-01 6.043800252199300616e-01 6.588394641876220703e-01 5.985850668530752205e-01
6.612542271614074707e-01 6.023141682990486023e-01 6.544562578201293945e-01 6.018150988363617504e-01
6.557076573371887207e-01 6.040239619705369822e-01 6.598831415176391602e-01 5.998126346267257381e-01
6.545446515083312988e-01 6.042828493754751618e-01 6.577958464622497559e-01 6.006577193824116367e-01
6.586598753929138184e-01 6.029254280938554089e-01 6.619703769683837891e-01 5.993703813623521004e-01
6.591071486473083496e-01 5.991165203706034781e-01 6.619703769683837891e-01 5.979426449809733812e-01
6.591966152191162109e-01 6.021496165329834893e-01 6.577958464622497559e-01 5.992736602421718795e-01
6.573179364204406738e-01 6.014425528030272750e-01 6.625965237617492676e-01 5.966656127918540387e-01
6.626856327056884766e-01 5.995180185802252426e-01 6.609267592430114746e-01 5.978291094415100204e-01
6.578994393348693848e-01 6.021422831353955285e-01 6.620747447013854980e-01 5.994119625503597781e-01
6.610305905342102051e-01 6.003938030100269829e-01 6.612398028373718262e-01 5.968310118119668495e-01
6.594650149345397949e-01 5.970220069997019818e-01 6.686495542526245117e-01 5.951555443442059223e-01
6.652800440788269043e-01 5.978344912647582943e-01 6.605092883110046387e-01 5.960778579461104565e-01
6.603596210479736328e-01 5.973571935223005447e-01 6.683364510536193848e-01 5.946931874445997579e-01
6.648774147033691406e-01 5.964441169009990773e-01 6.617616415023803711e-01 5.934127270242312013e-01
