4.946770370006561279e-01 6.087936583551146441e+01 4.990607500076293945e-01 8.190780227653569057e-01
5.001341700553894043e-01 1.162323793959246565e+00 5.009392499923706055e-01 7.074961172491840422e-01
5.014314055442810059e-01 7.934449248417136946e-01 4.990607500076293945e-01 8.748096545388021061e-01
4.986580908298492432e-01 7.393249918084000560e-01 5.009392499923706055e-01 8.078286779795228467e-01
4.966004788875579834e-01 7.546636363137150250e-01 5.009392499923706055e-01 6.998384579614914669e-01
4.988369941711425781e-01 7.382877736958435300e-01 4.990607500076293945e-01 7.059288540206953844e-01
5.055018663406372070e-01 7.360260946355196010e-01 4.990607500076293945e-01 6.952880321502487027e-01
5.061728358268737793e-01 7.309267382797518531e-01 5.009392499923706055e-01 7.690230677655832681e-01
4.946770370006561279e-01 7.450318863959661808e-01 5.009392499923706055e-01 7.323722276526387631e-01
4.976292848587036133e-01 7.260464842470073510e-01 4.990607500076293945e-01 6.941299756094300166e-01
5.035784840583801270e-01 7.287196103629410837e-01 4.990607500076293945e-01 8.017161843224821505e-01
4.965557456016540527e-01 7.982594527718760435e-01 5.009392499923706055e-01 7.325531625966641425e-01
5.001341700553894043e-01 7.292359413518784139e-01 4.990607500076293945e-01 7.152697550207904875e-01
4.990159273147583008e-01 7.453827331458163785e-01 4.990607500076293945e-01 7.623555585975264615e-01
4.992842972278594971e-01 7.335509966174398322e-01 4.990607500076293945e-01 7.507896480817084495e-01
4.973161518573760986e-01 7.059297877851934411e-01 5.009392499923706055e-01 7.337963271927321340e-01
4.971372485160827637e-01 7.239325763416067927e-01 4.990607500076293945e-01 7.336102220216391689e-01
5.040257573127746582e-01 7.358006255360916015e-01 4.990607500076293945e-01 7.097119053752256601e-01
4.959742426872253418e-01 7.052094789412179932e-01 5.009392499923706055e-01 7.045226679343914444e-01
5.020576119422912598e-01 7.072091003525639019e-01 4.990607500076293945e-01 7.032209909974943551e-01
5.007156729698181152e-01 7.040181045754904110e-01 4.990607500076293945e-01 7.042665621901423867e-01
5.029075145721435547e-01 7.078162381806427650e-01 4.990607500076293945e-01 7.127203976304316013e-01
5.027285814285278320e-01 7.083837797015100080e-01 5.009392499923706055e-01 7.047624548823667734e-01
4.970925152301788330e-01 7.058264922959195387e-01 5.009392499923706055e-01 7.003719223563293905e-01
4.982107579708099365e-01 6.987489210959942909e-01 4.990607500076293945e-01 6.997130910804341131e-01
5.028627514839172363e-01 7.057391787006168649e-01 4.990607500076293945e-01 6.954927329876755548e-01
4.979423880577087402e-01 7.023477908707108641e-01 5.009392499923706055e-01 7.142230047733741927e-01
4.968241155147552490e-01 7.038566151593532716e-01 4.990607500076293945e-01 7.144447421758862715e-01
5.029522180557250977e-01 6.966931507122028355e-01 4.990607500076293945e-01 6.934788135142596621e-01
5.038915872573852539e-01 6.978645965011713859e-01 5.009392499923706055e-01 6.964366772408228101e-01
5.021023154258728027e-01 7.014137295431859265e-01 4.990607500076293945e-01 7.225683486503938768e-01
4.952585399150848389e-01 6.986780926587863316e-01 5.009392499923706055e-01 6.944721803563642659e-01
5.004920363426208496e-01 6.969959672522429983e-01 5.009392499923706055e-01 6.992914881195660959e-01
5.039362907409667969e-01 6.976804877248938830e-01 5.009392499923706055e-01 6.960953888079985941e-01
4.966451823711395264e-01 6.966469429711958927e-01 5.009392499923706055e-01 7.005944073113139492e-01
4.976292848587036133e-01 6.962723312021303901e-01 5.009392499923706055e-01 6.984968865945379024e-01
4.965557456016540527e-01 6.951578573328285326e-01 4.990607500076293945e-01 6.962971436258298397e-01
4.968241155147552490e-01 6.971671818769731299e-01 5.009392499923706055e-01 6.957269052925698638e-01
4.978081881999969482e-01 6.970254665496929958e-01 5.009392499923706055e-01 6.940193646786680937e-01
4.992395639419555664e-01 6.943930720766791076e-01 5.009392499923706055e-01 6.931624702411015582e-01
4.935587644577026367e-01 6.947064058344273318e-01 5.009392499923706055e-01 6.935169733508697032e-01
4.979871213436126709e-01 6.950557011465071655e-01 4.990607500076293945e-01 6.931824833310190614e-01
5.008946061134338379e-01 6.947601217024013120e-01 5.009392499923706055e-01 6.941669951946295436e-01
4.960637092590332031e-01 6.948060919419877246e-01 5.009392499923706055e-01 6.952767589723757302e-01
4.955269396305084229e-01 6.952884333102556935e-01 4.990607500076293945e-01 6.937463768363073546e-01
5.034890174865722656e-01 6.951439597671073001e-01 5.009392499923706055e-01 6.931852319250024763e-01
4.949454367160797119e-01 6.965252363654065304e-01 4.990607500076293945e-01 6.935405770390199454e-01
4.995974302291870117e-01 6.952686706218934587e-01 5.009392499923706055e-01 6.931703985172830151e-01
4.971819519996643066e-01 6.952730184335959018e-01 4.990607500076293945e-01 6.931482332530586321e-01
5.074253082275390625e-01 6.944597900009769065e-01 5.009392499923706055e-01 6.934441331158945898e-01
4.963768124580383301e-01 6.947475156879612257e-01 4.990607500076293945e-01 6.975729282975718926e-01
5.052782297134399414e-01 6.961578693494832049e-01 5.009392499923706055e-01 6.945249262121817591e-01
4.945428371429443359e-01 6.962405846847961044e-01 4.990607500076293945e-01 6.932382893149277026e-01
4.995974302291870117e-01 6.959089287642524768e-01 5.009392499923706055e-01 6.931695580432719606e-01
4.994184970855712891e-01 6.956117277517368525e-01 4.990607500076293945e-01 6.940056963545174762e-01
4.956611096858978271e-01 6.961957781275177615e-01 4.990607500076293945e-01 6.949209247544124723e-01
4.953927397727966309e-01 6.983066943575261254e-01 4.990607500076293945e-01 6.979358007653574392e-01
5.042493939399719238e-01 6.959478418842840464e-01 4.990607500076293945e-01 6.938516779524178668e-01
5.009393692016601562e-01 6.962918036737815175e-01 4.990607500076293945e-01 6.948539935778635934e-01
5.002683997154235840e-01 6.977263497291000816e-01 5.009392499923706055e-01 6.943952353009100742e-01
4.950349032878875732e-01 6.968356783007397803e-01 4.990607500076293945e-01 6.941606356490008789e-01
5.014761090278625488e-01 6.962141029138133597e-01 4.990607500076293945e-01 7.018557255588078192e-01
5.018786787986755371e-01 6.960401274497147739e-01 4.990607500076293945e-01 6.963512433070375707e-01
4.903829097747802734e-01 6.959706727028063256e-01 4.990607500076293945e-01 6.931708359912401862e-01
4.948112368583679199e-01 6.958784603820885595e-01 4.990607500076293945e-01 6.943097859403331018e-01
4.959295094013214111e-01 6.988700488680568146e-01 4.990607500076293945e-01 6.937186614851492683e-01
4.937824308872222900e-01 6.989230054993389452e-01 4.990607500076293945e-01 6.933663723315010019e-01
4.951243400573730469e-01 6.973764519504622728e-01 5.009392499923706055e-01 6.959641240156162478e-01
4.979871213436126709e-01 6.968375754966401603e-01 4.990607500076293945e-01 7.022642477074736433e-01
4.965110123157501221e-01 6.965141348643429930e-01 5.009392499923706055e-01 6.943561387345726921e-01
5.017445087432861328e-01 6.958770331233276041e-01 4.990607500076293945e-01 6.961569097215759561e-01
4.980765879154205322e-01 6.977389037641094083e-01 4.990607500076293945e-01 6.951419044401868641e-01
5.029969811439514160e-01 6.965402952992099106e-01 4.990607500076293945e-01 6.941773094729823956e-01
4.982107579708099365e-01 6.973143749127000968e-01 5.009392499923706055e-01 6.945193688348448857e-01
4.972714185714721680e-01 6.974234393509369800e-01 4.990607500076293945e-01 6.988299566528488604e-01
4.969583153724670410e-01 6.984582326667725383e-01 4.990607500076293945e-01 6.932216944412855630e-01
5.035337209701538086e-01 6.967739438217170900e-01 4.990607500076293945e-01 6.939065152582110096e-01
5.021470785140991211e-01 6.996855903106931063e-01 4.990607500076293945e-01 7.323278405675806013e-01
5.005815029144287109e-01 6.987373856722636223e-01 4.990607500076293945e-01 6.990617192057770879e-01
5.024154782295227051e-01 6.978547649661678287e-01 4.990607500076293945e-01 6.936109338466570629e-01
5.001341700553894043e-01 6.982313531587067690e-01 5.009392499923706055e-01 6.936930666211701402e-01
5.038468241691589355e-01 6.949666692118969813e-01 4.990607500076293945e-01 6.982787940328490928e-01
4.943639338016510010e-01 6.996956981343944726e-01 5.009392499923706055e-01 7.186623795424142980e-01
4.999552667140960693e-01 7.008866140061359440e-01 5.009392499923706055e-01 6.935751283997361183e-01
5.000447034835815430e-01 7.012917145268181551e-01 5.009392499923706055e-01 6.936035509946525401e-01
5.042941570281982422e-01 7.226153873420396723e-01 4.990607500076293945e-01 7.104172536660474657e-01
4.948559701442718506e-01 7.010185458105990808e-01 5.009392499923706055e-01 6.932552421772263385e-01
4.971819519996643066e-01 7.008091200227749562e-01 5.009392499923706055e-01 6.976663261011283312e-01
5.031311511993408203e-01 6.996531103650835970e-01 5.009392499923706055e-01 6.949810715389510563e-01
5.030416846275329590e-01 7.015193357602452773e-01 5.009392499923706055e-01 6.955158746807342807e-01
4.952585399150848389e-01 7.005067676716358882e-01 4.990607500076293945e-01 6.992198463970225042e-01
4.966899156570434570e-01 7.004878597111069416e-01 4.990607500076293945e-01 6.932983708839479675e-01
4.976292848587036133e-01 7.096845334321446597e-01 5.009392499923706055e-01 7.035079847992499191e-01
4.983449578285217285e-01 7.119100108665394888e-01 5.009392499923706055e-01 7.046053013456213820e-01
4.999105334281921387e-01 7.062926127650823727e-01 4.990607500076293945e-01 7.031590255434939651e-01
4.985686242580413818e-01 1.473705801048353914e+00 5.009392499923706055e-01 2.244378947435353933e+00
4.990606606006622314e-01 1.016967921057376989e+00 4.990607500076293945e-01 7.194836848067281965e-01
5.020129084587097168e-01 7.024173405328704156e-01 5.009392499923706055e-01 6.952266436831434637e-01
4.946323037147521973e-01 7.008591353477359176e-01 5.009392499923706055e-01 6.941148045789072851e-01
4.997763335704803467e-01 7.015414881480147580e-01 4.990607500076293945e-01 6.972121558267023733e-01
