5.605654120445251465e-01 6.837389964732315528e-01 5.768106579780578613e-01 6.745658279012672898e-01
5.802021622657775879e-01 6.718483641037127363e-01 5.847422480583190918e-01 6.677412869437107101e-01
5.885220766067504883e-01 6.684804432164750398e-01 5.904821753501892090e-01 6.658379987917919518e-01
5.946949124336242676e-01 6.650056875462309058e-01 5.994573235511779785e-01 6.598626283259662051e-01
6.028806567192077637e-01 6.609450419573221769e-01 6.056147217750549316e-01 6.551846387092217228e-01
5.993916392326354980e-01 6.612602056384534466e-01 5.935086607933044434e-01 6.615735951183584485e-01
6.009572148323059082e-01 6.574576266615180797e-01 6.073888540267944336e-01 6.562661238215308224e-01
6.016281843185424805e-01 6.567976086355957754e-01 6.154247522354125977e-01 6.514676443919884541e-01
6.112452745437622070e-01 6.512477232083627721e-01 6.122938990592956543e-01 6.470701641116801683e-01
6.149579286575317383e-01 6.487219508335402285e-01 6.154247522354125977e-01 6.474448361841678157e-01
6.139291524887084961e-01 6.464726038665075114e-01 6.129200458526611328e-01 6.475527075779659025e-01
6.165235042572021484e-01 6.469415305850543252e-01 6.127113103866577148e-01 6.447842981789958516e-01
6.202361583709716797e-01 6.425411257980163660e-01 6.167814731597900391e-01 6.388826388403061607e-01
6.173287034034729004e-01 6.426820542245414991e-01 6.221039295196533203e-01 6.391113374084451682e-01
6.175075769424438477e-01 6.422381550580193998e-01 6.271133422851562500e-01 6.382839957524679697e-01
6.225174665451049805e-01 6.379101303699170611e-01 6.129200458526611328e-01 6.416735603326150228e-01
6.272141933441162109e-01 6.362311029011884500e-01 6.297224164009094238e-01 6.335644658784780336e-01
6.262301206588745117e-01 6.368757288727697752e-01 6.348361372947692871e-01 6.279977233468104769e-01
6.314635872840881348e-01 6.323550355457879801e-01 6.362972259521484375e-01 6.264471790283464570e-01
6.328949928283691406e-01 6.332647509087729887e-01 6.198079586029052734e-01 6.319067830259131879e-01
6.343263387680053711e-01 6.305506183436058176e-01 6.269046068191528320e-01 6.343616300548847731e-01
6.330738663673400879e-01 6.292769187015888610e-01 6.268002390861511230e-01 6.287977169088022622e-01
6.352657079696655273e-01 6.263512711892680329e-01 6.330620050430297852e-01 6.252867519619120795e-01
6.368759870529174805e-01 6.270150132204002080e-01 6.354623436927795410e-01 6.260149573961296676e-01
6.454195976257324219e-01 6.224530866180640887e-01 6.421415209770202637e-01 6.194505002299073304e-01
6.419752836227416992e-01 6.223762844069141709e-01 6.347317695617675781e-01 6.311116071141504857e-01
6.383073925971984863e-01 6.237233289773913558e-01 6.385931968688964844e-01 6.223594254826334549e-01
6.420647501945495605e-01 6.213787048761821863e-01 6.385931968688964844e-01 6.209154484342169766e-01
6.448827981948852539e-01 6.189241231202353699e-01 6.338968873023986816e-01 6.260519011287892788e-01
6.406781077384948730e-01 6.200789392559702407e-01 6.295136809349060059e-01 6.231275994328312473e-01
6.453301310539245605e-01 6.159632732582809300e-01 6.431851387023925781e-01 6.150038099766673705e-01
6.451064348220825195e-01 6.145316949362489289e-01 6.433938741683959961e-01 6.104917628883046454e-01
6.527106761932373047e-01 6.099740965973394768e-01 6.478814482688903809e-01 6.131950659509044499e-01
6.473429799079895020e-01 6.117392986143694866e-01 6.495512127876281738e-01 6.081529917310907196e-01
6.524422764778137207e-01 6.089135136879882948e-01 6.408891677856445312e-01 6.150292898115199414e-01
6.536500453948974609e-01 6.084894209028378631e-01 6.453767418861389160e-01 6.139006332399650212e-01
6.503846645355224609e-01 6.101201533375411046e-01 6.466290950775146484e-01 6.099193032587577612e-01
6.507425308227539062e-01 6.065620798547615156e-01 6.461072564125061035e-01 6.147162355179329740e-01
6.533816456794738770e-01 6.038943824219477063e-01 6.522646546363830566e-01 6.037999615741905801e-01
6.580336093902587891e-01 6.028834735585743010e-01 6.503861546516418457e-01 6.040954986337181420e-01
6.574521660804748535e-01 6.013472389825065267e-01 6.553955078125000000e-01 6.016198455404075940e-01
6.574521660804748535e-01 5.992113901263892428e-01 6.565434932708740234e-01 6.006204077332085722e-01
6.611647605895996094e-01 5.976520841696284503e-01 6.614485383033752441e-01 6.035533017416484514e-01
6.562443971633911133e-01 6.009823113951834328e-01 6.534126400947570801e-01 6.005040053359851360e-01
6.605833172798156738e-01 5.976337493159173953e-01 6.532039046287536621e-01 5.991295019860208848e-01
6.664877533912658691e-01 5.945880478962863869e-01 6.585264205932617188e-01 6.010778573330198826e-01
6.624172329902648926e-01 5.925812186847583263e-01 6.412022709846496582e-01 6.117923243686267387e-01
6.653247475624084473e-01 5.930643721863075868e-01 6.510123014450073242e-01 5.999145730381294506e-01
6.670692563056945801e-01 5.873254049462055537e-01 6.645793914794921875e-01 5.985018833647488545e-01
6.650116443634033203e-01 5.917706368519382032e-01 6.586307883262634277e-01 6.045809042924034094e-01
6.716765165328979492e-01 5.865464811569079950e-01 6.663535833358764648e-01 5.940044948761609156e-01
6.697530746459960938e-01 5.866416533617411222e-01 6.678146719932556152e-01 5.956330844664767810e-01
6.717212200164794922e-01 5.833983903900414880e-01 6.716760396957397461e-01 5.892543818104170050e-01
6.748523712158203125e-01 5.810568816953192162e-01 6.713629961013793945e-01 5.887783700104571860e-01
6.727500557899475098e-01 5.845560853053427541e-01 6.716760396957397461e-01 5.848247281098211126e-01
6.729289889335632324e-01 5.797869655245168063e-01 6.708411574363708496e-01 5.851560431466275025e-01
6.780729889869689941e-01 5.797183849470711747e-01 6.707367897033691406e-01 5.862495735104161776e-01
6.757917404174804688e-01 5.798301937264862538e-01 6.697975397109985352e-01 5.855156990163536967e-01
6.770889163017272949e-01 5.786126713395267629e-01 6.604049205780029297e-01 5.956005385016081011e-01
6.791912913322448730e-01 5.740772586620478402e-01 6.660404801368713379e-01 5.916298994612927409e-01
6.750760674476623535e-01 5.760669484401265139e-01 6.616572737693786621e-01 5.921892442152858482e-01
6.766416430473327637e-01 5.739714981383854386e-01 6.675015687942504883e-01 5.899100793699361134e-01
6.810252070426940918e-01 5.709338837007778000e-01 6.651012301445007324e-01 5.888661453953318858e-01
6.777598857879638672e-01 5.735906451689917196e-01 6.753287315368652344e-01 5.803610671415032618e-01
6.812041401863098145e-01 5.701028627964523920e-01 6.775203347206115723e-01 5.744630541614340613e-01
6.822776794433593750e-01 5.671318319194068591e-01 6.751199960708618164e-01 5.797116295003961195e-01
6.794596314430236816e-01 5.685918956733726493e-01 6.735545992851257324e-01 5.749607122882476329e-01
6.859008669853210449e-01 5.647280980444782106e-01 6.689626574516296387e-01 5.847591171183035286e-01
6.830828189849853516e-01 5.664715666659169147e-01 6.591525673866271973e-01 5.926948823229153396e-01
6.841563582420349121e-01 5.666381985796949960e-01 6.737633347511291504e-01 5.866550952102813632e-01
6.896135210990905762e-01 5.623825585443275044e-01 6.740763783454895020e-01 5.756989089090573941e-01
6.850062608718872070e-01 5.647948403801255068e-01 6.786683201789855957e-01 5.684416487928074524e-01
6.815172433853149414e-01 5.662154956844246412e-01 6.803381443023681641e-01 5.684053013305330193e-01
6.856324672698974609e-01 5.613184088051564880e-01 6.780421733856201172e-01 5.720042518274541798e-01
6.897029876708984375e-01 5.586629209929661055e-01 6.725109815597534180e-01 5.764550565678001615e-01
6.901503205299377441e-01 5.604909829599398208e-01 6.759549379348754883e-01 5.814573780352226828e-01
6.857666969299316406e-01 5.594026285519773101e-01 6.690670251846313477e-01 5.783056984289134395e-01
6.905081272125244141e-01 5.553211951580002692e-01 6.755374670028686523e-01 5.711311687260672842e-01
6.924315690994262695e-01 5.534186920873976900e-01 6.741807460784912109e-01 5.722718898450325220e-01
6.911343932151794434e-01 5.521573324624957646e-01 6.825297474861145020e-01 5.732994347443737260e-01
6.956968903541564941e-01 5.492631580582627571e-01 6.792945265769958496e-01 5.635405338972502287e-01
6.921631693840026855e-01 5.511696638009867533e-01 6.869129538536071777e-01 5.642648297096687360e-01
6.884952783584594727e-01 5.554025458306270924e-01 6.807555556297302246e-01 5.686887917327522191e-01
6.932367086410522461e-01 5.500126712052206823e-01 6.861824393272399902e-01 5.658379056662214968e-01
6.952048540115356445e-01 5.493984852905328120e-01 6.776247024536132812e-01 5.727195203789487987e-01
6.941760778427124023e-01 5.472788939878709957e-01 6.926528811454772949e-01 5.615707569195964588e-01
6.920737028121948242e-01 5.554604130837247356e-01 6.839908361434936523e-01 5.661975284554321419e-01
6.946681141853332520e-01 5.451935695010704519e-01 6.864954829216003418e-01 5.602734453791095026e-01
6.958758234977722168e-01 5.463213208515586006e-01 6.885827779769897461e-01 5.597140008734899919e-01
6.935051083564758301e-01 5.499877702104190025e-01 6.830515265464782715e-01 5.651253464574780283e-01
6.952496170997619629e-01 5.454931462743154436e-01 6.911917924880981445e-01 5.623747663616363024e-01
6.971282958984375000e-01 5.466344241892039379e-01 6.824253797531127930e-01 5.717984836675309435e-01
6.960099935531616211e-01 5.449778578067683288e-01 6.858693361282348633e-01 5.586970696069083475e-01
6.985596418380737305e-01 5.428310611856327350e-01 6.829472184181213379e-01 5.652020808128145335e-01
7.020934224128723145e-01 5.408344913902596307e-01 6.872260570526123047e-01 5.682495374118229359e-01
6.970835328102111816e-01 5.442627064442460139e-01 6.883740425109863281e-01 5.606068501117159597e-01
7.062533497810363770e-01 5.380227645963435723e-01 6.938008666038513184e-01 5.546717343039762049e-01
7.012435197830200195e-01 5.395314442938652366e-01 6.768941879272460938e-01 5.704027980510040230e-01
7.027643322944641113e-01 5.380050457426123200e-01 6.908787488937377930e-01 5.589715924150534532e-01
7.010645866394042969e-01 5.422989027852939126e-01 6.966186761856079102e-01 5.551762823470324237e-01
