5.628913640975952148e-01 6.787309574620159491e-01 5.851596593856811523e-01 6.717722286538077014e-01
5.832438468933105469e-01 6.683958815662351949e-01 5.959089994430541992e-01 6.613682116329533400e-01
5.963499546051025391e-01 6.627187480822427368e-01 6.021707653999328613e-01 6.578978426245950528e-01
5.954553484916687012e-01 6.602170047616676696e-01 5.968482494354248047e-01 6.587647582687931047e-01
5.995258688926696777e-01 6.550694688485418915e-01 6.046754121780395508e-01 6.559934591828993078e-01
6.062802076339721680e-01 6.517704341018705216e-01 5.935086607933044434e-01 6.586072892790372224e-01
6.114689707756042480e-01 6.502864414025855133e-01 6.075975894927978516e-01 6.484725975562326550e-01
6.129003167152404785e-01 6.453502522233262040e-01 6.101022958755493164e-01 6.461146575900463818e-01
6.134818196296691895e-01 6.466564830331944513e-01 6.307660341262817383e-01 6.392431138104721633e-01
6.195204854011535645e-01 6.413042252147788114e-01 6.174076199531555176e-01 6.422917907557987860e-01
6.222043037414550781e-01 6.405602381083934649e-01 6.223126649856567383e-01 6.448463374576596241e-01
6.222490668296813965e-01 6.408772124419124250e-01 6.287831068038940430e-01 6.435896113430923382e-01
6.242172122001647949e-01 6.369341730986155525e-01 6.192861795425415039e-01 6.378013859385365247e-01
6.260511875152587891e-01 6.365720054974899345e-01 6.221039295196533203e-01 6.379938605209403146e-01
6.289586424827575684e-01 6.322730069809724407e-01 6.273220777511596680e-01 6.284924290718153506e-01
6.359366774559020996e-01 6.269320260222129848e-01 6.414110064506530762e-01 6.259043817603744397e-01
6.309715509414672852e-01 6.291377462178741053e-01 6.324357986450195312e-01 6.261682279844966725e-01
6.345500349998474121e-01 6.267255833780729368e-01 6.337925195693969727e-01 6.334197153828134974e-01
6.342816352844238281e-01 6.277328856218733488e-01 6.252348423004150391e-01 6.384088694738261349e-01
6.381732225418090820e-01 6.236336331052673154e-01 6.303485631942749023e-01 6.276895548301558714e-01
6.407228708267211914e-01 6.206069789262977920e-01 6.410979032516479492e-01 6.181622480604649361e-01
6.409465074539184570e-01 6.198821119853477057e-01 6.466290950775146484e-01 6.175244010905586167e-01
6.433619856834411621e-01 6.152206498494321441e-01 6.478814482688903809e-01 6.131668179275545638e-01
6.447038650512695312e-01 6.140787860088344763e-01 6.570653319358825684e-01 6.145110610282339403e-01
6.428251862525939941e-01 6.176060267948554339e-01 6.460029482841491699e-01 6.143346310308794855e-01
6.494453549385070801e-01 6.125681834029775841e-01 6.506991982460021973e-01 6.107358394547958147e-01
6.518607735633850098e-01 6.087099908289360650e-01 6.443331241607666016e-01 6.135830205284561467e-01
6.542315483093261719e-01 6.071251987621766322e-01 6.530995368957519531e-01 6.068704042671568821e-01
6.547235846519470215e-01 6.033397666306119511e-01 6.388019323348999023e-01 6.158246171795433987e-01
6.544104218482971191e-01 6.020762832929632546e-01 6.471509337425231934e-01 6.166189825626883225e-01
6.538289785385131836e-01 6.065116536320802609e-01 6.594656705856323242e-01 6.000042116808707027e-01
6.586598753929138184e-01 6.010023593092075345e-01 6.472552418708801270e-01 6.164987955131204789e-01
6.578099727630615234e-01 5.979250051783713271e-01 6.536213755607604980e-01 6.039207719034701549e-01
6.617462635040283203e-01 5.960361558799347481e-01 6.638488769531250000e-01 5.982026636936400577e-01
6.602701544761657715e-01 5.971246989986128684e-01 6.528908610343933105e-01 6.046187215049440011e-01
6.619699597358703613e-01 5.949654458012344493e-01 6.594656705856323242e-01 6.022729528296145718e-01
6.615226268768310547e-01 5.949609958116643949e-01 6.469421982765197754e-01 6.116608335737444557e-01
6.681427955627441406e-01 5.900517732710163221e-01 6.551868319511413574e-01 6.144497354501873287e-01
6.629540324211120605e-01 5.893883838127158548e-01 6.614485383033752441e-01 5.998862496101141639e-01
6.673376560211181641e-01 5.854204089531938049e-01 6.653099656105041504e-01 5.907959658625329125e-01
6.687690019607543945e-01 5.856165740672965025e-01 6.701106429100036621e-01 5.875808687803267816e-01
6.656378507614135742e-01 5.857762154515003816e-01 6.600918173789978027e-01 5.852951277797741048e-01
6.724816560745239258e-01 5.794312591671325618e-01 6.710498929023742676e-01 5.869353747372835217e-01
6.693058013916015625e-01 5.798290403568802098e-01 6.692757010459899902e-01 5.835621154922903120e-01
6.732420921325683594e-01 5.752999685407431674e-01 6.569609642028808594e-01 5.886721354365921366e-01
6.717212200164794922e-01 5.787600477749812455e-01 6.691713333129882812e-01 5.888620401767419299e-01
6.747182011604309082e-01 5.768860111319329409e-01 6.701106429100036621e-01 5.867525230143767478e-01
6.764179468154907227e-01 5.766030464685971690e-01 6.715716719627380371e-01 5.815560739713679927e-01
6.745392680168151855e-01 5.716691182132781490e-01 6.757462024688720703e-01 5.806636465314882756e-01
6.781624555587768555e-01 5.691319464101499692e-01 6.645793914794921875e-01 5.899373024322622783e-01
6.741366982460021973e-01 5.732242869315536948e-01 6.772072911262512207e-01 5.781891322713186288e-01
6.851404309272766113e-01 5.652716221355500448e-01 6.762679815292358398e-01 5.780483456649254670e-01
6.778045892715454102e-01 5.702900252096511080e-01 6.751199960708618164e-01 5.737514202740565672e-01
6.858114004135131836e-01 5.619118256525397204e-01 6.723022460937500000e-01 5.780931433390237295e-01
6.836643218994140625e-01 5.612683899608659210e-01 6.713629961013793945e-01 5.797243678875840800e-01
6.845142245292663574e-01 5.651992899421546257e-01 6.778334379196166992e-01 5.742779588107150834e-01
6.850509643554687500e-01 5.614416057403579519e-01 6.703193783760070801e-01 5.783203921992852159e-01
6.850957274436950684e-01 5.625198163421406550e-01 6.654143333435058594e-01 5.876431029342057411e-01
6.834406852722167969e-01 5.617709039020760686e-01 6.680233478546142578e-01 5.821441765170932703e-01
6.838880181312561035e-01 5.608654014644905983e-01 6.687539219856262207e-01 5.803391388651474303e-01
6.787439584732055664e-01 5.650201652830243448e-01 6.781465411186218262e-01 5.751693541982233482e-01
6.893451213836669922e-01 5.557558320144098118e-01 6.802337765693664551e-01 5.677813029543040679e-01
6.901055574417114258e-01 5.554071691685060763e-01 6.804425120353698730e-01 5.731673636159775320e-01
6.916264295578002930e-01 5.551405421180404254e-01 6.734502315521240234e-01 5.876649870078266558e-01
6.892556548118591309e-01 5.556951030718233486e-01 6.773115992546081543e-01 5.705791694514315004e-01
6.914027333259582520e-01 5.511556659983616324e-01 6.815904974937438965e-01 5.683046805039996263e-01
6.925657391548156738e-01 5.497521772263492812e-01 6.860780715942382812e-01 5.641368253821745782e-01
6.940418481826782227e-01 5.516985676800080229e-01 6.834689974784851074e-01 5.618643048062899048e-01
6.928788423538208008e-01 5.489531450438828175e-01 6.896263957023620605e-01 5.654216351625541703e-01
6.952496170997619629e-01 5.465135121680390062e-01 6.798163056373596191e-01 5.713565291977207306e-01
6.920737028121948242e-01 5.475103648985663041e-01 6.869129538536071777e-01 5.652173556755988315e-01
6.983360052108764648e-01 5.440353208459283163e-01 6.786683201789855957e-01 5.685086544036268563e-01
6.985149383544921875e-01 5.455707422489128877e-01 6.881653070449829102e-01 5.657666048633358535e-01
6.979334354400634766e-01 5.407877532756271144e-01 6.840952038764953613e-01 5.647960551793778095e-01
6.971729993820190430e-01 5.455492226739201422e-01 6.863911747932434082e-01 5.578479263235596175e-01
6.998121142387390137e-01 5.406390223568806608e-01 6.919223666191101074e-01 5.568347667458409811e-01
7.024065256118774414e-01 5.375481391767842343e-01 6.879565715789794922e-01 5.535551677713611562e-01
6.990964412689208984e-01 5.433960336545943237e-01 6.893132925033569336e-01 5.557688391798349947e-01
7.026749253273010254e-01 5.364217406032464330e-01 6.932790875434875488e-01 5.558264129372335605e-01
7.029880285263061523e-01 5.373558541981473535e-01 6.844082474708557129e-01 5.620842645820708361e-01
6.982018351554870605e-01 5.411739465609755051e-01 6.834689974784851074e-01 5.637410423298315765e-01
7.052692770957946777e-01 5.338262686214969577e-01 6.886871457099914551e-01 5.558433445876934664e-01
6.995884776115417480e-01 5.403263535497866421e-01 6.920267343521118164e-01 5.571127564766242823e-01
7.108606100082397461e-01 5.309975442124470479e-01 6.916092634201049805e-01 5.551567476742751417e-01
7.020486593246459961e-01 5.346580745069429152e-01 6.958881020545959473e-01 5.531253640523809967e-01
6.973072290420532227e-01 5.418530214683893176e-01 6.865998506546020508e-01 5.582355544254093971e-01
7.018697261810302734e-01 5.356034191355634189e-01 6.907743811607360840e-01 5.579177497249883100e-01
7.067453861236572266e-01 5.319102502963393153e-01 6.928616166114807129e-01 5.523769126956583619e-01
7.044193744659423828e-01 5.304556138017647582e-01 6.739720106124877930e-01 5.768094508689223243e-01
7.003489136695861816e-01 5.371441416353077702e-01 6.896263957023620605e-01 5.562388076211932653e-01
7.043746709823608398e-01 5.371294840010532035e-01 6.915048956871032715e-01 5.578252634582129277e-01
7.115762829780578613e-01 5.280104263627821704e-01 6.918179988861083984e-01 5.621254062806856355e-01
7.067006826400756836e-01 5.269029444841093479e-01 6.976622939109802246e-01 5.514903925102654370e-01
7.102791070938110352e-01 5.252063681772600745e-01 6.955750584602355957e-01 5.606517647059668930e-01
7.064769864082336426e-01 5.331336600577005758e-01 6.955750584602355957e-01 5.540393739098971038e-01
7.096081376075744629e-01 5.252840447498361431e-01 6.943227052688598633e-01 5.543501241126007617e-01
7.060744166374206543e-01 5.304577328967245986e-01 7.025673389434814453e-01 5.503235301825130099e-01
7.090266346931457520e-01 5.240392544376634154e-01 6.929659843444824219e-01 5.516231619622508076e-01
7.104133367538452148e-01 5.274168739998824629e-01 6.904612779617309570e-01 5.526890342157435576e-01
7.086688280105590820e-01 5.264076412705237518e-01 6.987059116363525391e-01 5.439800048292466883e-01
