5.340847969055175781e-01 7.015157242456048214e-01 5.187852382659912109e-01 6.976787371417471073e-01
5.624440908432006836e-01 6.808466635528458433e-01 5.480066537857055664e-01 6.908652850865472095e-01
5.696457624435424805e-01 6.780441339934398792e-01 5.595908761024475098e-01 6.789292997319622547e-01
5.761317014694213867e-01 6.745386142746923053e-01 5.650177597999572754e-01 6.747363913634006893e-01
5.758185982704162598e-01 6.740119743590321510e-01 5.711750984191894531e-01 6.770953074225153356e-01
5.785918831825256348e-01 6.713135972989652256e-01 5.740972757339477539e-01 6.727499131045643344e-01
5.756843686103820801e-01 6.706405681197855628e-01 5.757670402526855469e-01 6.719026314119933563e-01
5.884773731231689453e-01 6.682726405114388646e-01 5.787935853004455566e-01 6.736112005077108389e-01
5.817677378654479980e-01 6.696283499058552913e-01 5.829680562019348145e-01 6.718404847305120553e-01
5.861961245536804199e-01 6.683677937438863292e-01 5.890210866928100586e-01 6.678425916498773596e-01
5.847647190093994141e-01 6.677661153770640956e-01 5.745146870613098145e-01 6.713202542587850541e-01
5.844516158103942871e-01 6.675090262002137953e-01 5.784804821014404297e-01 6.706397125975270823e-01
5.861961245536804199e-01 6.668866411968599195e-01 5.769150257110595703e-01 6.746666363623763374e-01
5.841385126113891602e-01 6.666590402369039214e-01 5.817157030105590820e-01 6.710588695907910850e-01
5.861066579818725586e-01 6.663439604331266031e-01 5.881862044334411621e-01 6.664184721669232925e-01
5.903113484382629395e-01 6.644741166766288121e-01 5.771237611770629883e-01 6.738810601574820591e-01
5.865986943244934082e-01 6.648339794581766826e-01 5.854727625846862793e-01 6.729851536152632319e-01
5.906244516372680664e-01 6.642931797440864150e-01 5.823419094085693359e-01 6.661730244447831017e-01
5.900429487228393555e-01 6.629924461056239116e-01 5.973700881004333496e-01 6.638117637994567222e-01
5.903113484382629395e-01 6.635532379363683342e-01 5.948653817176818848e-01 6.657224286326633989e-01
5.893272757530212402e-01 6.634194386476778282e-01 5.840116739273071289e-01 6.691859480459340093e-01
5.923689603805541992e-01 6.626121903024647652e-01 5.838029384613037109e-01 6.672984332412300601e-01
5.899534821510314941e-01 6.620976783269888477e-01 5.914214253425598145e-01 6.623695595631193811e-01
5.900429487228393555e-01 6.627763256251992807e-01 5.880818367004394531e-01 6.661849317260037928e-01
5.930846333503723145e-01 6.607777150186192605e-01 5.595908761024475098e-01 6.763911788684046078e-01
5.952317118644714355e-01 6.599823560350417395e-01 5.854727625846862793e-01 6.673537105838184269e-01
5.950080752372741699e-01 6.609222221233738148e-01 5.872468948364257812e-01 6.644770110034166066e-01
5.916085243225097656e-01 6.608473253732163322e-01 5.803589820861816406e-01 6.709220081947213643e-01
5.934872031211853027e-01 6.594381816891826675e-01 6.011270880699157715e-01 6.575308659086145369e-01
5.926373004913330078e-01 6.597815773785273841e-01 6.000834703445434570e-01 6.591360571986074612e-01
5.972445607185363770e-01 6.582167091107705703e-01 5.836986303329467773e-01 6.812032559947612809e-01
5.999284386634826660e-01 6.588460764106003342e-01 5.892298221588134766e-01 6.607475015644836969e-01
5.954553484916687012e-01 6.575990708511190164e-01 5.889167189598083496e-01 6.665972840609318828e-01
5.990785360336303711e-01 6.580120618472609095e-01 5.978918671607971191e-01 6.586689549058744042e-01
5.962604880332946777e-01 6.566517886076316257e-01 5.803589820861816406e-01 6.693157125952546860e-01
5.968419909477233887e-01 6.564222031937321233e-01 5.958046317100524902e-01 6.597242327727745881e-01
5.990338325500488281e-01 6.560955221440971652e-01 5.937173962593078613e-01 6.574302628104509161e-01
6.005994081497192383e-01 6.549852602190484596e-01 6.019620299339294434e-01 6.545767033431058035e-01
5.986312627792358398e-01 6.554866313379764664e-01 6.029012799263000488e-01 6.531170888152109111e-01
5.998836755752563477e-01 6.542757441776130278e-01 5.982049703598022461e-01 6.591502219917529937e-01
5.997048020362854004e-01 6.553496422996288873e-01 5.816113352775573730e-01 6.664208329637073547e-01
6.028806567192077637e-01 6.545919092039790277e-01 6.051972508430480957e-01 6.540863367267601980e-01
6.030595898628234863e-01 6.535221308411116592e-01 5.895428657531738281e-01 6.603865268657909127e-01
5.997495055198669434e-01 6.534270428442362499e-01 5.988311171531677246e-01 6.537407087747251211e-01
6.054750680923461914e-01 6.517719193549164070e-01 6.017532944679260254e-01 6.563099551937371379e-01
6.037752628326416016e-01 6.520362494136464626e-01 5.989354848861694336e-01 6.572913805668599840e-01
6.029253602027893066e-01 6.517619790939594981e-01 5.871425867080688477e-01 6.589935932271889785e-01
6.055644750595092773e-01 6.511213320870159471e-01 6.013358235359191895e-01 6.583590568592443404e-01
6.026122570037841797e-01 6.512136214490567010e-01 5.982049703598022461e-01 6.581990707893506931e-01
6.054750680923461914e-01 6.499904720914195799e-01 6.049885153770446777e-01 6.532112188812985165e-01
6.083378195762634277e-01 6.492434455107481961e-01 5.945522785186767578e-01 6.571226060278503311e-01
6.070853471755981445e-01 6.490768674107181280e-01 6.095804572105407715e-01 6.507764978066438166e-01
6.055644750595092773e-01 6.491863161170817742e-01 5.995616912841796875e-01 6.539046779178523394e-01
6.087403893470764160e-01 6.479457248449539408e-01 6.074932217597961426e-01 6.493400446409672844e-01
6.067722439765930176e-01 6.491915539885531050e-01 6.091629862785339355e-01 6.506686845992208923e-01
6.092324256896972656e-01 6.476434120276166606e-01 6.051972508430480957e-01 6.509053912149842525e-01
6.107532382011413574e-01 6.474709410022422285e-01 6.032143831253051758e-01 6.460121870662941523e-01
6.123188138008117676e-01 6.465821772744476670e-01 6.071801185607910156e-01 6.491465210864848512e-01
6.154947280883789062e-01 6.457344021219583174e-01 6.127113103866577148e-01 6.447375948233535770e-01
6.106190681457519531e-01 6.450910425437842433e-01 6.092673540115356445e-01 6.516037239234150347e-01
6.098586320877075195e-01 6.462281599926125164e-01 5.825506448745727539e-01 6.700704371822175931e-01
6.111558675765991211e-01 6.457194574810477539e-01 5.930911898612976074e-01 6.649238849278408248e-01
6.136607527732849121e-01 6.445363287977763367e-01 5.911083221435546875e-01 6.604251689389363245e-01
6.097691655158996582e-01 6.456389116524242633e-01 6.073888540267944336e-01 6.536488121846254495e-01
6.150473952293395996e-01 6.440898210615436659e-01 6.138592958450317383e-01 6.418716744400220220e-01
6.136607527732849121e-01 6.434682670572102747e-01 5.948653817176818848e-01 6.708652185288980219e-01
6.145553588867187500e-01 6.438095627519563324e-01 6.009184122085571289e-01 6.651119754399519302e-01
6.103059649467468262e-01 6.444778924850897983e-01 6.082237362861633301e-01 6.501994826952417483e-01
6.138396859169006348e-01 6.429812839812297787e-01 5.968482494354248047e-01 6.597223777383833809e-01
6.161209344863891602e-01 6.417860649292830288e-01 6.057190299034118652e-01 6.467320709157851066e-01
6.131687164306640625e-01 6.414798159231587249e-01 5.993529558181762695e-01 6.561050787645847926e-01
6.137949824333190918e-01 6.419905904773139937e-01 5.737841725349426270e-01 6.652636337917250398e-01
6.107532382011413574e-01 6.422816287385562095e-01 5.905865430831909180e-01 6.551845732697662017e-01
6.149579286575317383e-01 6.405789953882951027e-01 6.126069426536560059e-01 6.402983325828069949e-01
6.187153458595275879e-01 6.399317184337500741e-01 6.107284426689147949e-01 6.451432855585575998e-01
6.172839403152465820e-01 6.405215114914980523e-01 5.994573235511779785e-01 6.453242921500782492e-01
6.179549098014831543e-01 6.396735727435084451e-01 6.030056476593017578e-01 6.431312900051346926e-01
6.159420013427734375e-01 6.400907278743449558e-01 6.077019572257995605e-01 6.466417994759968702e-01
6.191179156303405762e-01 6.390643350594712446e-01 6.058233976364135742e-01 6.548501953429753941e-01
6.165682673454284668e-01 6.386854062248458197e-01 6.033187508583068848e-01 6.539154790358960856e-01
6.126319766044616699e-01 6.390586114245421223e-01 6.038405299186706543e-01 6.513507571580687827e-01
6.142870187759399414e-01 6.404058854979636228e-01 6.078063249588012695e-01 6.481486794048350042e-01
6.169708371162414551e-01 6.380329231794414913e-01 5.953871607780456543e-01 6.589528620305277196e-01
6.186258792877197266e-01 6.384852520466960391e-01 6.146942377090454102e-01 6.460550831021607543e-01
6.190731525421142578e-01 6.374170503221314732e-01 6.000834703445434570e-01 6.455159660446646575e-01
6.211755275726318359e-01 6.369406532294252798e-01 6.159465909004211426e-01 6.436969760414256170e-01
6.215780973434448242e-01 6.372680128697825186e-01 5.948653817176818848e-01 6.582736297679877557e-01
6.202809214591979980e-01 6.358852866169889539e-01 6.040492653846740723e-01 6.463763069021654095e-01
6.215780973434448242e-01 6.364923524481171935e-01 6.186599731445312500e-01 6.415037879538769694e-01
6.197441220283508301e-01 6.348490487763484014e-01 6.035274267196655273e-01 6.515829944829556464e-01
6.206387281417846680e-01 6.362825455275689102e-01 6.029012799263000488e-01 6.502414930093216583e-01
6.226069331169128418e-01 6.356440381236783121e-01 6.060321331024169922e-01 6.426716001490117014e-01
6.190284490585327148e-01 6.354301609598815848e-01 6.093717217445373535e-01 6.487220811759273342e-01
6.250671148300170898e-01 6.350702207530839472e-01 6.113546490669250488e-01 6.439824254595892805e-01
6.187153458595275879e-01 6.347689876447190072e-01 6.242955327033996582e-01 6.412438385622457604e-01
6.222043037414550781e-01 6.335425162212988681e-01 6.021707653999328613e-01 6.441998537859222607e-01
6.217570304870605469e-01 6.343083911258603491e-01 6.113546490669250488e-01 6.469476773504473366e-01
6.217570304870605469e-01 6.340363074615957828e-01 6.193905472755432129e-01 6.375676485198794596e-01
6.222937703132629395e-01 6.332577759175719301e-01 6.155291199684143066e-01 6.421746269095494064e-01
6.189837455749511719e-01 6.330564098636287662e-01 6.089543104171752930e-01 6.473398151638561915e-01
