5.339058637619018555e-01 7.015559401787719862e-01 5.838029384613037109e-01 6.768363813372599846e-01
5.569869279861450195e-01 6.874704999027023700e-01 5.847422480583190918e-01 6.722925147615128605e-01
5.686169266700744629e-01 6.787130196100058521e-01 5.842204093933105469e-01 6.700091354534934984e-01
5.749239325523376465e-01 6.744567781425498953e-01 5.858902335166931152e-01 6.680944995152579002e-01
5.795759558677673340e-01 6.716435070988273637e-01 5.874556303024291992e-01 6.660819775598876280e-01
5.833780765533447266e-01 6.694082469521278611e-01 5.870382189750671387e-01 6.645578846406946516e-01
5.879405736923217773e-01 6.674514468655984301e-01 5.856814980506896973e-01 6.630711244830157503e-01
5.870907306671142578e-01 6.662205907308387243e-01 5.965351462364196777e-01 6.628966114635981288e-01
5.956342816352844238e-01 6.631064819594277848e-01 6.040492653846740723e-01 6.599855769952038820e-01
5.916979908943176270e-01 6.647061444092445814e-01 6.047797799110412598e-01 6.586123231656116905e-01
5.975129604339599609e-01 6.610925427957433653e-01 6.112502813339233398e-01 6.569708283548190142e-01
6.005099415779113770e-01 6.588096320895735492e-01 6.092673540115356445e-01 6.569583120512280106e-01
5.997048020362854004e-01 6.592387483976974716e-01 6.104153394699096680e-01 6.547628901020218217e-01
5.998836755752563477e-01 6.580518176867466984e-01 6.057190299034118652e-01 6.549877478593179037e-01
6.019860506057739258e-01 6.554442910201905281e-01 6.115633249282836914e-01 6.530127775766136899e-01
5.996600389480590820e-01 6.563670998460855444e-01 6.057190299034118652e-01 6.552716469346693273e-01
6.047593355178833008e-01 6.560336616197539605e-01 6.140680313110351562e-01 6.523703282099878598e-01
6.090982556343078613e-01 6.529298256966056258e-01 6.082237362861633301e-01 6.514920214973692891e-01
6.022544503211975098e-01 6.553324511640292727e-01 6.149029135704040527e-01 6.508458575583330186e-01
6.112005710601806641e-01 6.523867287561577744e-01 6.135462522506713867e-01 6.495771220968998838e-01
6.093218922615051270e-01 6.531471155329240386e-01 6.136506199836730957e-01 6.501607885317920443e-01
6.067722439765930176e-01 6.534604826069918548e-01 6.143811345100402832e-01 6.484258641432282255e-01
6.141527891159057617e-01 6.508950777611807181e-01 6.180338263511657715e-01 6.486245916771057329e-01
6.094560623168945312e-01 6.504796964684119720e-01 6.102066636085510254e-01 6.500978254744415041e-01
6.138396859169006348e-01 6.511870643857511354e-01 6.130244135856628418e-01 6.475155829786134465e-01
6.138396859169006348e-01 6.493463144252884511e-01 6.176163554191589355e-01 6.457051534016727823e-01
6.156736612319946289e-01 6.489389566493004580e-01 6.133375167846679688e-01 6.479880578630877741e-01
6.150921583175659180e-01 6.475579986782998843e-01 6.170945763587951660e-01 6.451737470777118011e-01
6.148684620857238770e-01 6.494793478758780214e-01 6.133375167846679688e-01 6.446921677983545873e-01
6.175075769424438477e-01 6.465230431960251600e-01 6.192861795425415039e-01 6.432972531730709598e-01
6.165682673454284668e-01 6.469210706855171855e-01 6.171989440917968750e-01 6.451065455093136780e-01
6.189837455749511719e-01 6.457292486397433473e-01 6.208515763282775879e-01 6.421150635687649100e-01
6.171497702598571777e-01 6.448189134375100773e-01 6.190774440765380859e-01 6.424691995208882123e-01
6.195204854011535645e-01 6.441500718445571927e-01 6.202254295349121094e-01 6.416450543334951684e-01
6.189389824867248535e-01 6.449633690427424293e-01 6.202254295349121094e-01 6.406198921892345410e-01
6.170603036880493164e-01 6.442509445100675913e-01 6.242955327033996582e-01 6.412344047431531857e-01
6.238146424293518066e-01 6.432000041583886274e-01 6.199123263359069824e-01 6.409155200553373621e-01
6.195651888847351074e-01 6.443197406731088206e-01 6.243999004364013672e-01 6.386334150252026554e-01
6.225621700286865234e-01 6.426556839416526223e-01 6.225214004516601562e-01 6.390836346350987629e-01
6.208176612854003906e-01 6.419408218360241891e-01 6.217908859252929688e-01 6.392685272976790234e-01
6.196994185447692871e-01 6.420202538288435345e-01 6.238781213760375977e-01 6.379392398620442606e-01
6.220701336860656738e-01 6.416482408393536785e-01 6.265915036201477051e-01 6.376519829090789848e-01
6.226069331169128418e-01 6.412113618287614836e-01 6.275308132171630859e-01 6.366820661839003304e-01
6.237251758575439453e-01 6.398334583051944469e-01 6.245042681694030762e-01 6.369372231431307263e-01
6.262748241424560547e-01 6.371640539762265520e-01 6.276351213455200195e-01 6.362426622604134829e-01
6.241725087165832520e-01 6.392895436538611476e-01 6.290962100028991699e-01 6.341288566614237121e-01
6.242172122001647949e-01 6.389468814781087413e-01 6.313921809196472168e-01 6.342288767388259974e-01
6.281982660293579102e-01 6.376068954135889477e-01 6.335837841033935547e-01 6.330257838938335713e-01
6.290928721427917480e-01 6.365611042676063702e-01 6.305572986602783203e-01 6.345812184804169309e-01
6.275272965431213379e-01 6.380685001563718428e-01 6.314965486526489258e-01 6.326354189920315729e-01
6.278851032257080078e-01 6.357513201921394241e-01 6.290962100028991699e-01 6.336126532914916343e-01
6.271694302558898926e-01 6.361939464278331124e-01 6.286787986755371094e-01 6.322304382998020778e-01
6.240382790565490723e-01 6.357890553499168096e-01 6.319140195846557617e-01 6.310302703247715472e-01
6.284219026565551758e-01 6.350493685442852865e-01 6.292005777359008789e-01 6.311055236583312800e-01
6.294059753417968750e-01 6.351930344759575409e-01 6.355667114257812500e-01 6.314919754424241916e-01
6.296743750572204590e-01 6.337682481933138989e-01 6.356710791587829590e-01 6.299380171873752987e-01
6.294954419136047363e-01 6.341034308233207684e-01 6.309747695922851562e-01 6.294585889626385100e-01
6.318661570549011230e-01 6.318740275448349042e-01 6.357753872871398926e-01 6.280884338654398880e-01
6.301664113998413086e-01 6.322902808101515948e-01 6.321227550506591797e-01 6.308063646244669309e-01
6.309715509414672852e-01 6.335880060297449656e-01 6.319140195846557617e-01 6.302575375336590957e-01
6.329396963119506836e-01 6.315022463618503723e-01 6.374452114105224609e-01 6.300742972546543585e-01
6.320450901985168457e-01 6.326579889557532033e-01 6.370277404785156250e-01 6.284677805419854879e-01
6.318214535713195801e-01 6.307044751124980531e-01 6.306616663932800293e-01 6.329196304847989341e-01
6.323134899139404297e-01 6.314326394092718564e-01 6.319140195846557617e-01 6.296133238396895981e-01
6.314635872840881348e-01 6.312255491658386175e-01 6.325401663780212402e-01 6.278074365820672798e-01
6.334317326545715332e-01 6.296253413372547847e-01 6.348361372947692871e-01 6.257988646816197154e-01
6.348183751106262207e-01 6.285776217053328230e-01 6.369233727455139160e-01 6.272289774358658088e-01
6.359813809394836426e-01 6.285745759175830338e-01 6.337925195693969727e-01 6.252170285360471036e-01
6.349973082542419434e-01 6.296156484425057265e-01 6.420371532440185547e-01 6.270755577301386774e-01
6.317319869995117188e-01 6.286741339642069049e-01 6.381757259368896484e-01 6.234409072856469392e-01
6.402308344841003418e-01 6.274846689094049079e-01 6.392193436622619629e-01 6.238718570410844988e-01
6.345500349998474121e-01 6.281318276891300068e-01 6.380713582038879395e-01 6.231281532795387434e-01
6.359813809394836426e-01 6.278287404699900431e-01 6.377583146095275879e-01 6.226746033114347600e-01
6.389783620834350586e-01 6.268403094790451213e-01 6.376539468765258789e-01 6.221877160338065149e-01
6.384863257408142090e-01 6.247153771032394332e-01 6.392193436622619629e-01 6.221179735110662357e-01
6.376364231109619141e-01 6.253193195720631037e-01 6.421415209770202637e-01 6.226588414099041291e-01
6.360261440277099609e-01 6.258283224744006779e-01 6.391150355339050293e-01 6.217583632374625857e-01
6.360708475112915039e-01 6.256661196688373394e-01 6.390106678009033203e-01 6.209751290061782392e-01
6.435856223106384277e-01 6.241568941233046619e-01 6.416196823120117188e-01 6.209639669882930368e-01
6.418411135673522949e-01 6.219150624498738233e-01 6.368190646171569824e-01 6.214750064636067606e-01
6.376811861991882324e-01 6.242981877389246481e-01 6.438112854957580566e-01 6.203614966378184770e-01
6.375469565391540527e-01 6.256044572827470507e-01 6.410979032516479492e-01 6.212038330607810854e-01
6.418411135673522949e-01 6.241095644946942356e-01 6.410979032516479492e-01 6.195950096695090892e-01
6.421542167663574219e-01 6.218810729891739442e-01 6.424546241760253906e-01 6.208670769945063839e-01
6.394703984260559082e-01 6.238564838875084728e-01 6.448549628257751465e-01 6.220913095828561890e-01
6.434961557388305664e-01 6.209495129131379354e-01 6.394280791282653809e-01 6.187932940296777540e-01
6.454643011093139648e-01 6.205815563135357316e-01 6.395324468612670898e-01 6.182721429019450987e-01
6.406334042549133301e-01 6.216418548290664203e-01 6.431851387023925781e-01 6.185591084876007617e-01
6.418858766555786133e-01 6.212983466384874864e-01 6.467334628105163574e-01 6.169927145837119653e-01
6.424226164817810059e-01 6.219176406467039619e-01 6.466290950775146484e-01 6.170629254091112292e-01
6.448827981948852539e-01 6.213930580671026549e-01 6.460029482841491699e-01 6.167869328507001869e-01
6.469851732254028320e-01 6.206155886354035589e-01 6.453767418861389160e-01 6.176464648964359316e-01
6.447486281394958496e-01 6.202556938919446816e-01 6.450636386871337891e-01 6.154684036864390695e-01
6.464036703109741211e-01 6.207007492542010452e-01 6.460029482841491699e-01 6.161166591252148494e-01
6.460905075073242188e-01 6.167680098899981367e-01 6.471509337425231934e-01 6.152851762091832155e-01
6.462694406509399414e-01 6.165233034101319509e-01 6.428720355033874512e-01 6.142755740123311270e-01
6.474772095680236816e-01 6.182445431037161265e-01 6.430807709693908691e-01 6.153547198133960672e-01
6.447486281394958496e-01 6.167629002181036491e-01 6.414110064506530762e-01 6.173195207176216392e-01
6.464931368827819824e-01 6.182477714273579839e-01 6.460029482841491699e-01 6.142696322217362503e-01
6.443907618522644043e-01 6.176989582958961611e-01 6.480901837348937988e-01 6.147860177148983807e-01
