5.029969811439514160e-01 7.025957421404152026e-01 4.741181433200836182e-01 6.970049483346630881e-01
4.942744672298431396e-01 7.047840763469312986e-01 4.737007021903991699e-01 6.969931247064650170e-01
4.962426126003265381e-01 7.044513711436188874e-01 4.746399521827697754e-01 6.969812617523887255e-01
4.975398182868957520e-01 7.049992900454394862e-01 4.762053787708282471e-01 6.969691685907678513e-01
4.910985827445983887e-01 7.053393105057959023e-01 4.803798794746398926e-01 6.969578108765640545e-01
4.930219948291778564e-01 7.050350922701247303e-01 4.802755117416381836e-01 6.969457110963517277e-01
4.969135820865631104e-01 7.050700373034460844e-01 4.897724986076354980e-01 6.969339716561376852e-01
4.963768124580383301e-01 7.047804598945649479e-01 4.901899397373199463e-01 6.969225611549357824e-01
4.966451823711395264e-01 7.035965459208983752e-01 4.898768663406372070e-01 6.969122283893147696e-01
4.988369941711425781e-01 7.040482840953519172e-01 4.889375865459442139e-01 6.969012198431261407e-01
4.936034977436065674e-01 7.050123684392203272e-01 4.902943074703216553e-01 6.968900847972446799e-01
4.896224737167358398e-01 7.052129862943687932e-01 4.899812042713165283e-01 6.968792006606673306e-01
5.008946061134338379e-01 7.032994571749949797e-01 4.923815429210662842e-01 6.968679157882909925e-01
4.922615885734558105e-01 7.052624156722913096e-01 4.930077195167541504e-01 6.968573119216859846e-01
4.944981336593627930e-01 7.053195110244430133e-01 4.925902783870697021e-01 6.968461580401894562e-01
4.963768124580383301e-01 7.050523311939536075e-01 4.925902783870697021e-01 6.968354902270441631e-01
4.884147346019744873e-01 7.057309145790068294e-01 4.925902783870697021e-01 6.968243366690125562e-01
4.895777404308319092e-01 7.063459186524947420e-01 4.929033517837524414e-01 6.968141824809476192e-01
4.992842972278594971e-01 7.041467103575909103e-01 4.929033517837524414e-01 6.968029806146639471e-01
4.974503517150878906e-01 7.039854422966169700e-01 4.929033517837524414e-01 6.967926709145848552e-01
4.954822063446044922e-01 7.045530317550183774e-01 4.924859106540679932e-01 6.967824906751473035e-01
4.954374730587005615e-01 7.032849240396887858e-01 4.935295283794403076e-01 6.967724350443764703e-01
4.937376976013183594e-01 7.052749567817631071e-01 4.933208227157592773e-01 6.967616387534255606e-01
4.972714185714721680e-01 7.046805227521621973e-01 4.938426315784454346e-01 6.967514345900197581e-01
4.961978793144226074e-01 7.050127292131562751e-01 4.940513372421264648e-01 6.967417172787458979e-01
4.950796067714691162e-01 7.046009786420355248e-01 4.938426315784454346e-01 6.967312846992936848e-01
5.007604360580444336e-01 7.035241081262876284e-01 4.940513372421264648e-01 6.967212047340027858e-01
4.995974302291870117e-01 7.040928563399356799e-01 4.940513372421264648e-01 6.967109282512899959e-01
4.993290305137634277e-01 7.032919068267380336e-01 4.942600727081298828e-01 6.967006991561980334e-01
4.924405217170715332e-01 7.050631203918470424e-01 4.943644404411315918e-01 6.966897523047356211e-01
4.966004788875579834e-01 7.044928078148910977e-01 4.944688081741333008e-01 6.966799994745176416e-01
4.966004788875579834e-01 7.046319549381039327e-01 4.938426315784454346e-01 6.966696479479272952e-01
4.936034977436065674e-01 7.055289436163043604e-01 4.938426315784454346e-01 6.966602745048190437e-01
4.937824308872222900e-01 7.042039468455216777e-01 4.946775138378143311e-01 6.966503039826632548e-01
4.983002245426177979e-01 7.043356342698747774e-01 4.945731461048126221e-01 6.966407686453277570e-01
4.923063218593597412e-01 7.052873932391720002e-01 4.943644404411315918e-01 6.966308269737608860e-01
4.958400428295135498e-01 7.043891458247723003e-01 4.940513372421264648e-01 6.966203805599598953e-01
4.936034977436065674e-01 7.054969590856470241e-01 4.939469695091247559e-01 6.966107272947538176e-01
4.979871213436126709e-01 7.032544201336258238e-01 4.932164549827575684e-01 6.966007706691517143e-01
4.941402673721313477e-01 7.044567268913004554e-01 4.929033517837524414e-01 6.965918669842947608e-01
4.949901700019836426e-01 7.046786417878363462e-01 4.926946461200714111e-01 6.965823443989443975e-01
4.971819519996643066e-01 7.046431860251468615e-01 4.924859106540679932e-01 6.965724783808621146e-01
4.995526969432830811e-01 7.032216645178672731e-01 4.922771751880645752e-01 6.965631734501267491e-01
4.989264607429504395e-01 7.038631402309347695e-01 4.924859106540679932e-01 6.965539720406290769e-01
4.961531460285186768e-01 7.037177014316764456e-01 4.919641017913818359e-01 6.965448350131051569e-01
4.999552667140960693e-01 7.028159046667934451e-01 4.917553663253784180e-01 6.965360482608418113e-01
4.972714185714721680e-01 7.037733993860451065e-01 4.924859106540679932e-01 6.965269983449278168e-01
4.957505762577056885e-01 7.037749038034398774e-01 4.921728372573852539e-01 6.965177785352485440e-01
4.983896911144256592e-01 7.029474492703552402e-01 4.916509985923767090e-01 6.965089337707834893e-01
4.920379221439361572e-01 7.050055772103442919e-01 4.911291897296905518e-01 6.964995438309607989e-01
4.969583153724670410e-01 7.037809195213912128e-01 4.908161163330078125e-01 6.964903544021086024e-01
4.980765879154205322e-01 7.033224347495589113e-01 4.907117486000061035e-01 6.964818231498640655e-01
4.985238909721374512e-01 7.036049064188145685e-01 4.895637631416320801e-01 6.964727813952205082e-01
4.918142855167388916e-01 7.049482509795104157e-01 4.908161163330078125e-01 6.964633264140529523e-01
4.968688488006591797e-01 7.053897334544341202e-01 4.903986752033233643e-01 6.964543078120379871e-01
4.940955340862274170e-01 7.051769775596922196e-01 4.903986752033233643e-01 6.964454027586753915e-01
4.974056184291839600e-01 7.039187229859165118e-01 4.901899397373199463e-01 6.964367041257397695e-01
4.970477819442749023e-01 7.040647903267653884e-01 4.900855720043182373e-01 6.964278205703579028e-01
5.011630058288574219e-01 7.019782876537532523e-01 4.896681308746337891e-01 6.964191605541656394e-01
4.954374730587005615e-01 7.041291986857229901e-01 4.892506897449493408e-01 6.964097521146337400e-01
4.983896911144256592e-01 7.032710295560471447e-01 4.893550276756286621e-01 6.964010605108411633e-01
4.947217702865600586e-01 7.037040431803636142e-01 4.892506897449493408e-01 6.963925413014470100e-01
4.971372485160827637e-01 7.028237303226018140e-01 4.932164549827575684e-01 6.963836151730962154e-01
4.978529214859008789e-01 7.037560795816246717e-01 4.921728372573852539e-01 6.963745183547587203e-01
4.974950850009918213e-01 7.040653152187686947e-01 4.917553663253784180e-01 6.963657951260429080e-01
4.990159273147583008e-01 7.023773089805769310e-01 4.919641017913818359e-01 6.963576076175543861e-01
4.982554912567138672e-01 7.028057797690114850e-01 4.923815429210662842e-01 6.963493278220161953e-01
4.940508008003234863e-01 7.051294546878962288e-01 4.922771751880645752e-01 6.963410308330697518e-01
4.930667281150817871e-01 7.049514730750053859e-01 4.936338961124420166e-01 6.963329345043853813e-01
5.008051395416259766e-01 7.026343239315678835e-01 4.926946461200714111e-01 6.963253605218949760e-01
4.956163763999938965e-01 7.038024967653974118e-01 4.924859106540679932e-01 6.963170598379830878e-01
4.953927397727966309e-01 7.049627126191037041e-01 4.929033517837524414e-01 6.963084581201346435e-01
4.965557456016540527e-01 7.039858337313784631e-01 4.932164549827575684e-01 6.963001763589246051e-01
4.956611096858978271e-01 7.050072910598403908e-01 4.931120872497558594e-01 6.962919662327687886e-01
4.973161518573760986e-01 7.036645794345646188e-01 4.931120872497558594e-01 6.962840933188643167e-01
5.009393692016601562e-01 7.026716601253515382e-01 4.923815429210662842e-01 6.962765165744806417e-01
4.966451823711395264e-01 7.037801422188076916e-01 4.919641017913818359e-01 6.962686345537926202e-01
4.998210668563842773e-01 7.036133116868681370e-01 4.917553663253784180e-01 6.962601705698249210e-01
4.978081881999969482e-01 7.039967834640219468e-01 4.905030131340026855e-01 6.962520042234112694e-01
4.955269396305084229e-01 7.039544058200135623e-01 4.900855720043182373e-01 6.962438875537554361e-01
4.944981336593627930e-01 7.038890327061837482e-01 4.896681308746337891e-01 6.962362673157715953e-01
4.933798611164093018e-01 7.035713682321428353e-01 4.896681308746337891e-01 6.962282828562097459e-01
5.013866424560546875e-01 7.024771035368102545e-01 4.897724986076354980e-01 6.962204038462342925e-01
4.945875704288482666e-01 7.040461420287683625e-01 4.894593954086303711e-01 6.962122236281490517e-01
4.978529214859008789e-01 7.041560950870483504e-01 4.896681308746337891e-01 6.962043713911220122e-01
5.018786787986755371e-01 7.026364350600454722e-01 4.907117486000061035e-01 6.961965143892069330e-01
4.974950850009918213e-01 7.044658666647575229e-01 4.908161163330078125e-01 6.961883996603409619e-01
4.941402673721313477e-01 7.051605449035952544e-01 4.908161163330078125e-01 6.961805760624064643e-01
4.979423880577087402e-01 7.033744150868339595e-01 4.907117486000061035e-01 6.961734528657017584e-01
4.993737637996673584e-01 7.025447833578580825e-01 4.906073808670043945e-01 6.961657214304072250e-01
5.036231875419616699e-01 7.025236724676738875e-01 4.906073808670043945e-01 6.961582518151397947e-01
4.985686242580413818e-01 7.031682211846396191e-01 4.906073808670043945e-01 6.961505985215222791e-01
4.961084127426147461e-01 7.031445237472160326e-01 4.905030131340026855e-01 6.961427498923739021e-01
4.956611096858978271e-01 7.050969957196236981e-01 4.905030131340026855e-01 6.961349897557821409e-01
4.946770370006561279e-01 7.042277937904626306e-01 4.905030131340026855e-01 6.961280648555568940e-01
5.018339753150939941e-01 7.023907686883806845e-01 4.905030131340026855e-01 6.961204753094241138e-01
4.997316300868988037e-01 7.034442190365494119e-01 4.905030131340026855e-01 6.961128085422456646e-01
4.972266852855682373e-01 7.031891912269899736e-01 4.903986752033233643e-01 6.961053897856273043e-01
4.982554912567138672e-01 7.036770486110736078e-01 4.903986752033233643e-01 6.960980214149015133e-01
5.003131031990051270e-01 7.020469108790740043e-01 4.903986752033233643e-01 6.960905865596794806e-01
