5.527375340461730957e-01 6.894832515912782123e-01 5.763932466506958008e-01 6.728931507047096749e-01
5.847199559211730957e-01 6.712862241671281316e-01 5.825506448745727539e-01 6.669913115816906712e-01
5.896403789520263672e-01 6.666278638189605532e-01 5.974744558334350586e-01 6.605960999443843962e-01
5.961263179779052734e-01 6.642782766205996836e-01 6.031100153923034668e-01 6.571210503851887541e-01
5.992574691772460938e-01 6.603855492604143729e-01 6.064496040344238281e-01 6.602344785645321013e-01
6.049382686614990234e-01 6.568090047685292143e-01 6.142767667770385742e-01 6.533740239734565636e-01
6.069064140319824219e-01 6.561768498717618359e-01 6.034230589866638184e-01 6.537780607077603445e-01
6.071300506591796875e-01 6.537142000635187689e-01 6.157378554344177246e-01 6.507455334113998457e-01
6.127661466598510742e-01 6.525401691563719186e-01 6.035274267196655273e-01 6.511858440445749130e-01
6.148684620857238770e-01 6.490756700708222304e-01 6.097891926765441895e-01 6.485478046094169668e-01
6.179549098014831543e-01 6.471763092069341416e-01 6.138592958450317383e-01 6.463588877650845443e-01
6.187600493431091309e-01 6.474787139214307485e-01 6.239824891090393066e-01 6.404227994847362382e-01
6.189837455749511719e-01 6.445540249784936782e-01 6.019620299339294434e-01 6.505143477333983348e-01
6.228305697441101074e-01 6.423632912824354113e-01 6.224170327186584473e-01 6.390458403761315465e-01
6.244856119155883789e-01 6.392302429725112978e-01 6.332707405090332031e-01 6.305373796986727397e-01
6.251118183135986328e-01 6.411728001297810620e-01 6.110415458679199219e-01 6.464298744585836864e-01
6.254249215126037598e-01 6.384251095310565782e-01 6.346274018287658691e-01 6.338407818645556135e-01
6.315530538558959961e-01 6.332985155269741373e-01 6.266958713531494141e-01 6.329162497655804742e-01
6.343711018562316895e-01 6.326874713070982370e-01 6.391150355339050293e-01 6.284820106874998702e-01
6.311951875686645508e-01 6.328565190806331175e-01 6.319140195846557617e-01 6.283304231496773529e-01
6.263195276260375977e-01 6.321047361900820061e-01 6.341056227684020996e-01 6.259608023402039034e-01
6.404544711112976074e-01 6.262761857497242124e-01 6.381757259368896484e-01 6.217828247796466368e-01
6.368759870529174805e-01 6.262107961803626832e-01 6.345230937004089355e-01 6.225057733479434363e-01
6.359366774559020996e-01 6.254096763956032978e-01 6.396368145942687988e-01 6.232407905318447794e-01
6.360261440277099609e-01 6.265365985600588328e-01 6.477770805358886719e-01 6.173987836858669809e-01
6.438092589378356934e-01 6.218691604639511317e-01 6.441243886947631836e-01 6.163767419959179650e-01
6.444802284240722656e-01 6.200118312193255710e-01 6.449592709541320801e-01 6.193578309317119279e-01
6.456432342529296875e-01 6.169619622416521176e-01 6.401586532592773438e-01 6.221924575577945093e-01
6.512345671653747559e-01 6.136930436882398476e-01 6.453767418861389160e-01 6.110994294674554350e-01
6.440776586532592773e-01 6.153303222571786524e-01 6.458985805511474609e-01 6.091815275654268724e-01
6.512792706489562988e-01 6.135820362814894402e-01 6.463159918785095215e-01 6.169328081212196446e-01
6.561549305915832520e-01 6.098877127449122693e-01 6.413066387176513672e-01 6.168083587610455609e-01
6.481481194496154785e-01 6.125162142742339721e-01 6.443331241607666016e-01 6.109491957052594069e-01
6.534711122512817383e-01 6.065714972286664342e-01 6.561260819435119629e-01 6.078796137153069656e-01
6.515924334526062012e-01 6.078776114634099059e-01 6.523690223693847656e-01 6.053022243388882506e-01
6.561996936798095703e-01 6.048273869694654747e-01 6.558129787445068359e-01 6.007581837762997479e-01
6.549919247627258301e-01 6.057048249722465361e-01 6.564391851425170898e-01 6.000154810891323853e-01
6.599123477935791016e-01 5.974923040491882942e-01 6.447505950927734375e-01 6.122495039373766490e-01
6.548130512237548828e-01 6.057927875425803688e-01 6.539344787597656250e-01 5.973595312108975763e-01
6.586151123046875000e-01 6.007863605229324389e-01 6.611354351043701172e-01 5.987259704293848017e-01
6.625961661338806152e-01 5.956118746933430907e-01 6.562304496765136719e-01 5.999694328620622796e-01
6.617910265922546387e-01 5.957816422337559592e-01 6.567522287368774414e-01 5.973304708923136142e-01
6.667561531066894531e-01 5.931516410114727744e-01 6.606136560440063477e-01 5.926144530767688545e-01
6.666666865348815918e-01 5.888615539065839011e-01 6.547693610191345215e-01 5.951031665666643988e-01
6.624619960784912109e-01 5.899452094337257479e-01 6.690670251846313477e-01 5.860763495860680239e-01
6.659509539604187012e-01 5.891596379722032761e-01 6.525777578353881836e-01 6.009489515334821563e-01
6.705135107040405273e-01 5.857033410360698023e-01 6.597787737846374512e-01 6.021418027304528131e-01
6.727947592735290527e-01 5.847976692654105468e-01 6.565434932708740234e-01 5.918526882245480625e-01
6.701109409332275391e-01 5.855488927318704961e-01 6.603005528450012207e-01 5.900437943474083902e-01
6.737341284751892090e-01 5.811562511592031077e-01 6.535170078277587891e-01 6.001172636774979585e-01
6.731973290443420410e-01 5.780441889952282475e-01 6.692757010459899902e-01 5.842394069151299885e-01
6.732420921325683594e-01 5.817705514201070294e-01 6.682320833206176758e-01 5.820807846073715597e-01
6.773125529289245605e-01 5.737039059064622526e-01 6.583176851272583008e-01 5.906297598967993334e-01
6.764627099037170410e-01 5.735893607630160318e-01 6.683364510536193848e-01 5.787232812798065451e-01
6.767310500144958496e-01 5.771307392716727991e-01 6.692757010459899902e-01 5.925079168718011546e-01
6.787439584732055664e-01 5.732290460462325932e-01 6.627008914947509766e-01 5.964739278496941077e-01
6.784755587577819824e-01 5.760690977799911572e-01 6.642663478851318359e-01 5.869770842911280484e-01
6.832617521286010742e-01 5.692077981677032827e-01 6.621791124343872070e-01 5.847563000617109763e-01
6.790123581886291504e-01 5.706354299455875800e-01 6.743894815444946289e-01 5.817637289896609998e-01
6.815620064735412598e-01 5.693116633511118296e-01 6.728240251541137695e-01 5.781926806822521581e-01
6.788334250450134277e-01 5.713986015998094858e-01 6.795032620429992676e-01 5.766869711990372238e-01
6.828144788742065430e-01 5.655203064282735559e-01 6.767898201942443848e-01 5.768901840850719775e-01
6.812041401863098145e-01 5.683907708481399368e-01 6.630139946937561035e-01 5.807041396579173398e-01
6.820540428161621094e-01 5.646538355521555363e-01 6.696931719779968262e-01 5.724280018493940192e-01
6.851404309272766113e-01 5.675285498023907582e-01 6.786683201789855957e-01 5.752950169377774037e-01
6.849167943000793457e-01 5.646258241312515080e-01 6.694844365119934082e-01 5.792970286234762067e-01
6.830381155014038086e-01 5.657106461241711015e-01 6.708411574363708496e-01 5.802902724493572695e-01
6.909554600715637207e-01 5.592644292801901562e-01 6.743894815444946289e-01 5.700715851793705102e-01
6.890767812728881836e-01 5.579306962644079437e-01 6.860780715942382812e-01 5.622793364639298019e-01
6.945786476135253906e-01 5.556083615382043650e-01 6.627008914947509766e-01 5.795734952447111343e-01
6.911790966987609863e-01 5.561677574535498492e-01 6.824253797531127930e-01 5.688370213805198361e-01
6.893004179000854492e-01 5.602802324218258967e-01 6.850344538688659668e-01 5.680313009330958396e-01
6.925657391548156738e-01 5.531846804980580234e-01 6.760593056678771973e-01 5.713810625242504715e-01
6.906423568725585938e-01 5.549298932245623206e-01 6.782509088516235352e-01 5.690097122967703314e-01
6.914027333259582520e-01 5.522930300135501236e-01 6.857649683952331543e-01 5.644506974947823830e-01
6.922973990440368652e-01 5.550870739895364947e-01 6.838864684104919434e-01 5.671305932000394456e-01
6.938629746437072754e-01 5.506090553273111921e-01 6.749113202095031738e-01 5.698057864334856726e-01
6.931025385856628418e-01 5.535698490399626470e-01 6.925485134124755859e-01 5.639505278738224936e-01
6.939076781272888184e-01 5.483672762251984301e-01 6.853474974632263184e-01 5.724875815127195011e-01
6.932367086410522461e-01 5.510836086859322025e-01 6.871216893196105957e-01 5.647029306166506668e-01
6.975308656692504883e-01 5.458894223854610095e-01 6.882696747779846191e-01 5.656491559075801367e-01
6.975755691528320312e-01 5.471775876663093063e-01 6.762679815292358398e-01 5.721716532575837899e-01
6.941760778427124023e-01 5.504520217129701409e-01 6.906700134277343750e-01 5.563422598114244888e-01
6.941760778427124023e-01 5.492097456311471060e-01 6.820079088211059570e-01 5.652607882403550832e-01
6.950259208679199219e-01 5.463586789931609289e-01 6.830515265464782715e-01 5.644145737209889102e-01
6.994095444679260254e-01 5.445574287289817184e-01 6.865998506546020508e-01 5.639549494287311449e-01
6.955627202987670898e-01 5.437533561307600349e-01 6.833646297454833984e-01 5.588610194292229494e-01
7.018250226974487305e-01 5.430411587121513062e-01 6.880609393119812012e-01 5.593265364822478380e-01
6.988280415534973145e-01 5.438103439513974902e-01 6.785639524459838867e-01 5.612083940584607911e-01
7.031669616699218750e-01 5.402792556423645642e-01 6.983928084373474121e-01 5.510671283451805680e-01
6.966809630393981934e-01 5.457745978392435360e-01 6.828428506851196289e-01 5.691832391336402175e-01
7.013329863548278809e-01 5.407983173750704475e-01 6.667710542678833008e-01 5.963474785676955436e-01
6.969940662384033203e-01 5.446842066992969578e-01 6.769985556602478027e-01 5.675760790242254661e-01
7.010198831558227539e-01 5.412114230960228811e-01 6.898351311683654785e-01 5.563898047856462581e-01
7.034800648689270020e-01 5.396547060593827050e-01 6.936964988708496094e-01 5.580195382850151598e-01
7.042852044105529785e-01 5.370371416357766492e-01 6.950532197952270508e-01 5.535178822854992520e-01
6.994543075561523438e-01 5.417170578666866687e-01 6.800250411033630371e-01 5.627546183029362714e-01
7.049114108085632324e-01 5.369188110801524916e-01 6.905656456947326660e-01 5.591462346338523792e-01
7.079083919525146484e-01 5.323485415232247497e-01 6.967230439186096191e-01 5.563677031880404078e-01
6.927446722984313965e-01 5.455824007052048064e-01 6.922354698181152344e-01 5.577196341246658529e-01
