5.621309876441955566e-01 6.848168050609348967e-01 5.703402161598205566e-01 6.752575701971538225e-01
5.881195068359375000e-01 6.677378686623189896e-01 5.946566462516784668e-01 6.633321962483962331e-01
5.946054458618164062e-01 6.646351461057309340e-01 5.936130285263061523e-01 6.633833987034578605e-01
6.008230447769165039e-01 6.618450586666551061e-01 6.043623685836791992e-01 6.589884535053581738e-01
5.984075665473937988e-01 6.589646691776043230e-01 6.048841476440429688e-01 6.557298743309294409e-01
6.041331291198730469e-01 6.553311513903146146e-01 5.994573235511779785e-01 6.588195683786451928e-01
6.049830317497253418e-01 6.567088844716858498e-01 6.139636635780334473e-01 6.501115560158386986e-01
6.135265827178955078e-01 6.526839454136929008e-01 6.108328104019165039e-01 6.517358370027320769e-01
6.126766800880432129e-01 6.529937484307458684e-01 6.208515763282775879e-01 6.454406336487968909e-01
6.188495159149169922e-01 6.486325787930565800e-01 6.163640022277832031e-01 6.467564773569522973e-01
6.192968487739562988e-01 6.458828344629198304e-01 6.187643408775329590e-01 6.459521176396518793e-01
6.123188138008117676e-01 6.486785172307015790e-01 6.223126649856567383e-01 6.438944670930583092e-01
6.202809214591979980e-01 6.443039889539540210e-01 6.118764281272888184e-01 6.461448414518300432e-01
6.187600493431091309e-01 6.426781620380382920e-01 6.222082972526550293e-01 6.415156759640489037e-01
6.244408488273620605e-01 6.396477773057729355e-01 6.286787986755371094e-01 6.342853833479016323e-01
6.243066787719726562e-01 6.393609211704645023e-01 6.232519149780273438e-01 6.415991496253525828e-01
6.242172122001647949e-01 6.380868189918011968e-01 6.234606504440307617e-01 6.420889855600602214e-01
6.269904971122741699e-01 6.368433946060737538e-01 6.266958713531494141e-01 6.358605269921943082e-01
6.296743750572204590e-01 6.335493477518303607e-01 6.233562827110290527e-01 6.323840797781024037e-01
6.364287137985229492e-01 6.320426348476168021e-01 6.318096518516540527e-01 6.349441076812951668e-01
6.351315379142761230e-01 6.298743248156474239e-01 6.355667114257812500e-01 6.310417948100591756e-01
6.311951875686645508e-01 6.314081614378804774e-01 6.354623436927795410e-01 6.267410100215512481e-01
6.327607631683349609e-01 6.278197809181991218e-01 6.385931968688964844e-01 6.240099911225959195e-01
6.402755379676818848e-01 6.262517243725047589e-01 6.412022709846496582e-01 6.186490417323016189e-01
6.382179260253906250e-01 6.238965537791645311e-01 6.383844614028930664e-01 6.207727360168048270e-01
6.386652588844299316e-01 6.229577012150802062e-01 6.402630209922790527e-01 6.203710493054128694e-01
6.433619856834411621e-01 6.199249449879394858e-01 6.354623436927795410e-01 6.325761210915937793e-01
6.460905075073242188e-01 6.203618545953692998e-01 6.390106678009033203e-01 6.211317328017331718e-01
6.479244828224182129e-01 6.170267745343234189e-01 6.317052841186523438e-01 6.242425517756216014e-01
6.460905075073242188e-01 6.162042585377360826e-01 6.418284177780151367e-01 6.185599589890264927e-01
6.466273069381713867e-01 6.148729122352634135e-01 6.418284177780151367e-01 6.101337821691127372e-01
6.535158157348632812e-01 6.106075100810013367e-01 6.535170078277587891e-01 6.071076079615220777e-01
6.496242880821228027e-01 6.095283852640515088e-01 6.518472433090209961e-01 6.089332966758721488e-01
6.517266035079956055e-01 6.097053250700826821e-01 6.497599482536315918e-01 6.102559678093224527e-01
6.550366878509521484e-01 6.053020762488590112e-01 6.423502564430236816e-01 6.097438748831839339e-01
6.546341180801391602e-01 6.047161578769482126e-01 6.571696996688842773e-01 6.030766784684490345e-01
6.563338637351989746e-01 6.025031296015426197e-01 6.530995368957519531e-01 6.091100485208910120e-01
6.573626995086669922e-01 6.031123418184315410e-01 6.482989192008972168e-01 6.094226203664462327e-01
6.598675847053527832e-01 5.993742893112860015e-01 6.528908610343933105e-01 6.038139458489900635e-01
6.612989902496337891e-01 5.973326964825418361e-01 6.428720355033874512e-01 6.138652275584480789e-01
6.626409292221069336e-01 5.960052975667229358e-01 6.543518900871276855e-01 6.017961753631428934e-01
6.657273173332214355e-01 5.928595535847726028e-01 6.600918173789978027e-01 5.963468008961018141e-01
6.637144684791564941e-01 5.949124283495391685e-01 6.504905223846435547e-01 6.047378919911369222e-01
6.640275716781616211e-01 5.916010842359136213e-01 6.571696996688842773e-01 5.981307783148727131e-01
6.669350266456604004e-01 5.900609086506437562e-01 6.580045819282531738e-01 6.064921343931198860e-01
6.657273173332214355e-01 5.885567959550669359e-01 6.491338014602661133e-01 6.048551882714175987e-01
6.643406748771667480e-01 5.918228680000980901e-01 6.639532446861267090e-01 5.968102306668729984e-01
6.702004075050354004e-01 5.838920857232763328e-01 6.665623188018798828e-01 5.889661292197733156e-01
6.742708683013916016e-01 5.800046150576431137e-01 6.616572737693786621e-01 5.922735252452031585e-01
6.748076677322387695e-01 5.820020608088052327e-01 6.567522287368774414e-01 6.007716309872481730e-01
6.750313043594360352e-01 5.834165137960352077e-01 6.628052592277526855e-01 5.933790794122545398e-01
6.760601401329040527e-01 5.803021346441341599e-01 6.676059365272521973e-01 5.853044141112725418e-01
6.757022738456726074e-01 5.783491527848645397e-01 6.653099656105041504e-01 5.933623732044511767e-01
6.718106865882873535e-01 5.803515001728871692e-01 6.572740674018859863e-01 5.916177577674823773e-01
6.754786372184753418e-01 5.781039257321721747e-01 6.623877882957458496e-01 5.857272823054465727e-01
6.753444075584411621e-01 5.745511362454102100e-01 6.638488769531250000e-01 5.921006818525329507e-01
6.791018247604370117e-01 5.729106670629788844e-01 6.740763783454895020e-01 5.843489969406215900e-01
6.799516677856445312e-01 5.706074538459545709e-01 6.671884655952453613e-01 5.839394344787860458e-01
6.766416430473327637e-01 5.761017571794131431e-01 6.740763783454895020e-01 5.813282059493529719e-01
6.829933524131774902e-01 5.678449274389192336e-01 6.714673638343811035e-01 5.814292086636291268e-01
6.797727942466735840e-01 5.678517564525968897e-01 6.685451865196228027e-01 5.920987139910652841e-01
6.792359948158264160e-01 5.678068340347243170e-01 6.649968624114990234e-01 5.909411764249401511e-01
6.829486489295959473e-01 5.669018706624421311e-01 6.672928333282470703e-01 5.840330044652445318e-01
6.826802492141723633e-01 5.664935213953421478e-01 6.583176851272583008e-01 5.866218031734147242e-01
6.837537884712219238e-01 5.640083414046361820e-01 6.724066138267517090e-01 5.808064273866276883e-01
6.832617521286010742e-01 5.630414162153078994e-01 6.693800687789916992e-01 5.776680010864466697e-01
6.883163452148437500e-01 5.598027262284133165e-01 6.749113202095031738e-01 5.795818586559490226e-01
6.852298974990844727e-01 5.606308321574011710e-01 6.777290701866149902e-01 5.734169365368912974e-01
6.858561635017395020e-01 5.594260577418378455e-01 6.781465411186218262e-01 5.741104700699203311e-01
6.816961765289306641e-01 5.629080852960555159e-01 6.741807460784912109e-01 5.740448144775570638e-01
6.867060065269470215e-01 5.596651556795153581e-01 6.675015687942504883e-01 5.772554112162477935e-01
6.879137754440307617e-01 5.606638115385303989e-01 6.638488769531250000e-01 5.809341391898027451e-01
6.850957274436950684e-01 5.616081225667278742e-01 6.717804074287414551e-01 5.741985117784499382e-01
6.941760778427124023e-01 5.524186421153071125e-01 6.744938492774963379e-01 5.720119641161094393e-01
6.925210356712341309e-01 5.564857187670402272e-01 6.825297474861145020e-01 5.678154786601988802e-01
6.917605996131896973e-01 5.533268695164289541e-01 6.740763783454895020e-01 5.729760945129434013e-01
6.909106969833374023e-01 5.514131082172875065e-01 6.833646297454833984e-01 5.651951412820188647e-01
6.880032420158386230e-01 5.561600419314267629e-01 6.867042183876037598e-01 5.657088934591433249e-01
6.892556548118591309e-01 5.568071429194950683e-01 6.766854524612426758e-01 5.720340234579908145e-01
6.997674107551574707e-01 5.480588205941228086e-01 6.768941879272460938e-01 5.673921198069589167e-01
6.938182115554809570e-01 5.492279036332166076e-01 6.853474974632263184e-01 5.597680789945120861e-01
6.947575807571411133e-01 5.506374504084577959e-01 6.782509088516235352e-01 5.691544006498341357e-01
6.958758234977722168e-01 5.496022052853621886e-01 6.826341152191162109e-01 5.737740546371612460e-01
6.966809630393981934e-01 5.505264050782654461e-01 6.790857911109924316e-01 5.638665475419358808e-01
7.006620168685913086e-01 5.421890355240021053e-01 6.778334379196166992e-01 5.734951453202952187e-01
6.948917508125305176e-01 5.500244402697739288e-01 6.799206733703613281e-01 5.654936449882557170e-01
6.998121142387390137e-01 5.436415544006687472e-01 6.816948652267456055e-01 5.673831688340087442e-01
6.949364542961120605e-01 5.503811305677086541e-01 6.847213506698608398e-01 5.729499647622814384e-01
7.018697261810302734e-01 5.428996346284374885e-01 6.817992329597473145e-01 5.619368052039707129e-01
6.975755691528320312e-01 5.469666745245062023e-01 6.875391602516174316e-01 5.608971065057640759e-01
7.028090953826904297e-01 5.419396855340999908e-01 6.755374670028686523e-01 5.673204608288022754e-01
7.024065256118774414e-01 5.407232817180426254e-01 6.879565715789794922e-01 5.658306653627496186e-01
6.977992653846740723e-01 5.458297808943718410e-01 6.802337765693664551e-01 5.731273568564828613e-01
6.987385749816894531e-01 5.414265611236136477e-01 6.845126152038574219e-01 5.593619914797347548e-01
7.068795561790466309e-01 5.386352949757592379e-01 6.855562329292297363e-01 5.646518645020821570e-01
7.033905982971191406e-01 5.359982805402233597e-01 6.754330992698669434e-01 5.720874303642778935e-01
7.006620168685913086e-01 5.397692746970196298e-01 6.884784102439880371e-01 5.638331248998592615e-01
7.039721012115478516e-01 5.351792793247051039e-01 6.780421733856201172e-01 5.771731670329277586e-01
6.966362595558166504e-01 5.456569042396067770e-01 6.793988943099975586e-01 5.736643022198041342e-01
6.955179572105407715e-01 5.435508032842449877e-01 6.847213506698608398e-01 5.641219809890862802e-01
