5.268384218215942383e-01 7.174792043914051121e-01 5.771237611770629883e-01 6.767075806389619697e-01
5.488459467887878418e-01 6.945066054342129425e-01 5.820288062095642090e-01 6.718481339061715962e-01
5.628019571304321289e-01 6.859758078657379743e-01 5.854727625846862793e-01 6.693084860514858514e-01
5.730900168418884277e-01 6.790713780061528038e-01 5.880818367004394531e-01 6.657306955144838279e-01
5.792628526687622070e-01 6.739980502490345859e-01 5.931955575942993164e-01 6.646345928202489484e-01
5.789497494697570801e-01 6.725891214360659731e-01 5.937173962593078613e-01 6.629688505762132422e-01
5.835122466087341309e-01 6.704725026231179719e-01 5.942391753196716309e-01 6.617892127623266063e-01
5.909375548362731934e-01 6.671438008136241216e-01 5.994573235511779785e-01 6.624802909099440917e-01
5.895061492919921875e-01 6.650323001722846517e-01 6.015445590019226074e-01 6.604020729415278623e-01
5.950080752372741699e-01 6.650075188346872279e-01 6.051972508430480957e-01 6.591308137067198869e-01
5.961710214614868164e-01 6.621708881345241826e-01 6.039448976516723633e-01 6.584665675522564099e-01
5.939792394638061523e-01 6.625650392958251089e-01 6.051972508430480957e-01 6.570347362160806615e-01
5.980944633483886719e-01 6.615763718166000062e-01 6.050928831100463867e-01 6.565625729652417863e-01
5.963499546051025391e-01 6.599017828409649011e-01 6.048841476440429688e-01 6.561697585128388743e-01
5.983180999755859375e-01 6.596336814473749977e-01 6.071801185607910156e-01 6.553098640867872637e-01
5.978708267211914062e-01 6.583413165719207427e-01 6.075975894927978516e-01 6.544783041985292593e-01
6.013150811195373535e-01 6.553797100221221417e-01 6.063452363014221191e-01 6.547274482795127915e-01
6.021649837493896484e-01 6.573415108199707202e-01 6.015445590019226074e-01 6.550460900948854581e-01
6.052513718605041504e-01 6.557889591924490613e-01 6.093717217445373535e-01 6.539586614751288218e-01
6.027017235755920410e-01 6.564940213090640908e-01 6.071801185607910156e-01 6.538425687209870052e-01
6.058776378631591797e-01 6.557441294289249045e-01 6.101022958755493164e-01 6.518796229133574371e-01
6.083825230598449707e-01 6.546655815473970685e-01 6.073888540267944336e-01 6.509582761234242732e-01
6.064143776893615723e-01 6.527983287746267349e-01 6.158422231674194336e-01 6.499367109844913504e-01
6.090087890625000000e-01 6.512762401862869366e-01 6.107284426689147949e-01 6.493889449832583871e-01
6.065933108329772949e-01 6.522656977976514225e-01 6.122938990592956543e-01 6.497938875315010243e-01
6.130345463752746582e-01 6.510629747139573542e-01 6.119807958602905273e-01 6.485226308719720389e-01
6.131687164306640625e-01 6.496295686014693649e-01 6.123982667922973633e-01 6.496133522782339131e-01
6.095902919769287109e-01 6.509282661478258403e-01 6.156334877014160156e-01 6.477565554133339898e-01
6.120504736900329590e-01 6.495160960110254456e-01 6.185556054115295410e-01 6.463202476576110911e-01
6.136607527732849121e-01 6.475407352151459905e-01 6.181381940841674805e-01 6.456432722849478889e-01
6.155841946601867676e-01 6.464851420751985822e-01 6.151116490364074707e-01 6.454307150054490183e-01
6.163893342018127441e-01 6.455652635817152873e-01 6.213734149932861328e-01 6.452128251567809114e-01
6.127214431762695312e-01 6.479947459059978154e-01 6.185556054115295410e-01 6.439788866406367385e-01
6.191179156303405762e-01 6.444687222001120874e-01 6.221039295196533203e-01 6.438044908275138978e-01
6.174181699752807617e-01 6.451504369032875497e-01 6.192861795425415039e-01 6.436188398012659961e-01
6.201466917991638184e-01 6.431324150720549859e-01 6.233562827110290527e-01 6.413519245875053398e-01
6.191179156303405762e-01 6.438524756753224443e-01 6.236693859100341797e-01 6.419585077082331503e-01
6.228305697441101074e-01 6.430440523966115540e-01 6.214777827262878418e-01 6.407500321818800915e-01
6.189389824867248535e-01 6.425870457965074944e-01 6.237737536430358887e-01 6.398223968095606562e-01
6.213096976280212402e-01 6.425544482946268232e-01 6.248173713684082031e-01 6.397083730370185517e-01
6.188048124313354492e-01 6.438856997991593278e-01 6.274264454841613770e-01 6.382744264264267331e-01
6.261853575706481934e-01 6.409158649289302678e-01 6.247130036354064941e-01 6.404203269432392487e-01
6.241277456283569336e-01 6.390461622975469602e-01 6.216865181922912598e-01 6.378893707421099402e-01
6.224279999732971191e-01 6.390575785333173497e-01 6.272177100181579590e-01 6.376874298821458842e-01
6.263195276260375977e-01 6.370798309068173015e-01 6.264871358871459961e-01 6.377991674663477939e-01
6.244856119155883789e-01 6.389987179601228640e-01 6.233562827110290527e-01 6.365738653285696325e-01
6.276614665985107422e-01 6.378511671602757893e-01 6.285744309425354004e-01 6.356631273194210952e-01
6.279745697975158691e-01 6.362570300471657170e-01 6.332707405090332031e-01 6.343712502644570650e-01
6.312399506568908691e-01 6.359098790092488906e-01 6.351492404937744141e-01 6.333095776191262072e-01
6.271694302558898926e-01 6.373310598880879141e-01 6.305572986602783203e-01 6.327987757412880665e-01
6.336553692817687988e-01 6.357088938107493536e-01 6.328532695770263672e-01 6.313774302443192488e-01
6.290928721427917480e-01 6.340551366851248094e-01 6.337925195693969727e-01 6.318873184828538436e-01
6.282877326011657715e-01 6.347980495641601939e-01 6.347317695617675781e-01 6.300695424686019175e-01
6.308820843696594238e-01 6.336056927189371857e-01 6.334794163703918457e-01 6.308473828465424038e-01
6.305242180824279785e-01 6.325551711461436799e-01 6.338968873023986816e-01 6.291911281665514277e-01
6.359366774559020996e-01 6.304455779920773439e-01 6.338968873023986816e-01 6.280352657634016289e-01
6.354446411132812500e-01 6.300036268384411331e-01 6.336881518363952637e-01 6.286592643635677824e-01
6.349078416824340820e-01 6.303579813253690212e-01 6.331663727760314941e-01 6.300580594117147770e-01
6.338343024253845215e-01 6.306849598330021012e-01 6.375495791435241699e-01 6.268446763331644300e-01
6.319556236267089844e-01 6.308004568910999810e-01 6.348361372947692871e-01 6.262013319140310452e-01
6.362944841384887695e-01 6.274281019685861160e-01 6.350448727607727051e-01 6.259753341292618734e-01
6.371891498565673828e-01 6.273432568310197688e-01 6.416196823120117188e-01 6.239907161175793915e-01
6.366523504257202148e-01 6.286564819564075535e-01 6.391150355339050293e-01 6.250909014998237145e-01
6.345947384834289551e-01 6.284926809166556660e-01 6.394280791282653809e-01 6.256950710740922794e-01
6.378153562545776367e-01 6.270047760453414387e-01 6.373408436775207520e-01 6.250694360769857294e-01
6.432277560234069824e-01 6.241465939949057962e-01 6.425589919090270996e-01 6.226512418487977207e-01
6.413490772247314453e-01 6.242229306200873795e-01 6.399499177932739258e-01 6.218616967782474303e-01
6.392467617988586426e-01 6.254226450289611661e-01 6.393237113952636719e-01 6.211091783469216976e-01
6.397387981414794922e-01 6.238366597388549373e-01 6.446462273597717285e-01 6.195275776323060368e-01
6.391572952270507812e-01 6.239475770401046173e-01 6.461072564125061035e-01 6.225987485942550137e-01
6.404991745948791504e-01 6.238929940519915007e-01 6.402630209922790527e-01 6.204693083274441801e-01
6.453748345375061035e-01 6.226242232949773525e-01 6.398455500602722168e-01 6.212553680627337371e-01
6.444802284240722656e-01 6.203949843158574895e-01 6.414110064506530762e-01 6.200107514945332188e-01
6.433619856834411621e-01 6.225792154853726501e-01 6.470465660095214844e-01 6.178131727429825304e-01
6.446143984794616699e-01 6.222628448341801510e-01 6.497599482536315918e-01 6.181802400291600552e-01
6.480587124824523926e-01 6.183750816162807418e-01 6.497599482536315918e-01 6.167459218817049615e-01
6.456879377365112305e-01 6.184983894850150099e-01 6.492381691932678223e-01 6.164084672927856445e-01
6.436303257942199707e-01 6.188842126222133810e-01 6.428720355033874512e-01 6.162027567842762732e-01
6.435408592224121094e-01 6.177111728969041371e-01 6.462116241455078125e-01 6.145142697014009947e-01
6.498479247093200684e-01 6.169827506972630493e-01 6.457942128181457520e-01 6.137159525962444517e-01
6.466720104217529297e-01 6.166451472377794119e-01 6.509079337120056152e-01 6.141487931289545399e-01
6.472982764244079590e-01 6.184204419347292259e-01 6.557086110115051270e-01 6.123674710467224003e-01
6.498479247093200684e-01 6.166399565359884649e-01 6.513254046440124512e-01 6.118261352433363998e-01
6.463589072227478027e-01 6.171660531418207141e-01 6.511166691780090332e-01 6.126149088747688820e-01
6.495348215103149414e-01 6.149339274593106364e-01 6.499686837196350098e-01 6.114818070607154210e-01
6.446591615676879883e-01 6.173506850611013563e-01 6.498643159866333008e-01 6.123204882670931770e-01
6.516371369361877441e-01 6.130119317182383121e-01 6.487163305282592773e-01 6.122956510078829684e-01
6.497584581375122070e-01 6.142694843883995670e-01 6.550824642181396484e-01 6.094511805459518206e-01
6.490874886512756348e-01 6.157976767845754207e-01 6.488206982612609863e-01 6.099873965330447900e-01
6.479692459106445312e-01 6.131866707915291093e-01 6.526821255683898926e-01 6.087910240588768618e-01
6.515476703643798828e-01 6.117756099260691638e-01 6.542475223541259766e-01 6.074810614916308360e-01
6.504294276237487793e-01 6.101224450929408905e-01 6.514297723770141602e-01 6.100733700686370442e-01
6.523975729942321777e-01 6.104622091114851878e-01 6.547693610191345215e-01 6.073526411135145020e-01
6.534263491630554199e-01 6.107879847229475967e-01 6.548737287521362305e-01 6.061601090147559212e-01
6.537395119667053223e-01 6.093270107957113879e-01 6.548737287521362305e-01 6.072681651337363817e-01
6.601359844207763672e-01 6.090718233045727681e-01 6.568565964698791504e-01 6.046606634932653046e-01
6.538289785385131836e-01 6.091684032732140874e-01 6.543518900871276855e-01 6.075741393261079315e-01
6.558865904808044434e-01 6.080774002818306601e-01 6.576914787292480469e-01 6.061832014291675952e-01
6.532921791076660156e-01 6.098968613806809991e-01 6.529952287673950195e-01 6.065740988538698142e-01
6.537395119667053223e-01 6.106333297274582073e-01 6.554998755455017090e-01 6.055142770627673920e-01
