5.603864789009094238e-01 6.868093252757897504e-01 5.746190547943115234e-01 6.732402904823413525e-01
5.774288773536682129e-01 6.744255949418986873e-01 5.824462771415710449e-01 6.687254255162825567e-01
5.778314471244812012e-01 6.700001474803836121e-01 5.854727625846862793e-01 6.689402737614507100e-01
5.884326100349426270e-01 6.653285426367457900e-01 5.697140693664550781e-01 6.746461092990316821e-01
5.921005606651306152e-01 6.646063176671429540e-01 5.863076448440551758e-01 6.681607131344917683e-01
5.921452641487121582e-01 6.621654382821037244e-01 5.935086607933044434e-01 6.610474765014608955e-01
5.959473848342895508e-01 6.589463694532008420e-01 6.013358235359191895e-01 6.575281441622252698e-01
5.975129604339599609e-01 6.572871798691755085e-01 6.017532944679260254e-01 6.573280478738041666e-01
6.006888747215270996e-01 6.536230693927368440e-01 6.006053090095520020e-01 6.583653310101158507e-01
6.090087890625000000e-01 6.522572296509100420e-01 6.046754121780395508e-01 6.505787476471136532e-01
6.041778326034545898e-01 6.523600814380464685e-01 6.012314558029174805e-01 6.559943700354274876e-01
6.099928617477416992e-01 6.499308446029961051e-01 6.171989440917968750e-01 6.484319662604892676e-01
6.117820739746093750e-01 6.490386112321999690e-01 6.102066636085510254e-01 6.502957609918514903e-01
6.109769344329833984e-01 6.477350910312695831e-01 6.101022958755493164e-01 6.481794838839646244e-01
6.122741103172302246e-01 6.462861987170432920e-01 6.225214004516601562e-01 6.436207627384231689e-01
6.128108501434326172e-01 6.433782606522455705e-01 6.192861795425415039e-01 6.413601232182131184e-01
6.189837455749511719e-01 6.426653345724533395e-01 6.225214004516601562e-01 6.398732027836320224e-01
6.179996132850646973e-01 6.425183282104965921e-01 6.169902086257934570e-01 6.414247735560351105e-01
6.176865100860595703e-01 6.418782296324058168e-01 6.292005777359008789e-01 6.361712546643173427e-01
6.204598546028137207e-01 6.399941036687978313e-01 6.265915036201477051e-01 6.355930106223338649e-01
6.170155405998229980e-01 6.393205848335686836e-01 6.268002390861511230e-01 6.354456624415443233e-01
6.243961453437805176e-01 6.357139275931015243e-01 6.191818118095397949e-01 6.448799929074419124e-01
6.218464970588684082e-01 6.382003929176064405e-01 6.165727376937866211e-01 6.368100892101591359e-01
6.231883764266967773e-01 6.367668207034290484e-01 6.260697245597839355e-01 6.317669664910232630e-01
6.267668604850769043e-01 6.330074939452209337e-01 6.343143582344055176e-01 6.294907234178358513e-01
6.276167631149291992e-01 6.341312120907377503e-01 6.345230937004089355e-01 6.288888197655818635e-01
6.242172122001647949e-01 6.334812137986322034e-01 6.089543104171752930e-01 6.393906032086115188e-01
6.287797689437866211e-01 6.306345273821740705e-01 6.304529309272766113e-01 6.275176056937717961e-01
6.314635872840881348e-01 6.298906195886788684e-01 6.346274018287658691e-01 6.292014883520508084e-01
6.344605684280395508e-01 6.290838123967553708e-01 6.350448727607727051e-01 6.279919916342853181e-01
6.352657079696655273e-01 6.301002341298772569e-01 6.365059614181518555e-01 6.264601600640403722e-01
6.344158053398132324e-01 6.275732747918485455e-01 6.322270631790161133e-01 6.286886459077680733e-01
6.349973082542419434e-01 6.251656804363764364e-01 6.250261068344116211e-01 6.300655795497253076e-01
6.328055262565612793e-01 6.256648642813333883e-01 6.373408436775207520e-01 6.224754846586212365e-01
6.329844594001770020e-01 6.258655384670837041e-01 6.337925195693969727e-01 6.220319614458174051e-01
6.377705931663513184e-01 6.230433378711883741e-01 6.392193436622619629e-01 6.229049389234442291e-01
6.376364231109619141e-01 6.214571148023811942e-01 6.398455500602722168e-01 6.216429295556775703e-01
6.413043737411499023e-01 6.195558872861072208e-01 6.420371532440185547e-01 6.215101805317504446e-01
6.426015496253967285e-01 6.219032392303042167e-01 6.358797550201416016e-01 6.238353457686747205e-01
6.409017443656921387e-01 6.180086944136941041e-01 6.430807709693908691e-01 6.212726270722038757e-01
6.420200467109680176e-01 6.180284804576069435e-01 6.441243886947631836e-01 6.149205539202147186e-01
6.408570408821105957e-01 6.175430786697099217e-01 6.424546241760253906e-01 6.186383334362688391e-01
6.421989798545837402e-01 6.177270367440308441e-01 6.405760645866394043e-01 6.226183335409360975e-01
6.445696949958801270e-01 6.154656259312700772e-01 6.348361372947692871e-01 6.203149012697188880e-01
6.409912109375000000e-01 6.161344190107984620e-01 6.442287564277648926e-01 6.140187136989077032e-01
6.433172225952148438e-01 6.148506695606943406e-01 6.443331241607666016e-01 6.155406796865039443e-01
6.454195976257324219e-01 6.131618918641391636e-01 6.505948901176452637e-01 6.109821785220371781e-01
6.446591615676879883e-01 6.115134609024988066e-01 6.477770805358886719e-01 6.085262061210445772e-01
6.468957066535949707e-01 6.097487494160181987e-01 6.408891677856445312e-01 6.146852761488372785e-01
6.447486281394958496e-01 6.122938827424041497e-01 6.488206982612609863e-01 6.098852375682821680e-01
6.489533185958862305e-01 6.081656529622292418e-01 6.368190646171569824e-01 6.151723980256695867e-01
6.473429799079895020e-01 6.081319692886073547e-01 6.474639773368835449e-01 6.112490689000563693e-01
6.518160700798034668e-01 6.054018507342493471e-01 6.370277404785156250e-01 6.189257528806275666e-01
6.449722647666931152e-01 6.105162999800182178e-01 6.400542855262756348e-01 6.116752916625486369e-01
6.506530642509460449e-01 6.025378381145898299e-01 6.475683450698852539e-01 6.039340077051661426e-01
6.525765061378479004e-01 6.033292061144859275e-01 6.471509337425231934e-01 6.152793856011480322e-01
6.514135003089904785e-01 6.035887137319346785e-01 6.525777578353881836e-01 6.013795539746078500e-01
6.522186398506164551e-01 6.033458509115012802e-01 6.496555805206298828e-01 6.049569048729253051e-01
6.567364335060119629e-01 6.008658683519709776e-01 6.542475223541259766e-01 6.012898569837589191e-01
6.530685424804687500e-01 6.005356307318948650e-01 6.473596096038818359e-01 6.078099688292296632e-01
6.552156209945678711e-01 6.003890885268453603e-01 6.525777578353881836e-01 6.012769834752920151e-01
6.532474756240844727e-01 6.011929234423477597e-01 6.567522287368774414e-01 5.972135701848330092e-01
6.565127968788146973e-01 5.994817871999646997e-01 6.522646546363830566e-01 6.137861306272700546e-01
6.612989902496337891e-01 5.948823341894158290e-01 6.532039046287536621e-01 6.046250074374056593e-01
6.565575003623962402e-01 5.958526161365846896e-01 6.497599482536315918e-01 6.015301983134031527e-01
6.578994393348693848e-01 5.919894444364450781e-01 6.569609642028808594e-01 5.965195772319913381e-01
6.547682881355285645e-01 5.977711112538909299e-01 6.500730514526367188e-01 6.075889520445091341e-01
6.604938507080078125e-01 5.943576965483042818e-01 6.673972010612487793e-01 5.945768075033111000e-01
6.574074029922485352e-01 5.945104373591298952e-01 6.574828028678894043e-01 5.963155848326551212e-01
6.618357300758361816e-01 5.914032183364926754e-01 6.557086110115051270e-01 5.965691395205013903e-01
6.610753536224365234e-01 5.909628919186629137e-01 6.576914787292480469e-01 5.947037007285667087e-01
6.640722751617431641e-01 5.865789282021187656e-01 6.510123014450073242e-01 5.977019013852920004e-01
6.589729785919189453e-01 5.930003482021229955e-01 6.580045819282531738e-01 5.883867617838817177e-01
6.642512083053588867e-01 5.860815557774031737e-01 6.615529060363769531e-01 5.908819722049396539e-01
6.655036807060241699e-01 5.885457145355109665e-01 6.567522287368774414e-01 5.952154226403623127e-01
6.637144684791564941e-01 5.863446920475607893e-01 6.631183624267578125e-01 5.922053166556472403e-01
6.648327112197875977e-01 5.840286579450312265e-01 6.612398028373718262e-01 5.980372478906706979e-01
6.622830629348754883e-01 5.882792597402292101e-01 6.617616415023803711e-01 5.928783523367083808e-01
6.658614873886108398e-01 5.845928262845201395e-01 6.603005528450012207e-01 5.927373361572595423e-01
6.670244932174682617e-01 5.851431768190926697e-01 6.585264205932617188e-01 5.955971781482429783e-01
6.682769656181335449e-01 5.813171609204363932e-01 6.523690223693847656e-01 6.006204002064271519e-01
6.677849292755126953e-01 5.842244896719804848e-01 6.591525673866271973e-01 5.975268782740270623e-01
6.706476807594299316e-01 5.809991701192305236e-01 6.537257432937622070e-01 5.958871638891817257e-01
6.643406748771667480e-01 5.842580799447293360e-01 6.502817869186401367e-01 5.915651246018908127e-01
6.665772199630737305e-01 5.819198137469486776e-01 6.644750833511352539e-01 5.857440190682503545e-01
6.738235950469970703e-01 5.761521072992593639e-01 6.552911996841430664e-01 5.970950760639328614e-01
6.662193536758422852e-01 5.808580546136788980e-01 6.592569351196289062e-01 5.849521899989690299e-01
6.690374016761779785e-01 5.800086965947399698e-01 6.634314060211181641e-01 5.836337399094568834e-01
6.680533289909362793e-01 5.792325270540664706e-01 6.661448478698730469e-01 5.881765613947051996e-01
6.732420921325683594e-01 5.744309719271343262e-01 6.671884655952453613e-01 5.794127599801381923e-01
6.722132563591003418e-01 5.726142237941060920e-01 6.678146719932556152e-01 5.860405240594357412e-01
6.745392680168151855e-01 5.742992027156957890e-01 6.707367897033691406e-01 5.847484591459586323e-01
6.736893653869628906e-01 5.765301182820772308e-01 6.625965237617492676e-01 5.907614325785333076e-01
6.744050979614257812e-01 5.744982459374927686e-01 6.673972010612487793e-01 5.831511746839301846e-01
6.745840311050415039e-01 5.736843228745405199e-01 6.758505702018737793e-01 5.799281197782598651e-01
6.744498014450073242e-01 5.712614115224282640e-01 6.778334379196166992e-01 5.759120533397167341e-01
6.720790863037109375e-01 5.747663860223783949e-01 6.551868319511413574e-01 5.896708309040814555e-01
6.758364439010620117e-01 5.706639701084280647e-01 6.629096269607543945e-01 5.799618980576514149e-01
6.753444075584411621e-01 5.733284697611145120e-01 6.729283928871154785e-01 5.788990460216464351e-01
6.750760674476623535e-01 5.681342615768124604e-01 6.795032620429992676e-01 5.789236252926456272e-01
