5.444176197052001953e-01 7.083929935835153735e-01 5.738885402679443359e-01 6.747491539358172474e-01
5.696457624435424805e-01 6.792703206071190047e-01 5.820288062095642090e-01 6.684973972298063893e-01
5.809625983238220215e-01 6.715583239029976337e-01 5.778543353080749512e-01 6.738146711829011704e-01
5.857934951782226562e-01 6.694847529210479209e-01 5.945522785186767578e-01 6.637750840391104523e-01
5.941134095191955566e-01 6.660199994946192081e-01 6.037361621856689453e-01 6.640743577910773743e-01
5.955895781517028809e-01 6.646816402561742665e-01 5.898559689521789551e-01 6.654787231302788930e-01
5.944712758064270020e-01 6.651272356968741528e-01 6.037361621856689453e-01 6.624221699119883233e-01
5.958132147789001465e-01 6.658758379666958049e-01 5.914214253425598145e-01 6.625421018098843762e-01
5.966631174087524414e-01 6.626887415960833749e-01 5.894385576248168945e-01 6.647322564178805848e-01
5.976471900939941406e-01 6.637602629229002460e-01 5.962221026420593262e-01 6.656088584700050603e-01
5.997048020362854004e-01 6.625112537131323531e-01 5.755583643913269043e-01 6.698651903980934463e-01
5.985417962074279785e-01 6.624573147196658462e-01 6.011270880699157715e-01 6.591089586951841550e-01
6.027017235755920410e-01 6.603064849095559019e-01 5.881862044334411621e-01 6.665964530420512846e-01
6.005994081497192383e-01 6.618515672293816543e-01 6.005009412765502930e-01 6.605375007656466568e-01
5.975577235221862793e-01 6.613268691091253038e-01 6.029012799263000488e-01 6.616189788114897885e-01
5.995258688926696777e-01 6.619427586565889143e-01 5.993529558181762695e-01 6.601718363098052489e-01
5.993916392326354980e-01 6.615812289286094883e-01 5.989354848861694336e-01 6.611768830621249649e-01
6.047146320343017578e-01 6.588061676935723643e-01 6.055103540420532227e-01 6.604168325867888489e-01
6.040436625480651855e-01 6.593669127492278736e-01 6.047797799110412598e-01 6.579284769860221926e-01
6.028806567192077637e-01 6.587006631958013392e-01 6.013358235359191895e-01 6.612414960895045546e-01
6.054750680923461914e-01 6.593982497872382664e-01 6.094760894775390625e-01 6.581006349563797153e-01
6.051172018051147461e-01 6.594833026612288984e-01 6.072844862937927246e-01 6.569901530490342978e-01
6.071748137474060059e-01 6.571860586430182671e-01 6.133375167846679688e-01 6.557131986159219217e-01
6.049830317497253418e-01 6.601163244968365484e-01 6.001878380775451660e-01 6.602481615441350149e-01
6.051172018051147461e-01 6.579591046934115672e-01 6.006053090095520020e-01 6.604442907210755775e-01
6.021649837493896484e-01 6.588894513579467427e-01 6.088499426841735840e-01 6.591366922225864178e-01
6.056539416313171387e-01 6.588111773205264088e-01 6.106240749359130859e-01 6.591245866448862678e-01
6.101270318031311035e-01 6.561760018199901401e-01 6.084324717521667480e-01 6.582735270056488952e-01
6.090534925460815430e-01 6.571580058539951974e-01 5.972657203674316406e-01 6.577200965477265626e-01
6.091429591178894043e-01 6.577312798507739533e-01 5.957002639770507812e-01 6.607063973753667385e-01
6.080247163772583008e-01 6.572157183472426834e-01 6.018576622009277344e-01 6.559356592737093372e-01
6.044462323188781738e-01 6.575074646016058066e-01 6.091629862785339355e-01 6.569672706256055594e-01
6.088298559188842773e-01 6.561042169036667149e-01 6.114589571952819824e-01 6.507848375800555640e-01
6.065933108329772949e-01 6.549824330563152053e-01 6.129200458526611328e-01 6.523540270674380581e-01
6.072642803192138672e-01 6.551841019005740785e-01 6.114589571952819824e-01 6.517718384321137259e-01
6.060565114021301270e-01 6.536208364634633616e-01 6.056147217750549316e-01 6.587993349717470304e-01
6.071300506591796875e-01 6.561019349597310146e-01 6.060321331024169922e-01 6.532094543424584732e-01
6.093665957450866699e-01 6.523915729319650358e-01 6.106240749359130859e-01 6.526855925159099625e-01
6.108427047729492188e-01 6.524444737338832567e-01 6.121895313262939453e-01 6.489789712978937253e-01
6.124082803726196289e-01 6.524069550042076449e-01 6.053016185760498047e-01 6.519369436838113874e-01
6.070406436920166016e-01 6.556105841505098786e-01 6.131287813186645508e-01 6.552038949532689172e-01
6.085614562034606934e-01 6.543711207381811557e-01 6.110415458679199219e-01 6.532196464008092063e-01
6.109769344329833984e-01 6.511410876087435629e-01 6.153203845024108887e-01 6.490598750298567365e-01
6.137055158615112305e-01 6.513717564322436537e-01 6.075975894927978516e-01 6.547411467605531721e-01
6.142870187759399414e-01 6.502590620532661125e-01 6.199123263359069824e-01 6.491380514916436084e-01
6.120504736900329590e-01 6.484638437919357790e-01 6.041536331176757812e-01 6.527858638011994064e-01
6.160314679145812988e-01 6.485913847742236227e-01 6.117720603942871094e-01 6.449970193183937051e-01
6.181785464286804199e-01 6.466410161877684803e-01 6.171989440917968750e-01 6.434079572493087706e-01
6.154499650001525879e-01 6.497200442717014912e-01 6.157378554344177246e-01 6.436782272641830005e-01
6.192968487739562988e-01 6.453897223039184450e-01 6.090586781501770020e-01 6.459411026366044251e-01
6.151368618011474609e-01 6.476687926323816402e-01 6.130244135856628418e-01 6.465916840623550099e-01
6.171497702598571777e-01 6.452835156145878548e-01 6.164683699607849121e-01 6.441916677454672113e-01
6.175970435142517090e-01 6.447165833536511181e-01 6.208515763282775879e-01 6.421603178634596176e-01
6.202809214591979980e-01 6.418871682815121549e-01 6.168858408927917480e-01 6.414877884921935669e-01
6.201466917991638184e-01 6.423818217468807434e-01 6.218951940536499023e-01 6.382839486385482042e-01
6.192073822021484375e-01 6.399047647206764777e-01 6.230431795120239258e-01 6.381074199843720374e-01
6.225621700286865234e-01 6.406632715569218206e-01 6.274264454841613770e-01 6.359041454124689796e-01
6.226516366004943848e-01 6.409025745861942625e-01 6.277394890785217285e-01 6.342963428393805225e-01
6.237698793411254883e-01 6.387439495038209625e-01 6.150072813034057617e-01 6.409004789457717344e-01
6.233226060867309570e-01 6.367846477178880082e-01 6.252348423004150391e-01 6.421249373873298971e-01
6.288244724273681641e-01 6.358227874516459988e-01 6.139636635780334473e-01 6.453928579320690195e-01
6.292718052864074707e-01 6.332904473467021456e-01 6.177207231521606445e-01 6.409833966951682394e-01
6.258722543716430664e-01 6.351373898874221879e-01 6.246086359024047852e-01 6.338397629747209994e-01
6.271247267723083496e-01 6.359030411972472763e-01 6.225214004516601562e-01 6.340434983686822346e-01
6.310162544250488281e-01 6.311581427220432916e-01 6.078063249588012695e-01 6.460532150296421916e-01
6.309268474578857422e-01 6.326584193804200007e-01 6.219995617866516113e-01 6.314359626648595736e-01
6.321345567703247070e-01 6.286168166490078146e-01 6.275308132171630859e-01 6.315783008332791493e-01
6.337895989418029785e-01 6.283717388905402101e-01 6.319140195846557617e-01 6.248014677518893834e-01
6.267668604850769043e-01 6.315134263226332978e-01 6.102066636085510254e-01 6.371256438259091937e-01
6.342368721961975098e-01 6.255872384297610500e-01 6.334794163703918457e-01 6.242559213425316056e-01
6.374127864837646484e-01 6.219471961254509074e-01 6.254435181617736816e-01 6.252987189099824539e-01
6.347736716270446777e-01 6.255727167589375526e-01 6.318096518516540527e-01 6.258175989153788032e-01
6.385757923126220703e-01 6.229954151182401922e-01 6.300354599952697754e-01 6.279865174247735160e-01
6.373680233955383301e-01 6.212087103923374931e-01 6.320183873176574707e-01 6.209019125565385933e-01
6.412596106529235840e-01 6.207335844921242352e-01 6.309747695922851562e-01 6.206956003036212532e-01
6.399176716804504395e-01 6.158468500619541652e-01 6.409935355186462402e-01 6.144970150587081292e-01
6.435408592224121094e-01 6.165631555406069220e-01 6.346274018287658691e-01 6.188123059083663335e-01
6.446591615676879883e-01 6.125723298450428400e-01 6.368190646171569824e-01 6.154223557455110738e-01
6.391572952270507812e-01 6.161627098024797800e-01 6.312878131866455078e-01 6.299243299156408460e-01
6.415280103683471680e-01 6.173134224213050469e-01 6.432895064353942871e-01 6.156438529379455460e-01
6.412596106529235840e-01 6.123209147658922324e-01 6.355667114257812500e-01 6.224587802547573157e-01
6.460458040237426758e-01 6.119983904496952842e-01 6.426633000373840332e-01 6.086225446319062371e-01
6.502057909965515137e-01 6.091842869139033612e-01 6.441243886947631836e-01 6.130931910879301450e-01
6.510109305381774902e-01 6.057952226839972143e-01 6.458985805511474609e-01 6.161895090019346988e-01
6.497584581375122070e-01 6.089224411392279990e-01 6.487163305282592773e-01 6.117078573214587145e-01
6.534263491630554199e-01 6.083507469588133043e-01 6.336881518363952637e-01 6.219131532901762682e-01
6.524422764778137207e-01 6.070398843806722455e-01 6.485075950622558594e-01 6.032177750413887374e-01
6.556628942489624023e-01 6.011815828721623900e-01 6.438112854957580566e-01 6.111212930881362304e-01
6.547682881355285645e-01 6.016399878511959898e-01 6.468378305435180664e-01 6.094787813905035989e-01
6.568259000778198242e-01 5.978240353153779774e-01 6.511166691780090332e-01 6.079846568058836498e-01
6.553497910499572754e-01 5.981114415538867357e-01 6.361928582191467285e-01 6.184338140751419743e-01
6.565575003623962402e-01 5.973265653945696307e-01 6.532039046287536621e-01 6.046004259643562584e-01
6.581230759620666504e-01 5.989841334955021690e-01 6.505948901176452637e-01 6.095686291533605194e-01
6.542762517929077148e-01 5.971143483731673474e-01 6.522646546363830566e-01 6.070163074925158941e-01
6.587940454483032227e-01 5.958441177236093456e-01 6.515341401100158691e-01 5.983112368696145156e-01
6.594650149345397949e-01 5.955734521678488491e-01 6.487163305282592773e-01 6.032539779770177413e-01
6.563786268234252930e-01 5.947689169377626817e-01 6.429764032363891602e-01 6.133261275077458441e-01
6.597781181335449219e-01 5.965263091253026895e-01 6.464203596115112305e-01 6.082840143352827855e-01
6.612542271614074707e-01 5.916471008026742417e-01 6.552911996841430664e-01 5.971031349702061730e-01
6.605833172798156738e-01 5.946727887443874483e-01 6.522646546363830566e-01 6.010262041170545411e-01
