5.540347099304199219e-01 6.856901733323699233e-01 5.922563076019287109e-01 6.692633418344152707e-01
5.841385126113891602e-01 6.693595661036036981e-01 5.848466157913208008e-01 6.668793381790705244e-01
5.890588760375976562e-01 6.649247419431013606e-01 5.853683948516845703e-01 6.689636663513724990e-01
5.960816144943237305e-01 6.618353137711460166e-01 5.964307785034179688e-01 6.617193030330686954e-01
6.027017235755920410e-01 6.577174019293103857e-01 6.070757508277893066e-01 6.525863992274616443e-01
6.040883660316467285e-01 6.569613802729490359e-01 6.077019572257995605e-01 6.532370250550024737e-01
6.077115535736083984e-01 6.540014244486722639e-01 5.797328352928161621e-01 6.668577971898347334e-01
6.048935651779174805e-01 6.544547978742623062e-01 6.117720603942871094e-01 6.526440753615293522e-01
6.123635768890380859e-01 6.512996991944667302e-01 6.053016185760498047e-01 6.533188124559936583e-01
6.124082803726196289e-01 6.482925975785568395e-01 6.233562827110290527e-01 6.431718953117102622e-01
6.192520856857299805e-01 6.448459902311356462e-01 6.182425618171691895e-01 6.431287088291651743e-01
6.170603036880493164e-01 6.446833474560572652e-01 6.069713830947875977e-01 6.443335558372359495e-01
6.189837455749511719e-01 6.433227006236008627e-01 6.188687086105346680e-01 6.439571638640768647e-01
6.211307644844055176e-01 6.409917310837407456e-01 6.286787986755371094e-01 6.368617198706618687e-01
6.276167631149291992e-01 6.367425854271352437e-01 6.262784600257873535e-01 6.357033993699708896e-01
6.273036599159240723e-01 6.366617620407223344e-01 6.170945763587951660e-01 6.379827725889787304e-01
6.301216483116149902e-01 6.333382337629570591e-01 6.334794163703918457e-01 6.296746091463450989e-01
6.252012848854064941e-01 6.356056126334155287e-01 6.268002390861511230e-01 6.366036025598487136e-01
6.277956962585449219e-01 6.332360164149543058e-01 6.317052841186523438e-01 6.295426669436291478e-01
6.297638416290283203e-01 6.309089104483818211e-01 6.373408436775207520e-01 6.245607519866379631e-01
6.330738663673400879e-01 6.290270562333185600e-01 6.320183873176574707e-01 6.252888969826663201e-01
6.343711018562316895e-01 6.250652897910369266e-01 6.430807709693908691e-01 6.218380681708520763e-01
6.350420713424682617e-01 6.260194420963819395e-01 6.307660341262817383e-01 6.271226892538992459e-01
6.374574899673461914e-01 6.228399424118653549e-01 6.379670500755310059e-01 6.240747810480017366e-01
6.412149071693420410e-01 6.213389312374205664e-01 6.345230937004089355e-01 6.207682066734089288e-01
6.408570408821105957e-01 6.188811092880932563e-01 6.323314309120178223e-01 6.272546925417343822e-01
6.372785568237304688e-01 6.196305006342553989e-01 6.383844614028930664e-01 6.197154341423792845e-01
6.441223621368408203e-01 6.183515306362890041e-01 6.266958713531494141e-01 6.242625536811150511e-01
6.464483737945556641e-01 6.145223310028297137e-01 6.444374918937683105e-01 6.179662874585476473e-01
6.460905075073242188e-01 6.149438201773249624e-01 6.465247273445129395e-01 6.121527316599643109e-01
6.479244828224182129e-01 6.123158987614865101e-01 6.408891677856445312e-01 6.121160251639924388e-01
6.498479247093200684e-01 6.098330596261597458e-01 6.397411823272705078e-01 6.123309024712457749e-01
6.489980220794677734e-01 6.080872647812208820e-01 6.462116241455078125e-01 6.118301119094750051e-01
6.550813913345336914e-01 6.055824819223721844e-01 6.517428755760192871e-01 6.024781064060580338e-01
6.546341180801391602e-01 6.059419858602830278e-01 6.335837841033935547e-01 6.176817738370391497e-01
6.536500453948974609e-01 6.074868053395156009e-01 6.503861546516418457e-01 6.030795194863327602e-01
6.564233303070068359e-01 6.010022485676381754e-01 6.484032273292541504e-01 6.074183707047146052e-01
6.543210148811340332e-01 6.039084731988604293e-01 6.600918173789978027e-01 6.021547901981236794e-01
6.561102271080017090e-01 5.974722605503229866e-01 6.466290950775146484e-01 6.046495665291659050e-01
6.580783724784851074e-01 5.976288873621636855e-01 6.495512127876281738e-01 6.073588615816387648e-01
6.592413783073425293e-01 5.961842692523293685e-01 6.559173464775085449e-01 5.980085068942360138e-01
6.537395119667053223e-01 6.008801412275256437e-01 6.476727128028869629e-01 6.022079240875188866e-01
6.607621908187866211e-01 5.946070378465289075e-01 6.563348174095153809e-01 6.012367512980225648e-01
6.606280207633972168e-01 5.933857382058371766e-01 6.573784351348876953e-01 6.008485757441193176e-01
6.630882024765014648e-01 5.934452644015578704e-01 6.584220528602600098e-01 5.955308553844571584e-01
6.692163348197937012e-01 5.890375968381444949e-01 6.547693610191345215e-01 5.998974379033092941e-01
6.612095236778259277e-01 5.945417389905522931e-01 6.599874496459960938e-01 5.965293410600189805e-01
6.676507592201232910e-01 5.861935121340366983e-01 6.625965237617492676e-01 5.928865145154000871e-01
6.651905775070190430e-01 5.868340578482773573e-01 6.576914787292480469e-01 5.997368944907979227e-01
6.681427955627441406e-01 5.844551132667638038e-01 6.572740674018859863e-01 5.917441447327067561e-01
6.685006022453308105e-01 5.832446203459608070e-01 6.613441705703735352e-01 5.932759796993340995e-01
6.676954627037048340e-01 5.846524620700296326e-01 6.615529060363769531e-01 5.887525611992694419e-01
6.716765165328979492e-01 5.800228193975514035e-01 6.544562578201293945e-01 5.933232824356017288e-01
6.680980324745178223e-01 5.812265104035141405e-01 6.511166691780090332e-01 5.956291397611673810e-01
6.744050979614257812e-01 5.795382310653505176e-01 6.673972010612487793e-01 5.843789181612747408e-01
6.725711226463317871e-01 5.793109596106208459e-01 6.659361124038696289e-01 5.826183721233424428e-01
6.702898740768432617e-01 5.773111511842362598e-01 6.665623188018798828e-01 5.851637702897902749e-01
6.742261648178100586e-01 5.765912469351818226e-01 6.679190397262573242e-01 5.872050832044951596e-01
6.724816560745239258e-01 5.748558832336824187e-01 6.589438319206237793e-01 5.840525989292608688e-01
6.728395223617553711e-01 5.748026211992489642e-01 6.659361124038696289e-01 5.778671279502944902e-01
6.760601401329040527e-01 5.710303548901425330e-01 6.625965237617492676e-01 5.828877773172446153e-01
6.790123581886291504e-01 5.686205479855144240e-01 6.640576124191284180e-01 5.776543184178678514e-01
6.783413887023925781e-01 5.679082743254303400e-01 6.676059365272521973e-01 5.790332425514010950e-01
6.782966256141662598e-01 5.712251104274489455e-01 6.710498929023742676e-01 5.803269273899861469e-01
6.817856431007385254e-01 5.694084932241441077e-01 6.615529060363769531e-01 5.897942908346167634e-01
6.853641271591186523e-01 5.657956573954207036e-01 6.759549379348754883e-01 5.736609722970298364e-01
6.808463335037231445e-01 5.663912733438553060e-01 6.735545992851257324e-01 5.749417242091175995e-01
6.825907826423645020e-01 5.641114889967524526e-01 6.744938492774963379e-01 5.764085333945979661e-01
6.852298974990844727e-01 5.612066808850036947e-01 6.740763783454895020e-01 5.772863638299016165e-01
6.782966256141662598e-01 5.668744856182077463e-01 6.768941879272460938e-01 5.700163296333461416e-01
6.777598857879638672e-01 5.665234032652419760e-01 6.743894815444946289e-01 5.763636542197633217e-01
6.867954730987548828e-01 5.622394888084079057e-01 6.800250411033630371e-01 5.731537940606172832e-01
6.837985515594482422e-01 5.591885732354535676e-01 6.790857911109924316e-01 5.740015382085954521e-01
6.883163452148437500e-01 5.606902071925859987e-01 6.741807460784912109e-01 5.665200132339340833e-01
6.863929033279418945e-01 5.560674321610933335e-01 6.836777329444885254e-01 5.674453218977030255e-01
6.867507696151733398e-01 5.567729486231515201e-01 6.838864684104919434e-01 5.713486393143453190e-01
6.879584789276123047e-01 5.592127846869527907e-01 6.755374670028686523e-01 5.703242475517207311e-01
6.881374120712280273e-01 5.550804464094838409e-01 6.812773942947387695e-01 5.655593627729835760e-01
6.912238597869873047e-01 5.510581923546401528e-01 6.738676428794860840e-01 5.732464434283930377e-01
6.900160908699035645e-01 5.506403180434806810e-01 6.796075701713562012e-01 5.726142160779522650e-01
6.877795457839965820e-01 5.552997277917279817e-01 6.753287315368652344e-01 5.713031362253100376e-01
6.939971446990966797e-01 5.480450251742752243e-01 6.802337765693664551e-01 5.666914854336322360e-01
6.940418481826782227e-01 5.509968577780990362e-01 6.898351311683654785e-01 5.593986417052393412e-01
6.937287449836730957e-01 5.466522384167655790e-01 6.875391602516174316e-01 5.588264845901032007e-01
6.950706839561462402e-01 5.493524822998524515e-01 6.755374670028686523e-01 5.623708301410623722e-01
6.951601505279541016e-01 5.482807650850206604e-01 6.808599233627319336e-01 5.675552610663276987e-01
6.964573264122009277e-01 5.455312461092851617e-01 6.924441456794738770e-01 5.555104385261320221e-01
6.971282958984375000e-01 5.448834729239432351e-01 6.798163056373596191e-01 5.768369421334884617e-01
6.963678598403930664e-01 5.468445529684352602e-01 6.877478361129760742e-01 5.573920284848301598e-01
6.952048540115356445e-01 5.486508847178788173e-01 6.871216893196105957e-01 5.596148899815271971e-01
6.956074237823486328e-01 5.463999558548783275e-01 6.870173215866088867e-01 5.593467916608280133e-01
6.982018351554870605e-01 5.442352070537955777e-01 6.846169829368591309e-01 5.613005699108150059e-01
6.947575807571411133e-01 5.496830919983776154e-01 6.891045570373535156e-01 5.563011104491776271e-01
6.945786476135253906e-01 5.466250238253916871e-01 6.880609393119812012e-01 5.577429903745402262e-01
6.971729993820190430e-01 5.420042089698011711e-01 6.713629961013793945e-01 5.719535167668612363e-01
6.985149383544921875e-01 5.415866647877490836e-01 6.902525424957275391e-01 5.607278470927353764e-01
6.972177624702453613e-01 5.389507157599100484e-01 6.751199960708618164e-01 5.817309251734320563e-01
6.959652900695800781e-01 5.425632358301216707e-01 6.932790875434875488e-01 5.539770196012155923e-01
7.033458352088928223e-01 5.376748485628319862e-01 6.911917924880981445e-01 5.530735312635827183e-01
6.923868060111999512e-01 5.534132141869873012e-01 6.766854524612426758e-01 5.699421022685279281e-01
