4.987475275993347168e-01 2.230181770090938098e+00 5.009392499923706055e-01 7.730497868641810211e-01
5.005367398262023926e-01 7.199430614149960883e-01 5.009392499923706055e-01 6.948336555673643167e-01
4.994184970855712891e-01 7.106697174256720873e-01 5.009392499923706055e-01 6.931633381349909806e-01
4.995526969432830811e-01 7.079430223044522741e-01 4.990607500076293945e-01 6.951717656580845839e-01
4.953927397727966309e-01 7.052473767240138303e-01 4.990607500076293945e-01 6.956765428636447757e-01
5.012524724006652832e-01 7.049248275058942470e-01 5.009392499923706055e-01 6.931886935104684122e-01
5.000894665718078613e-01 7.040904829467552473e-01 5.009392499923706055e-01 6.931501528560380931e-01
5.033995509147644043e-01 7.056728476252873694e-01 5.009392499923706055e-01 6.931454524618677615e-01
5.007604360580444336e-01 7.029611618579830745e-01 5.009392499923706055e-01 6.944350955556464200e-01
4.983449578285217285e-01 7.094130593584142552e-01 4.990607500076293945e-01 7.059677403596715806e-01
4.978976547718048096e-01 7.034375064593560989e-01 4.990607500076293945e-01 6.949224775107711860e-01
4.973161518573760986e-01 7.017641119228362756e-01 4.990607500076293945e-01 7.051339870677614252e-01
4.960189759731292725e-01 7.011875450173864488e-01 4.990607500076293945e-01 6.963596267855458599e-01
4.978976547718048096e-01 7.024376234101319394e-01 4.990607500076293945e-01 7.002525749969920055e-01
5.008499026298522949e-01 7.007486753460332451e-01 5.009392499923706055e-01 6.946312832673091631e-01
5.016997456550598145e-01 7.012229581961885172e-01 5.009392499923706055e-01 6.931525897541814807e-01
4.998658001422882080e-01 6.975504731018570270e-01 5.009392499923706055e-01 6.933258180328660814e-01
5.039362907409667969e-01 7.005671755660516364e-01 4.990607500076293945e-01 7.000336222299278210e-01
4.991053938865661621e-01 7.091311786592401356e-01 4.990607500076293945e-01 7.056682929692101869e-01
5.045625567436218262e-01 6.996411119895493691e-01 4.990607500076293945e-01 7.003792882139810994e-01
4.951243400573730469e-01 7.001669070954867902e-01 4.990607500076293945e-01 6.945166007707572753e-01
5.003578662872314453e-01 6.996117678945319440e-01 5.009392499923706055e-01 6.931995542331569338e-01
5.035784840583801270e-01 7.013304425194515357e-01 5.009392499923706055e-01 6.947476396205355398e-01
5.043836236000061035e-01 7.030932997991753419e-01 4.990607500076293945e-01 6.932901732485171609e-01
5.029075145721435547e-01 6.987320464654309671e-01 5.009392499923706055e-01 6.933505726343305309e-01
4.993290305137634277e-01 7.025058857655350764e-01 5.009392499923706055e-01 6.936624281293438665e-01
5.037573575973510742e-01 6.992055718172298651e-01 5.009392499923706055e-01 6.942510761987737977e-01
4.940508008003234863e-01 7.001163492925394083e-01 4.990607500076293945e-01 6.997219203683434641e-01
5.008946061134338379e-01 7.255353777134305737e-01 5.009392499923706055e-01 7.802894271706469764e-01
4.989711940288543701e-01 7.727971492352863070e-01 5.009392499923706055e-01 6.931486136230041728e-01
4.995974302291870117e-01 7.040776470454439551e-01 5.009392499923706055e-01 6.942932806913749699e-01
5.008051395416259766e-01 7.024911773782827051e-01 4.990607500076293945e-01 6.931820658994501949e-01
4.971819519996643066e-01 7.017843524508323716e-01 5.009392499923706055e-01 6.944212014280513046e-01
4.985686242580413818e-01 7.100675278069146223e-01 4.990607500076293945e-01 6.931535558570179889e-01
5.017445087432861328e-01 7.073628313534160439e-01 4.990607500076293945e-01 6.973349105164741157e-01
4.946323037147521973e-01 7.006870105923939107e-01 5.009392499923706055e-01 6.931932298456843222e-01
5.044283270835876465e-01 6.998150968705206809e-01 4.990607500076293945e-01 6.932605624298441294e-01
5.008946061134338379e-01 7.067739774980748013e-01 4.990607500076293945e-01 6.941017642744745642e-01
4.967346489429473877e-01 7.095132449334882185e-01 5.009392499923706055e-01 6.952883750604602620e-01
4.966899156570434570e-01 7.179054160048996547e-01 5.009392499923706055e-01 7.245709751399268539e-01
4.980765879154205322e-01 7.105661622312078318e-01 5.009392499923706055e-01 7.022553593747626888e-01
5.013866424560546875e-01 7.929317936591843141e-01 4.990607500076293945e-01 6.932546758149118471e-01
4.986133575439453125e-01 7.249925447866856221e-01 5.009392499923706055e-01 7.516793782465693852e-01
4.940508008003234863e-01 7.079524021921654864e-01 4.990607500076293945e-01 6.934651579545351163e-01
5.015655755996704102e-01 7.048630574923078207e-01 4.990607500076293945e-01 6.931664826874442964e-01
4.984791576862335205e-01 7.066311202976651717e-01 5.009392499923706055e-01 7.409593296857199807e-01
4.995079636573791504e-01 7.114384883971733853e-01 4.990607500076293945e-01 6.941658662644937250e-01
4.979871213436126709e-01 7.072496369073164590e-01 4.990607500076293945e-01 7.020130712586388766e-01
5.031311511993408203e-01 4.152869395075852843e+00 4.990607500076293945e-01 8.898698354011237432e-01
4.987027943134307861e-01 7.526594795104023516e-01 4.990607500076293945e-01 6.931715246730845159e-01
4.982554912567138672e-01 7.040319486687319772e-01 5.009392499923706055e-01 6.938214487930947083e-01
5.037573575973510742e-01 7.017269514395781949e-01 4.990607500076293945e-01 6.933301441531618536e-01
5.020576119422912598e-01 7.005494012242247104e-01 5.009392499923706055e-01 6.951703219467502137e-01
5.008946061134338379e-01 6.994989414529907412e-01 5.009392499923706055e-01 6.933354886905357395e-01
4.959295094013214111e-01 7.001132865693492358e-01 5.009392499923706055e-01 6.935202968665489243e-01
5.023707151412963867e-01 6.974233428573198834e-01 5.009392499923706055e-01 6.932759049714569688e-01
4.982554912567138672e-01 6.963079246665864197e-01 5.009392499923706055e-01 6.937440934845062745e-01
4.996421635150909424e-01 6.966286496349087809e-01 4.990607500076293945e-01 6.949517447598615449e-01
5.016550421714782715e-01 6.962442715770764678e-01 5.009392499923706055e-01 6.958324962955156900e-01
5.001789331436157227e-01 6.959399051243086998e-01 5.009392499923706055e-01 6.936424415137916188e-01
4.990606606006622314e-01 6.952224284554449074e-01 4.990607500076293945e-01 6.933125932165387084e-01
4.978529214859008789e-01 6.953354993304192710e-01 4.990607500076293945e-01 6.956851589259213098e-01
5.049651265144348145e-01 6.963251165700398149e-01 4.990607500076293945e-01 6.958293739004141054e-01
4.969583153724670410e-01 6.957920589543429291e-01 5.009392499923706055e-01 6.934375664531450267e-01
5.002236366271972656e-01 6.956020157352972300e-01 4.990607500076293945e-01 6.955097210081303549e-01
4.936929643154144287e-01 6.957729310783765664e-01 5.009392499923706055e-01 6.932378472004919745e-01
5.050545930862426758e-01 6.966453796210283489e-01 4.990607500076293945e-01 6.932397699137118341e-01
5.035337209701538086e-01 6.985258512408218934e-01 5.009392499923706055e-01 6.985355818030282160e-01
5.023707151412963867e-01 6.972506847209251069e-01 4.990607500076293945e-01 6.931972892317734836e-01
4.973608851432800293e-01 6.987097059854946446e-01 5.009392499923706055e-01 6.959026885838828225e-01
5.011182427406311035e-01 6.993931041866151554e-01 5.009392499923706055e-01 7.027742638515296347e-01
5.003131031990051270e-01 6.975359040054017745e-01 5.009392499923706055e-01 6.938035646875325702e-01
5.017892122268676758e-01 6.974887426007431168e-01 5.009392499923706055e-01 6.972366647191844402e-01
4.928878247737884521e-01 6.993755667809831156e-01 5.009392499923706055e-01 6.931787663326212101e-01
4.949901700019836426e-01 6.993007274918787708e-01 5.009392499923706055e-01 7.371646952240931139e-01
4.995079636573791504e-01 7.037122624571836571e-01 5.009392499923706055e-01 7.045333746628631433e-01
5.014761090278625488e-01 7.148864159624144232e-01 4.990607500076293945e-01 6.937008076982094096e-01
5.035337209701538086e-01 7.023523653272354395e-01 4.990607500076293945e-01 7.122482335584892077e-01
4.975398182868957520e-01 7.095087331530232078e-01 4.990607500076293945e-01 6.992837684160979617e-01
5.000000000000000000e-01 7.013917041712187661e-01 4.990607500076293945e-01 6.982564803728403824e-01
5.023707151412963867e-01 7.056496126597587848e-01 4.990607500076293945e-01 6.948003875788754113e-01
5.022812485694885254e-01 7.083675440212208185e-01 4.990607500076293945e-01 7.275273932019247214e-01
5.044730901718139648e-01 7.218658683082033178e-01 5.009392499923706055e-01 7.299610240129508210e-01
4.955269396305084229e-01 1.300090210374640121e+00 5.009392499923706055e-01 6.931457458446130815e-01
4.971372485160827637e-01 7.060906341665011965e-01 4.990607500076293945e-01 6.931553262804326376e-01
5.029522180557250977e-01 7.021916400428577232e-01 4.990607500076293945e-01 7.047480625564831458e-01
5.000000000000000000e-01 6.989136628205372403e-01 4.990607500076293945e-01 6.931744297370361352e-01
4.954822063446044922e-01 7.010489299314822675e-01 4.990607500076293945e-01 6.946033102389641556e-01
5.017445087432861328e-01 6.983474417094532871e-01 4.990607500076293945e-01 7.054728699287823313e-01
5.016997456550598145e-01 6.992076919253300549e-01 5.009392499923706055e-01 6.965428746535369253e-01
5.012971758842468262e-01 6.992579401659184679e-01 4.990607500076293945e-01 8.097887635853066035e-01
4.978529214859008789e-01 7.044897112954726648e-01 4.990607500076293945e-01 7.081617449599401093e-01
5.046520233154296875e-01 7.022597382908580821e-01 4.990607500076293945e-01 6.965928647867002388e-01
5.014761090278625488e-01 7.041698420041361262e-01 5.009392499923706055e-01 7.001006030583526440e-01
4.992395639419555664e-01 7.023362265138255456e-01 4.990607500076293945e-01 7.198734621468179107e-01
4.967346489429473877e-01 7.022755915693316142e-01 5.009392499923706055e-01 7.230549032940443155e-01
4.997316300868988037e-01 7.073094318944965764e-01 4.990607500076293945e-01 7.229947198211114090e-01
5.007156729698181152e-01 7.077150394865771021e-01 4.990607500076293945e-01 6.960381519269455142e-01
4.997763335704803467e-01 7.080995600559264469e-01 4.990607500076293945e-01 7.031812065704160508e-01
5.034890174865722656e-01 7.069773562032563019e-01 4.990607500076293945e-01 6.932883150914446180e-01
