5.042941570281982422e-01 7.874306459763029675e-01 4.985389411449432373e-01 6.945159396207598590e-01
4.965110123157501221e-01 6.966646841460081285e-01 5.014610886573791504e-01 7.031668533215913452e-01
5.036231875419616699e-01 6.961753976581817049e-01 4.988520145416259766e-01 6.940931064976553211e-01
5.005815029144287109e-01 6.954213589307212118e-01 4.982258379459381104e-01 6.937290415015406886e-01
5.212918519973754883e-01 6.920068917003167064e-01 5.149238109588623047e-01 6.913628431382693451e-01
5.403470993041992188e-01 6.870928904540553050e-01 5.065748095512390137e-01 6.978642522504946433e-01
5.113615989685058594e-01 6.942824450987868934e-01 5.039657950401306152e-01 6.922928317432686107e-01
5.171765685081481934e-01 6.943875580231562150e-01 5.009392499923706055e-01 6.992227186790415105e-01
5.184738039970397949e-01 6.936732956859331667e-01 5.384053587913513184e-01 6.922112695609968780e-01
5.107353925704956055e-01 6.944709638295947229e-01 5.010436177253723145e-01 6.936988049647275778e-01
5.058149695396423340e-01 6.941643367621612715e-01 5.084533691406250000e-01 6.930078954418973369e-01
5.066648721694946289e-01 6.938956386395869202e-01 5.103318691253662109e-01 6.930416063659252668e-01
5.028180480003356934e-01 6.955589804459095804e-01 5.009392499923706055e-01 6.994210673856525728e-01
5.025049448013305664e-01 6.954296697954261974e-01 5.009392499923706055e-01 6.938620681081926200e-01
5.000894665718078613e-01 6.941942209356222193e-01 4.990607500076293945e-01 6.932488817358484212e-01
4.991948604583740234e-01 6.950322073502881448e-01 5.009392499923706055e-01 6.934745427686818120e-01
5.035784840583801270e-01 6.949548809723300469e-01 4.990607500076293945e-01 6.934121562503519076e-01
5.021470785140991211e-01 6.942667410078917634e-01 5.009392499923706055e-01 6.959773370254713765e-01
5.052334666252136230e-01 6.949908840654147602e-01 5.009392499923706055e-01 6.946906462837375562e-01
4.992395639419555664e-01 6.945819532664352369e-01 5.308912396430969238e-01 6.931029643899985215e-01
5.019234418869018555e-01 6.936264609497078126e-01 5.032352209091186523e-01 7.117163358414454466e-01
5.055466294288635254e-01 6.971347922821509169e-01 5.009392499923706055e-01 6.943885955723957393e-01
5.032206177711486816e-01 6.948969448096936619e-01 5.009392499923706055e-01 6.932645018850679408e-01
5.013866424560546875e-01 6.950498434677813142e-01 4.990607500076293945e-01 6.938510695769776193e-01
4.979423880577087402e-01 6.959823536561456914e-01 5.009392499923706055e-01 6.933751433335074710e-01
5.031758546829223633e-01 6.944195108585183851e-01 5.009392499923706055e-01 6.963503334871091743e-01
5.027732849121093750e-01 6.965902521926359281e-01 4.988520145416259766e-01 6.931392964503630960e-01
4.982107579708099365e-01 6.954599551937835633e-01 4.990607500076293945e-01 6.931505828529777036e-01
4.999552667140960693e-01 6.947037946945398001e-01 4.990607500076293945e-01 6.931847759015722366e-01
5.043388605117797852e-01 6.948294117660167579e-01 5.009392499923706055e-01 7.044094403584798547e-01
4.970925152301788330e-01 6.954284403656437741e-01 4.990607500076293945e-01 6.932637255815343735e-01
4.940060973167419434e-01 6.942575431228388272e-01 5.009392499923706055e-01 6.934404196880525895e-01
4.948112368583679199e-01 6.942597123949061366e-01 5.009392499923706055e-01 6.932672362590328596e-01
4.991948604583740234e-01 6.942209149115113886e-01 4.986432790756225586e-01 6.931827215878656467e-01
5.003578662872314453e-01 6.943767107030022201e-01 4.990607500076293945e-01 6.931302896050565154e-01
4.963320791721343994e-01 6.948850993117016150e-01 5.009392499923706055e-01 6.933423666385737372e-01
5.016550421714782715e-01 6.948765835580298367e-01 4.990607500076293945e-01 6.938591235193074525e-01
4.949901700019836426e-01 6.947010633855456030e-01 4.990607500076293945e-01 6.934359683868059898e-01
4.985238909721374512e-01 6.941441595501028905e-01 4.990607500076293945e-01 6.934851022832604350e-01
5.015655755996704102e-01 6.942623237267571135e-01 5.009392499923706055e-01 6.936990142838985740e-01
5.029522180557250977e-01 6.947482835310135885e-01 4.990607500076293945e-01 6.977223405582226867e-01
4.997763335704803467e-01 6.976399025180767266e-01 5.009392499923706055e-01 6.996239200187759355e-01
4.975845515727996826e-01 6.964396280452334054e-01 5.009392499923706055e-01 6.960564771765483938e-01
4.942744672298431396e-01 2.073010871399705195e+02 4.990607500076293945e-01 1.857224454513498824e+00
4.957953095436096191e-01 4.299521102698806274e+00 4.990607500076293945e-01 1.125843015973141403e+00
4.957953095436096191e-01 3.586156532490993420e+00 4.990607500076293945e-01 9.253267318514188933e-01
5.021470785140991211e-01 3.219662777744906723e+00 5.009392499923706055e-01 8.160574057858116515e-01
4.984344244003295898e-01 2.983042386333638163e+00 4.990607500076293945e-01 1.184305235678207557e+00
4.980765879154205322e-01 2.784649835500548232e+00 5.009392499923706055e-01 7.047939590287094491e-01
4.999552667140960693e-01 2.570420476698794587e+00 4.990607500076293945e-01 9.649787808330489991e-01
5.034442543983459473e-01 2.350537345541208190e+00 4.990607500076293945e-01 6.941681148189264849e-01
5.046967267990112305e-01 2.216610375852443138e+00 5.009392499923706055e-01 7.262719943637365727e-01
4.978529214859008789e-01 2.080653801227132060e+00 5.009392499923706055e-01 1.054126936890242394e+00
4.930667281150817871e-01 1.963923640062609000e+00 5.009392499923706055e-01 7.001381018320520511e-01
4.943639338016510010e-01 1.832511497111242837e+00 4.990607500076293945e-01 7.835397179528333922e-01
5.031758546829223633e-01 1.693923871618282062e+00 5.009392499923706055e-01 6.987094093379285775e-01
4.975845515727996826e-01 1.580470105022922622e+00 4.990607500076293945e-01 7.268175968693880717e-01
4.961978793144226074e-01 1.481158164025718094e+00 4.990607500076293945e-01 7.419815708664806442e-01
5.020129084587097168e-01 1.401402340227087207e+00 5.009392499923706055e-01 9.977319168785722114e-01
5.009393692016601562e-01 1.329055066632550464e+00 5.009392499923706055e-01 6.936997475168247274e-01
5.030864477157592773e-01 1.228122732276288653e+00 5.009392499923706055e-01 7.169648541012777487e-01
4.969583153724670410e-01 1.179276809429606221e+00 4.990607500076293945e-01 8.180668822312200383e-01
4.956163763999938965e-01 1.134719689303166135e+00 4.990607500076293945e-01 7.555107085298232716e-01
4.989711940288543701e-01 1.069064475402654590e+00 4.990607500076293945e-01 7.496540099289092929e-01
4.984344244003295898e-01 1.028213271974856013e+00 5.009392499923706055e-01 7.294854045262592068e-01
4.959742426872253418e-01 9.759930052299110592e-01 4.990607500076293945e-01 7.259219977184367956e-01
4.970030486583709717e-01 9.501633864435362620e-01 4.990607500076293945e-01 6.933414737010296092e-01
4.943192005157470703e-01 9.256286563718013616e-01 5.009392499923706055e-01 6.938600650885686782e-01
4.956163763999938965e-01 8.892126174130067229e-01 4.990607500076293945e-01 7.782511059960699473e-01
4.982107579708099365e-01 8.690857562636578049e-01 5.009392499923706055e-01 6.955349332503499848e-01
4.957058429718017578e-01 8.528714601992281041e-01 4.990607500076293945e-01 6.942814911140875456e-01
4.966451823711395264e-01 8.433840157393159842e-01 5.009392499923706055e-01 6.938298731277193765e-01
4.994184970855712891e-01 8.152672928803124108e-01 5.009392499923706055e-01 7.014313019956732731e-01
4.975845515727996826e-01 8.191081070797583408e-01 4.990607500076293945e-01 7.283156086447541977e-01
4.954822063446044922e-01 7.941692960264431500e-01 4.990607500076293945e-01 6.936022313943464024e-01
5.014761090278625488e-01 7.915278462652103331e-01 5.009392499923706055e-01 6.931453815359482906e-01
4.981660544872283936e-01 7.919443513438876314e-01 5.009392499923706055e-01 6.933187892879382197e-01
4.954822063446044922e-01 7.759570213417009699e-01 5.009392499923706055e-01 6.936004224039522548e-01
5.029969811439514160e-01 7.550570990088417700e-01 5.009392499923706055e-01 6.951371479994865599e-01
5.004473328590393066e-01 7.610358179180796157e-01 4.990607500076293945e-01 6.994515051674529138e-01
4.969135820865631104e-01 7.487787634939472303e-01 4.990607500076293945e-01 7.511649666238592316e-01
5.044283270835876465e-01 7.504258198801232460e-01 4.990607500076293945e-01 7.111897244256365491e-01
4.959742426872253418e-01 7.552794617667226706e-01 4.990607500076293945e-01 7.186066834246332968e-01
5.033547878265380859e-01 7.450782163536896485e-01 5.009392499923706055e-01 7.276542750188189634e-01
4.947217702865600586e-01 7.519995601323534729e-01 4.990607500076293945e-01 7.386922282307711862e-01
5.017892122268676758e-01 7.532453682559572261e-01 4.990607500076293945e-01 6.951392057095756583e-01
5.023707151412963867e-01 7.281493216107796096e-01 5.009392499923706055e-01 6.961084854948672573e-01
5.007156729698181152e-01 7.324483548086899720e-01 4.990607500076293945e-01 7.712827562987244479e-01
4.941402673721313477e-01 7.334828666634797267e-01 4.990607500076293945e-01 7.324289894258272371e-01
4.978529214859008789e-01 7.243282019206845890e-01 5.009392499923706055e-01 6.944154449953363617e-01
4.976739883422851562e-01 7.192809571731835216e-01 4.990607500076293945e-01 7.495239370054851413e-01
5.019681453704833984e-01 7.233672930251978661e-01 4.990607500076293945e-01 6.949711288472253390e-01
4.983896911144256592e-01 7.239810915683501102e-01 4.990607500076293945e-01 7.556311596761140503e-01
5.046520233154296875e-01 7.256520924382184878e-01 5.009392499923706055e-01 7.493608937808901027e-01
5.029522180557250977e-01 7.152874254971332002e-01 4.990607500076293945e-01 6.979451158230350893e-01
5.009840726852416992e-01 7.181601742231519259e-01 5.009392499923706055e-01 6.993293180467688996e-01
4.987475275993347168e-01 7.277064651042879362e-01 5.009392499923706055e-01 6.934331443383932037e-01
4.987027943134307861e-01 7.239816499686364537e-01 4.990607500076293945e-01 6.952186704080056678e-01
4.991948604583740234e-01 7.152214208982736743e-01 5.009392499923706055e-01 6.965396186176309179e-01
4.984791576862335205e-01 7.185469698364181923e-01 5.009392499923706055e-01 6.931451929185366012e-01
