4.955269396305084229e-01 1.479192933226382500e+01 5.009392499923706055e-01 7.138834470150938749e-01
4.990159273147583008e-01 7.133696175129218275e-01 4.987476468086242676e-01 7.024506679210252846e-01
4.995974302291870117e-01 6.976988648638825508e-01 5.012523531913757324e-01 6.949754342533207563e-01
4.975845515727996826e-01 6.975932612489941231e-01 4.987476468086242676e-01 6.966841844894323676e-01
5.027732849121093750e-01 7.026356117608913987e-01 5.009392499923706055e-01 6.977394995796881716e-01
4.968241155147552490e-01 6.975731227175667737e-01 4.990607500076293945e-01 6.939599036274660682e-01
5.011182427406311035e-01 6.980646506343807234e-01 4.990607500076293945e-01 6.934169468663724523e-01
4.976292848587036133e-01 7.021826110642931384e-01 5.009392499923706055e-01 6.948167092614521145e-01
5.055018663406372070e-01 6.980014441904472955e-01 4.990607500076293945e-01 6.932204027584961681e-01
4.960637092590332031e-01 7.015702998004673674e-01 4.990607500076293945e-01 6.931803613509247564e-01
5.009840726852416992e-01 7.008146269416569707e-01 5.009392499923706055e-01 6.932563916349481214e-01
4.998658001422882080e-01 7.013950322731852260e-01 4.990607500076293945e-01 6.933250626923519455e-01
5.022365450859069824e-01 7.051046822446044304e-01 4.990607500076293945e-01 6.933347439870434226e-01
5.022365450859069824e-01 7.054162290041253724e-01 5.009392499923706055e-01 6.973161044237236039e-01
5.033995509147644043e-01 7.009971325566846101e-01 5.009392499923706055e-01 6.951323196375900348e-01
4.991501271724700928e-01 6.980431957244019880e-01 5.009392499923706055e-01 6.934812221838621005e-01
4.965557456016540527e-01 7.012451456066192135e-01 4.990607500076293945e-01 6.932289811495424559e-01
4.967793822288513184e-01 7.076356666078292834e-01 5.009392499923706055e-01 6.948715778438215862e-01
4.971372485160827637e-01 7.051116047444720980e-01 4.990607500076293945e-01 6.933369196623259123e-01
4.992842972278594971e-01 7.111547647424323326e-01 5.009392499923706055e-01 6.949447390804756042e-01
5.011182427406311035e-01 7.067233299735535823e-01 5.009392499923706055e-01 6.933080155026860592e-01
5.011630058288574219e-01 7.018982065152686856e-01 4.990607500076293945e-01 6.933045506576883676e-01
4.995079636573791504e-01 7.067897981854239786e-01 5.009392499923706055e-01 6.934186825048597180e-01
5.026391148567199707e-01 7.079516697450365381e-01 4.990607500076293945e-01 6.973627115485315775e-01
5.014761090278625488e-01 7.036452933274093269e-01 5.009392499923706055e-01 6.933390017442577768e-01
5.021023154258728027e-01 7.032589051458570939e-01 5.009392499923706055e-01 6.972500829426935276e-01
4.950796067714691162e-01 7.023881792830192206e-01 5.009392499923706055e-01 6.961448548532332969e-01
5.070674419403076172e-01 7.064064239363568865e-01 5.009392499923706055e-01 7.114753223142303851e-01
4.989264607429504395e-01 7.161853648848813814e-01 5.009392499923706055e-01 7.038629290032949459e-01
4.956163763999938965e-01 7.094548077782955042e-01 5.009392499923706055e-01 6.939574429297641345e-01
5.079173445701599121e-01 7.064517097729948736e-01 4.990607500076293945e-01 6.967602473314508105e-01
4.988817274570465088e-01 7.066649195439360653e-01 4.990607500076293945e-01 6.976772285010366392e-01
5.010288357734680176e-01 7.015859137538678070e-01 4.990607500076293945e-01 7.025943630375162119e-01
4.989264607429504395e-01 7.045298352354988358e-01 5.009392499923706055e-01 7.009207724007104900e-01
4.953032732009887695e-01 7.004392893482009885e-01 5.009392499923706055e-01 7.040018693337334321e-01
4.995526969432830811e-01 7.013077128443271357e-01 4.990607500076293945e-01 7.063342979147896328e-01
4.996421635150909424e-01 6.985030935177075628e-01 4.990607500076293945e-01 6.970317452443066664e-01
4.992395639419555664e-01 6.992773148322024568e-01 4.990607500076293945e-01 6.940822097832662907e-01
5.006709694862365723e-01 7.005026410764563227e-01 5.009392499923706055e-01 6.931459507223609595e-01
4.978529214859008789e-01 7.097361414990073225e-01 4.990607500076293945e-01 7.732045127837400278e-01
4.994632303714752197e-01 7.066095946171689901e-01 4.990607500076293945e-01 7.042852275507406334e-01
4.989711940288543701e-01 7.043045018222212628e-01 4.990607500076293945e-01 6.933589030894623528e-01
5.022365450859069824e-01 7.076120404421610832e-01 5.009392499923706055e-01 6.935023633454892034e-01
5.021023154258728027e-01 7.063282737046837623e-01 5.009392499923706055e-01 7.019720769107677949e-01
4.994184970855712891e-01 7.033343529483674361e-01 5.009392499923706055e-01 6.950061242009623053e-01
5.044283270835876465e-01 7.101348032036756130e-01 4.990607500076293945e-01 7.080870662370520874e-01
4.974056184291839600e-01 1.250036234718291395e+00 5.009392499923706055e-01 5.071029292245768261e+00
4.960637092590332031e-01 2.132281639615118911e+04 4.990607500076293945e-01 1.162978931188931710e+02
4.995526969432830811e-01 2.094045671016292545e+03 4.990607500076293945e-01 8.404977137613983587e+02
5.022365450859069824e-01 1.668630007916005411e+02 5.009392499923706055e-01 7.122081295977652493e-01
4.998658001422882080e-01 6.362134572614559858e+01 4.990607500076293945e-01 1.155045219787449451e+00
4.970030486583709717e-01 5.433675438510132238e+01 5.009392499923706055e-01 7.306532624618316873e+00
4.983449578285217285e-01 4.681186286842999777e+01 4.990607500076293945e-01 7.884801536132886035e-01
4.993290305137634277e-01 3.855510794939391417e+01 5.009392499923706055e-01 1.221353493909252519e+00
5.011630058288574219e-01 3.217852067051558151e+01 5.009392499923706055e-01 3.777865825677758860e+00
5.014314055442810059e-01 2.598484499609348930e+01 5.009392499923706055e-01 2.139820265660477894e+00
4.977187216281890869e-01 2.205348869572173953e+01 5.009392499923706055e-01 8.158955481848122471e-01
4.999105334281921387e-01 1.788538568666997008e+01 5.009392499923706055e-01 2.647066546392152109e+00
4.929772913455963135e-01 1.471938751498495535e+01 4.990607500076293945e-01 1.596768385058677575e+00
4.984791576862335205e-01 1.247298918028043246e+01 5.009392499923706055e-01 1.214976731483285999e+00
5.083199143409729004e-01 9.989238469326382486e+00 5.009392499923706055e-01 1.181447183182632088e+00
5.072910785675048828e-01 8.041452254180853743e+00 4.990607500076293945e-01 8.407470313698034436e-01
4.976292848587036133e-01 6.769567364975769941e+00 5.009392499923706055e-01 2.574384103312021388e+00
5.040705204010009766e-01 5.184015454749426155e+00 5.009392499923706055e-01 1.140353360944440286e+00
4.964215457439422607e-01 4.994607911167086911e+00 5.009392499923706055e-01 8.000673554655755026e-01
5.002683997154235840e-01 3.992407202571337077e+00 4.990607500076293945e-01 1.079748434727835438e+00
4.950796067714691162e-01 3.405965805522954692e+00 4.990607500076293945e-01 2.074106919892370282e+00
5.012077093124389648e-01 2.985513043075154638e+00 5.009392499923706055e-01 6.933566492102982703e-01
4.995526969432830811e-01 2.596442850102335775e+00 5.009392499923706055e-01 1.378312171339068026e+00
5.019681453704833984e-01 2.420217284065897534e+00 5.009392499923706055e-01 6.933049649914578838e-01
4.978976547718048096e-01 2.359640739923471564e+00 5.009392499923706055e-01 1.096436826564702871e+00
4.978081881999969482e-01 2.267251920435590318e+00 4.990607500076293945e-01 9.425922911392574655e-01
5.031758546829223633e-01 2.135862359294184998e+00 4.990607500076293945e-01 1.024157828315268359e+00
4.963768124580383301e-01 1.924140256682754346e+00 4.990607500076293945e-01 1.484921209549908916e+00
5.011630058288574219e-01 2.493862842613393749e+00 4.990607500076293945e-01 1.115999500902279840e+00
5.040705204010009766e-01 2.064921543602014520e+00 4.990607500076293945e-01 1.493717384945497884e+00
5.067543387413024902e-01 2.006930878303583743e+00 5.009392499923706055e-01 3.446378954067481182e+00
4.985238909721374512e-01 4.989885339755708138e+00 5.009392499923706055e-01 4.528366367096841927e+00
4.932903945446014404e-01 3.436513356775136252e+00 4.990607500076293945e-01 5.614759939544461176e+00
4.977187216281890869e-01 2.528365717268647117e+00 4.990607500076293945e-01 8.969656548129818496e-01
4.980318546295166016e-01 1.736858952085966301e+00 5.009392499923706055e-01 9.427485576354742713e-01
4.968688488006591797e-01 4.727751045711651727e+02 5.009392499923706055e-01 6.592798297319151288e+02
5.055913329124450684e-01 2.013331236335070571e+02 4.990607500076293945e-01 1.470179465279353259e+01
5.063070058822631836e-01 1.052607192569991383e+02 4.990607500076293945e-01 2.039534648647638804e+01
4.947217702865600586e-01 7.154923858751783428e+01 5.009392499923706055e-01 1.470703502488619030e+01
4.971819519996643066e-01 4.519630638289097391e+01 4.990607500076293945e-01 8.280601811394067369e+00
4.974056184291839600e-01 2.962479505301758920e+01 5.009392499923706055e-01 7.406432714523987215e+00
5.021917819976806641e-01 1.994291310012606999e+01 5.009392499923706055e-01 1.949384921852618247e+00
4.949007034301757812e-01 1.587488682689383523e+01 5.009392499923706055e-01 9.050251039127994446e+00
5.006709694862365723e-01 1.270233322490965833e+01 5.009392499923706055e-01 7.582942259881471969e+00
5.017445087432861328e-01 1.081922241135175966e+01 5.009392499923706055e-01 1.109770315894252457e+00
4.974056184291839600e-01 9.597299059125429466e+00 4.990607500076293945e-01 3.647998376172311819e+00
5.077384114265441895e-01 8.428841712031600153e+00 5.009392499923706055e-01 1.959385861063570822e+00
4.971372485160827637e-01 8.071139917153539400e+00 5.009392499923706055e-01 3.256308033231951615e+00
5.024601817131042480e-01 7.293681313642172981e+00 4.990607500076293945e-01 2.430117344960766257e+00
5.010288357734680176e-01 6.937913905403272352e+00 4.990607500076293945e-01 2.038866716495164155e+00
4.983449578285217285e-01 6.179157419523797934e+00 5.009392499923706055e-01 1.828944163988289073e+00
4.978081881999969482e-01 5.148872689113866308e+00 4.990607500076293945e-01 1.685117284780353719e+00
5.067543387413024902e-01 7.312164936963209350e+00 5.009392499923706055e-01 2.043736175315361780e+00
5.054571628570556641e-01 1.457201072239325512e+01 5.009392499923706055e-01 6.615586113317653449e+00
