5.417785048484802246e-01 7.154840958056584155e-01 5.699227452278137207e-01 6.757518733326564053e-01
5.702719688415527344e-01 6.775410480971923999e-01 5.836986303329467773e-01 6.717807617721963664e-01
5.817230343818664551e-01 6.732456671848218166e-01 5.930911898612976074e-01 6.673601828196730201e-01
5.844516158103942871e-01 6.690262630835140945e-01 5.886036157608032227e-01 6.678677203386020889e-01
5.901771187782287598e-01 6.694144585900879685e-01 5.961177349090576172e-01 6.647908298687107420e-01
5.886563062667846680e-01 6.679323186365047071e-01 5.922563076019287109e-01 6.645737146067236534e-01
5.907586216926574707e-01 6.658360425400848825e-01 5.943435430526733398e-01 6.621791881127537804e-01
5.904455184936523438e-01 6.662533779459106631e-01 5.851596593856811523e-01 6.669580298957036302e-01
5.965736508369445801e-01 6.643838307942403487e-01 5.930911898612976074e-01 6.647546306529290572e-01
5.851225852966308594e-01 6.684107898514052293e-01 5.928825139999389648e-01 6.637427301751226416e-01
5.962604880332946777e-01 6.646877638682373579e-01 5.953871607780456543e-01 6.639123149566077409e-01
5.946502089500427246e-01 6.640266602891228276e-01 5.934042930603027344e-01 6.635746133275232106e-01
5.964394211769104004e-01 6.620465723724693330e-01 5.921519398689270020e-01 6.647286790443894811e-01
5.949186086654663086e-01 6.648102133511686329e-01 6.043623685836791992e-01 6.628755562690125114e-01
5.980497598648071289e-01 6.621285431136341160e-01 6.036317944526672363e-01 6.613132960735146337e-01
6.013150811195373535e-01 6.619303607305061510e-01 5.951784849166870117e-01 6.617454515944639626e-01
5.972445607185363770e-01 6.620306042038833771e-01 5.986224412918090820e-01 6.634604923661927556e-01
6.007335782051086426e-01 6.599865031489789979e-01 6.013358235359191895e-01 6.598607537841478798e-01
6.015387177467346191e-01 6.607674385123868399e-01 6.051972508430480957e-01 6.606658190656767848e-01
6.001073718070983887e-01 6.606691046485450025e-01 5.939261317253112793e-01 6.618795421147889435e-01
6.016281843185424805e-01 6.604023205080065129e-01 6.036317944526672363e-01 6.608466578037498484e-01
6.001520752906799316e-01 6.597895004451115319e-01 6.016489267349243164e-01 6.643114981609504754e-01
6.036410927772521973e-01 6.599824421306398348e-01 6.117720603942871094e-01 6.567222891906884241e-01
6.039541959762573242e-01 6.574639708715552811e-01 6.103109717369079590e-01 6.588447262289827133e-01
5.996600389480590820e-01 6.602554631736585744e-01 6.045710444450378418e-01 6.568588365893403003e-01
6.060565114021301270e-01 6.573937754977430270e-01 6.056147217750549316e-01 6.546232260808744208e-01
6.023439168930053711e-01 6.571470765974509742e-01 6.017532944679260254e-01 6.556624944835584001e-01
6.054750680923461914e-01 6.561523311934588376e-01 6.105197072029113770e-01 6.525647280186855914e-01
6.093218922615051270e-01 6.545151357340203147e-01 6.109371781349182129e-01 6.537803078563644288e-01
6.060118079185485840e-01 6.545929120315978622e-01 6.128156781196594238e-01 6.550242141700940435e-01
6.103059649467468262e-01 6.536761683968956849e-01 6.175119876861572266e-01 6.535005156915736357e-01
6.100375652313232422e-01 6.523454156560107853e-01 6.134418845176696777e-01 6.544798631629274999e-01
6.037305593490600586e-01 6.557795408480622257e-01 6.140680313110351562e-01 6.562090585635366180e-01
6.083825230598449707e-01 6.537961225578750035e-01 6.043623685836791992e-01 6.529172082281740064e-01
6.082035899162292480e-01 6.531567756979084205e-01 6.048841476440429688e-01 6.552163511670175966e-01
6.152263283729553223e-01 6.484761823586603358e-01 6.132331490516662598e-01 6.485407765487419818e-01
6.141527891159057617e-01 6.499576377493256896e-01 6.049885153770446777e-01 6.527299294390127571e-01
6.113795042037963867e-01 6.501912164398032656e-01 6.053016185760498047e-01 6.560121738594674179e-01
6.117373704910278320e-01 6.501984373788156635e-01 6.068670153617858887e-01 6.492535427501967549e-01
6.106190681457519531e-01 6.494329332302882785e-01 6.046754121780395508e-01 6.542444603225677779e-01
6.126319766044616699e-01 6.483494352091401236e-01 6.121895313262939453e-01 6.523395196626640136e-01
6.143317222595214844e-01 6.473750621693614704e-01 6.161552667617797852e-01 6.459755538849063505e-01
6.136607527732849121e-01 6.466891283766275089e-01 6.129200458526611328e-01 6.519745624256989558e-01
6.141527891159057617e-01 6.466221562607553652e-01 6.164683699607849121e-01 6.493357518500063597e-01
6.201914548873901367e-01 6.433578659349572515e-01 6.050928831100463867e-01 6.518734227115589031e-01
6.127214431762695312e-01 6.455721217951635449e-01 6.059277653694152832e-01 6.464654211832769892e-01
6.230542063713073730e-01 6.425554156196759958e-01 6.128156781196594238e-01 6.443589138004331973e-01
6.138843894004821777e-01 6.449222788547953611e-01 6.183469295501708984e-01 6.439373942437686127e-01
6.192520856857299805e-01 6.415144926235999412e-01 6.163640022277832031e-01 6.427178930524644063e-01
6.225174665451049805e-01 6.404411072359035284e-01 6.208515763282775879e-01 6.420599480581989926e-01
6.230095028877258301e-01 6.392104768501366552e-01 6.206429004669189453e-01 6.431302994433685249e-01
6.203703880310058594e-01 6.404329215526837205e-01 6.138592958450317383e-01 6.406868976756442402e-01
6.227411031723022461e-01 6.381940927418470189e-01 6.170945763587951660e-01 6.465246922734435575e-01
6.223385334014892578e-01 6.377111204537749822e-01 6.190774440765380859e-01 6.400744169421744845e-01
6.243066787719726562e-01 6.390668271393741273e-01 6.157378554344177246e-01 6.430462027014085535e-01
6.230989694595336914e-01 6.389776776698220528e-01 6.292005777359008789e-01 6.344463589967255235e-01
6.248881816864013672e-01 6.358437777781320577e-01 6.270089745521545410e-01 6.376976762452918335e-01
6.287797689437866211e-01 6.328887513081019600e-01 6.191818118095397949e-01 6.372081674083343028e-01
6.276167631149291992e-01 6.327576804169603442e-01 6.239824891090393066e-01 6.373805397364521452e-01
6.298980116844177246e-01 6.315275119058687547e-01 6.290962100028991699e-01 6.324056566346291097e-01
6.325818300247192383e-01 6.288830803980189899e-01 6.232519149780273438e-01 6.379438397208078149e-01
6.287797689437866211e-01 6.333908531144941678e-01 6.300354599952697754e-01 6.339847863504269876e-01
6.352209448814392090e-01 6.289044421310820976e-01 6.150072813034057617e-01 6.404291954823809752e-01
6.335211992263793945e-01 6.285950669045310413e-01 6.188687086105346680e-01 6.369685591001198466e-01
6.320897936820983887e-01 6.294614196484876745e-01 6.280525922775268555e-01 6.347778169926161507e-01
6.325818300247192383e-01 6.279573247415218828e-01 6.254435181617736816e-01 6.342868989928732715e-01
6.387994289398193359e-01 6.257918557149819705e-01 6.252348423004150391e-01 6.302410237502016344e-01
6.375022530555725098e-01 6.238163627202875094e-01 6.214777827262878418e-01 6.338746312564809138e-01
6.330291628837585449e-01 6.265758287290230655e-01 6.255478858947753906e-01 6.321542494930521006e-01
6.296296119689941406e-01 6.285302887280269646e-01 6.295136809349060059e-01 6.293247127751919745e-01
6.413937807083129883e-01 6.200248153910565829e-01 6.309747695922851562e-01 6.337746473822756244e-01
6.359366774559020996e-01 6.241463160105309438e-01 6.348361372947692871e-01 6.282684917714694839e-01
6.365181803703308105e-01 6.231685180232358068e-01 6.321227550506591797e-01 6.305714887583387940e-01
6.378153562545776367e-01 6.232034738385030526e-01 6.189730763435363770e-01 6.452728805749009533e-01
6.364734172821044922e-01 6.236512678043640845e-01 6.323314309120178223e-01 6.249260091005299778e-01
6.384863257408142090e-01 6.165196216262118778e-01 6.364015936851501465e-01 6.252098272225473652e-01
6.410806775093078613e-01 6.157351982979596405e-01 6.379670500755310059e-01 6.203414344434274863e-01
6.391125321388244629e-01 6.172096009842290565e-01 6.285744309425354004e-01 6.265990801281532407e-01
6.411701440811157227e-01 6.175269193908655696e-01 6.396368145942687988e-01 6.189675353509452860e-01
6.404991745948791504e-01 6.110907313029824151e-01 6.458985805511474609e-01 6.142607654740929179e-01
6.427804827690124512e-01 6.121415394665111753e-01 6.418284177780151367e-01 6.199869391092600601e-01
6.426015496253967285e-01 6.129080619383719952e-01 6.165727376937866211e-01 6.338242245377341266e-01
6.446591615676879883e-01 6.126287880172497369e-01 6.361928582191467285e-01 6.191958708171928505e-01
6.449722647666931152e-01 6.111845583454145192e-01 6.416196823120117188e-01 6.163937761101337953e-01
6.447038650512695312e-01 6.094863271325063891e-01 6.302441954612731934e-01 6.205950408234672810e-01
6.503846645355224609e-01 6.058984394682650487e-01 6.445418596267700195e-01 6.159294970447100059e-01
6.524422764778137207e-01 6.039491388490192403e-01 6.376539468765258789e-01 6.138293680555509946e-01
6.523081064224243164e-01 6.017603160742464041e-01 6.416196823120117188e-01 6.128625298088812290e-01
6.475666761398315430e-01 6.066379483344623846e-01 6.442287564277648926e-01 6.170802435007057829e-01
6.515029668807983398e-01 6.057644067733738424e-01 6.438112854957580566e-01 6.137075435764429709e-01
6.500715613365173340e-01 6.033161206393874432e-01 6.360884904861450195e-01 6.165354409239730549e-01
6.512345671653747559e-01 6.015220107535681482e-01 6.223126649856567383e-01 6.278173154516624166e-01
6.529343128204345703e-01 6.032047162096068060e-01 6.530995368957519531e-01 6.026823129640992427e-01
6.547235846519470215e-01 5.997941597328350083e-01 6.428720355033874512e-01 6.108068752900913667e-01
6.541867852210998535e-01 5.941846823197483030e-01 6.377583146095275879e-01 6.199550254686817530e-01
6.490874886512756348e-01 6.048385676234496744e-01 6.477770805358886719e-01 6.081763736839908008e-01
6.595544815063476562e-01 5.931105966494620851e-01 6.289918422698974609e-01 6.193579839306518897e-01
6.512792706489562988e-01 6.014890127733155678e-01 6.476727128028869629e-01 6.071578058338543693e-01
6.598228812217712402e-01 5.906579274464899276e-01 6.502817869186401367e-01 6.084869707509038550e-01
6.601806879043579102e-01 5.917292431911387318e-01 6.443331241607666016e-01 6.076650915477300741e-01
