4.911880493164062500e-01 7.223961500228678112e+00 5.009392499923706055e-01 6.978397001381135833e-01
4.990159273147583008e-01 7.270038859279834842e-01 4.990607500076293945e-01 7.002978183934046585e-01
5.016997456550598145e-01 7.364889817046743614e-01 4.990607500076293945e-01 6.950603558807675331e-01
5.029075145721435547e-01 7.108760280949546484e-01 4.990607500076293945e-01 7.042016706345251009e-01
5.050098299980163574e-01 7.241932543387543664e-01 5.009392499923706055e-01 7.075187387607759781e-01
4.966899156570434570e-01 7.079437535784713909e-01 4.990607500076293945e-01 7.170553200803752025e-01
4.937824308872222900e-01 7.099929634201055384e-01 4.990607500076293945e-01 6.951736658282828829e-01
5.024154782295227051e-01 7.071202936657086102e-01 5.009392499923706055e-01 7.019443085237924151e-01
5.048756599426269531e-01 6.987391798691195977e-01 5.009392499923706055e-01 6.945040467461721656e-01
5.007604360580444336e-01 7.016754524825958850e-01 4.990607500076293945e-01 6.944592467207322262e-01
5.057702660560607910e-01 6.986056239047402361e-01 5.009392499923706055e-01 6.934503117326256127e-01
4.981660544872283936e-01 7.001066856935426186e-01 4.990607500076293945e-01 6.931649916009300361e-01
5.040705204010009766e-01 7.004090935967650644e-01 4.990607500076293945e-01 6.939866411812841696e-01
4.968688488006591797e-01 7.006662150128067923e-01 4.990607500076293945e-01 6.945402136278958638e-01
4.969583153724670410e-01 6.996715454770278120e-01 4.990607500076293945e-01 6.932575525756768942e-01
4.981213212013244629e-01 7.001879941075533909e-01 4.990607500076293945e-01 6.933364600683398216e-01
5.048756599426269531e-01 6.983589403828518449e-01 5.009392499923706055e-01 6.931470459748150237e-01
5.006709694862365723e-01 7.014644377814740484e-01 5.009392499923706055e-01 6.940667132101137060e-01
4.995079636573791504e-01 6.980947165332213045e-01 4.990607500076293945e-01 6.931944361461574999e-01
4.915011525154113770e-01 7.006171642507544872e-01 4.990607500076293945e-01 6.988039096594603761e-01
5.015208721160888672e-01 6.988611000448886612e-01 5.009392499923706055e-01 6.933160652772938359e-01
4.988369941711425781e-01 7.025488448347766424e-01 4.990607500076293945e-01 6.931917932381388425e-01
4.977187216281890869e-01 7.018119447515824838e-01 5.009392499923706055e-01 6.932280589010938465e-01
4.985238909721374512e-01 7.019316113620095443e-01 4.990607500076293945e-01 6.936534745313508443e-01
4.988817274570465088e-01 7.986112765409285608e-01 5.009392499923706055e-01 6.940975550494495883e-01
5.002236366271972656e-01 7.013605631811927754e-01 5.009392499923706055e-01 6.933044656983647913e-01
5.000447034835815430e-01 6.992483764625572196e-01 5.009392499923706055e-01 7.034119792458309872e-01
4.942744672298431396e-01 7.020407486716969681e-01 5.009392499923706055e-01 6.950391372368346365e-01
4.975398182868957520e-01 6.999846655368208159e-01 5.009392499923706055e-01 7.010236510253107234e-01
5.029969811439514160e-01 6.987156380393846344e-01 5.009392499923706055e-01 6.931974536141929377e-01
5.009393692016601562e-01 6.991983504303027619e-01 4.990607500076293945e-01 6.940099814569643533e-01
5.026838183403015137e-01 6.971262830872295702e-01 5.009392499923706055e-01 6.938782310938690356e-01
5.023707151412963867e-01 6.967041822425963371e-01 5.009392499923706055e-01 6.933613959843717423e-01
4.981660544872283936e-01 6.970333219491682275e-01 4.990607500076293945e-01 6.932172513883961829e-01
4.974056184291839600e-01 6.981551251528322899e-01 4.990607500076293945e-01 6.952752039019983732e-01
4.970030486583709717e-01 6.977626009882402780e-01 5.009392499923706055e-01 6.931612533782524066e-01
4.955716729164123535e-01 6.970983036175719683e-01 4.990607500076293945e-01 7.030155224034742023e-01
4.977634549140930176e-01 6.976101861099881507e-01 4.990607500076293945e-01 6.949472188626120150e-01
5.021470785140991211e-01 6.981219885856483343e-01 5.009392499923706055e-01 6.933221103154252329e-01
5.040257573127746582e-01 6.969304779365507185e-01 4.990607500076293945e-01 6.951476070533040286e-01
5.017892122268676758e-01 6.974369845464545303e-01 4.990607500076293945e-01 6.931890355373717671e-01
4.989264607429504395e-01 7.001555473396231521e-01 4.990607500076293945e-01 7.117237448070273809e-01
4.954822063446044922e-01 6.994877878018623818e-01 4.990607500076293945e-01 6.943791578468413439e-01
4.972714185714721680e-01 7.120874178688989531e-01 5.009392499923706055e-01 6.932665869901534217e-01
5.024601817131042480e-01 7.042286157672019709e-01 4.990607500076293945e-01 6.934062794140151142e-01
4.978081881999969482e-01 7.022261986751252572e-01 5.009392499923706055e-01 7.067757103319233236e-01
5.011630058288574219e-01 6.997571887345449548e-01 5.009392499923706055e-01 6.943878648898667016e-01
4.961978793144226074e-01 7.001885795960125503e-01 5.009392499923706055e-01 6.961854666291087401e-01
4.978081881999969482e-01 6.987496638344958821e-01 5.009392499923706055e-01 6.935604973318083566e-01
5.059939026832580566e-01 6.997599498725232126e-01 5.009392499923706055e-01 6.966168490936153201e-01
4.959295094013214111e-01 7.025404862351655177e-01 4.990607500076293945e-01 6.941905676062035679e-01
5.057702660560607910e-01 7.064929441681359057e-01 4.990607500076293945e-01 6.949283787438327309e-01
5.031311511993408203e-01 6.996981263971218112e-01 5.009392499923706055e-01 6.931642658574624916e-01
5.037573575973510742e-01 7.119339233669916833e-01 4.990607500076293945e-01 6.932868208449262104e-01
4.954374730587005615e-01 7.064265094005607315e-01 5.009392499923706055e-01 6.970735939129786285e-01
5.006262063980102539e-01 7.081715019770056241e-01 4.990607500076293945e-01 6.939428797894842127e-01
5.011630058288574219e-01 7.042478771963919248e-01 4.990607500076293945e-01 7.436247744184026898e-01
4.991501271724700928e-01 7.089900780308543427e-01 4.990607500076293945e-01 6.968042952510266064e-01
4.967793822288513184e-01 7.061549373614934844e-01 4.990607500076293945e-01 7.347074673808310363e-01
5.019681453704833984e-01 7.123270426395434951e-01 4.990607500076293945e-01 7.193674899993821592e-01
4.990606606006622314e-01 7.141098889218479018e-01 4.990607500076293945e-01 6.932002117379526540e-01
5.029522180557250977e-01 7.081443334355254082e-01 5.009392499923706055e-01 6.994430312431573205e-01
5.019681453704833984e-01 7.202552789693912327e-01 4.990607500076293945e-01 6.953440452637191793e-01
5.041599273681640625e-01 7.063989098371941111e-01 5.009392499923706055e-01 6.933949464448830868e-01
4.946770370006561279e-01 7.082372784806526544e-01 4.990607500076293945e-01 6.973948645407609392e-01
4.998210668563842773e-01 7.064292920064491055e-01 4.990607500076293945e-01 7.208788882489245431e-01
4.986133575439453125e-01 7.235243407808448213e-01 5.009392499923706055e-01 7.060738866275946268e-01
4.960189759731292725e-01 4.261661763992350416e+00 5.009392499923706055e-01 7.398185012137011851e-01
5.027732849121093750e-01 7.161083576781183124e-01 4.990607500076293945e-01 6.933835528385063895e-01
4.995079636573791504e-01 7.005103114765089956e-01 5.009392499923706055e-01 6.934810440541806509e-01
5.008051395416259766e-01 6.994780087688566850e-01 4.990607500076293945e-01 6.938866542963662010e-01
5.009393692016601562e-01 7.008070081904314019e-01 4.990607500076293945e-01 6.944560904115706368e-01
4.988369941711425781e-01 6.989646534583588977e-01 5.009392499923706055e-01 6.934777729025067838e-01
5.026391148567199707e-01 7.002686077739198600e-01 4.990607500076293945e-01 6.937129119571676661e-01
4.950796067714691162e-01 6.981975867061884777e-01 5.009392499923706055e-01 6.944872044218131091e-01
5.021917819976806641e-01 6.978384483093054147e-01 5.009392499923706055e-01 6.932969985215257092e-01
5.008946061134338379e-01 6.967318086381845132e-01 5.009392499923706055e-01 6.936361576340885904e-01
4.940955340862274170e-01 6.964392466778873692e-01 5.009392499923706055e-01 6.938462331782201398e-01
4.940955340862274170e-01 6.960892647019565338e-01 4.990607500076293945e-01 6.936045325989266264e-01
5.049203634262084961e-01 6.964925116024368590e-01 4.990607500076293945e-01 6.953400724791604093e-01
4.975398182868957520e-01 6.965518548783387054e-01 5.009392499923706055e-01 6.948463237004448567e-01
4.988817274570465088e-01 6.955854065794918606e-01 5.009392499923706055e-01 6.945338089589011554e-01
4.995079636573791504e-01 6.953103473327693074e-01 4.990607500076293945e-01 6.949271886290501188e-01
4.993737637996673584e-01 6.961272525689239377e-01 5.009392499923706055e-01 6.990095682518389086e-01
4.981213212013244629e-01 6.955393987577318526e-01 5.009392499923706055e-01 6.969577522174322803e-01
5.008051395416259766e-01 6.963913246607988938e-01 5.009392499923706055e-01 6.987385003732455857e-01
5.005815029144287109e-01 6.951329173374568571e-01 5.009392499923706055e-01 6.940649190866681195e-01
5.021470785140991211e-01 6.950276142413169822e-01 4.990607500076293945e-01 6.931623258513066599e-01
4.972266852855682373e-01 6.970065981549596890e-01 4.990607500076293945e-01 6.938002803359990533e-01
4.976292848587036133e-01 6.957312717295264237e-01 4.990607500076293945e-01 6.932058504667343302e-01
5.031311511993408203e-01 6.960787558026637623e-01 5.009392499923706055e-01 6.945388672670823604e-01
5.036231875419616699e-01 6.973116981959722738e-01 5.009392499923706055e-01 7.001366693175826716e-01
5.050992965698242188e-01 7.066158738582499765e-01 5.009392499923706055e-01 6.995388725510073291e-01
4.963768124580383301e-01 7.175435604062014860e+00 5.009392499923706055e-01 3.005835010820777597e+01
5.028180480003356934e-01 2.914891562589402074e+00 5.009392499923706055e-01 7.104563446339523525e-01
4.958400428295135498e-01 7.024166091735343231e-01 5.009392499923706055e-01 6.958373567924148739e-01
4.940955340862274170e-01 7.010708958054510109e-01 5.009392499923706055e-01 6.986036619645422663e-01
5.017892122268676758e-01 7.006784483942368746e-01 4.990607500076293945e-01 6.946191452435823699e-01
5.017445087432861328e-01 7.011935358867382728e-01 4.990607500076293945e-01 7.017076333587788373e-01
4.959742426872253418e-01 7.005749904825726571e-01 4.990607500076293945e-01 6.931529698877487711e-01
