5.358740091323852539e-01 7.396465144274294579e-01 5.316218137741088867e-01 6.990396448974195431e-01
5.650384426116943359e-01 6.816718509765020695e-01 5.650177597999572754e-01 6.777791100462999818e-01
5.608785152435302734e-01 6.805836744546506223e-01 5.461281538009643555e-01 6.811518141756075506e-01
5.677223205566406250e-01 6.772348691790490705e-01 5.665831565856933594e-01 6.813215331204175440e-01
5.639649033546447754e-01 6.785604150932149636e-01 5.732623934745788574e-01 6.796066179775142047e-01
5.713902115821838379e-01 6.775418153536897359e-01 5.172197818756103516e-01 6.888428608850157842e-01
5.596708059310913086e-01 6.811964575539208866e-01 5.579211115837097168e-01 6.811511734163454568e-01
5.485328435897827148e-01 6.868464285006227188e-01 5.523899197578430176e-01 6.837008806092085278e-01
5.165056586265563965e-01 6.963830287585768275e-01 4.990607500076293945e-01 6.951275593277508325e-01
5.053229331970214844e-01 6.974836145430179934e-01 5.318304896354675293e-01 6.907791676836804173e-01
5.102433562278747559e-01 6.960938379533774256e-01 5.009392499923706055e-01 7.042128234212171600e-01
4.973161518573760986e-01 6.972795029854513826e-01 4.990607500076293945e-01 6.961570109412357210e-01
5.003131031990051270e-01 6.962835462388976548e-01 4.990607500076293945e-01 7.009265806375876151e-01
5.035337209701538086e-01 6.951781338539676502e-01 5.012523531913757324e-01 6.944234938119900891e-01
4.936482310295104980e-01 6.976082842536424078e-01 5.009392499923706055e-01 6.963166131825965222e-01
4.995079636573791504e-01 6.961324024358276352e-01 4.990607500076293945e-01 6.938404041649378629e-01
4.990606606006622314e-01 6.968640573529399918e-01 5.010436177253723145e-01 6.959227040127009545e-01
4.999105334281921387e-01 6.959203664892622543e-01 5.012523531913757324e-01 6.941263048167617411e-01
5.033995509147644043e-01 6.979208396103497858e-01 5.009392499923706055e-01 7.027404092219596832e-01
5.042046904563903809e-01 7.007777023494595747e-01 5.012523531913757324e-01 6.936444667405311515e-01
4.957058429718017578e-01 6.970149185751776111e-01 4.990607500076293945e-01 6.946005639714404323e-01
4.957505762577056885e-01 6.972588603047357170e-01 5.012523531913757324e-01 7.052824961146341165e-01
4.968241155147552490e-01 6.981213441430871303e-01 5.012523531913757324e-01 6.939937994117354458e-01
5.031758546829223633e-01 6.969408181639770161e-01 4.990607500076293945e-01 6.932890307328517521e-01
5.057702660560607910e-01 6.962211570579349695e-01 5.009392499923706055e-01 7.061837415584715227e-01
5.011182427406311035e-01 7.002749218243694562e-01 4.987476468086242676e-01 6.951029681880745992e-01
5.058149695396423340e-01 6.968132220135325738e-01 5.012523531913757324e-01 6.981127868612333476e-01
4.992395639419555664e-01 6.979812936186470251e-01 5.012523531913757324e-01 7.152439195610640343e-01
4.997316300868988037e-01 7.011152726632577936e-01 5.009392499923706055e-01 6.941672491022052860e-01
4.951690733432769775e-01 6.981653255455650964e-01 4.990607500076293945e-01 6.948061117770601980e-01
4.976739883422851562e-01 6.975256802677830548e-01 5.009392499923706055e-01 7.031099015624855397e-01
4.989264607429504395e-01 6.975354952406085385e-01 5.009392499923706055e-01 6.962615499613902248e-01
5.007156729698181152e-01 6.971504583002992028e-01 4.990607500076293945e-01 7.166086544425221971e-01
4.916353523731231689e-01 6.987414598507624142e-01 4.990607500076293945e-01 7.098684279437453837e-01
5.038021206855773926e-01 6.963627598413224540e-01 5.009392499923706055e-01 7.010844883205148426e-01
4.935140311717987061e-01 6.968621872878709711e-01 5.009392499923706055e-01 6.934478255682762216e-01
5.011630058288574219e-01 7.046876383245812558e-01 5.009392499923706055e-01 7.074545366210196473e-01
5.023707151412963867e-01 6.990686114454209843e-01 4.990607500076293945e-01 6.937179076997553873e-01
4.990159273147583008e-01 6.986413469125171138e-01 4.990607500076293945e-01 6.967159502318646114e-01
5.010735392570495605e-01 6.961517421967613473e-01 4.990607500076293945e-01 6.938334239024355199e-01
5.024601817131042480e-01 6.971814718159436985e-01 4.990607500076293945e-01 7.097917754250512301e-01
4.976292848587036133e-01 7.001972024226192914e-01 4.990607500076293945e-01 6.932067648649364866e-01
5.027732849121093750e-01 7.132659559173946118e-01 4.990607500076293945e-01 6.951395272088931598e-01
5.023260116577148438e-01 6.979848922397438038e-01 5.009392499923706055e-01 6.940977590687711363e-01
4.920826554298400879e-01 6.969856664733012908e-01 4.990607500076293945e-01 6.954085532769458400e-01
5.025049448013305664e-01 6.961377174126097689e-01 5.009392499923706055e-01 7.209848598457532232e-01
5.017445087432861328e-01 6.987162109435746116e-01 5.009392499923706055e-01 6.931524224356951924e-01
4.913669824600219727e-01 6.959989058841296039e-01 4.990607500076293945e-01 6.931612761576522175e-01
4.984344244003295898e-01 6.955624929287498315e-01 5.009392499923706055e-01 6.971715402563338770e-01
5.008051395416259766e-01 6.957870306216192846e-01 5.009392499923706055e-01 6.971005684297832961e-01
5.038021206855773926e-01 6.977577659520250997e-01 4.990607500076293945e-01 6.951317878984702991e-01
5.047861933708190918e-01 6.972064349429085706e-01 4.990607500076293945e-01 7.150007355340063375e-01
5.025944113731384277e-01 6.958591224661366814e-01 4.990607500076293945e-01 6.984792176927213658e-01
5.040705204010009766e-01 7.095313024107086086e-01 5.009392499923706055e-01 6.961599564880748270e-01
5.033100843429565430e-01 2.482973409633257589e+01 5.009392499923706055e-01 1.909650136647655483e+00
4.988369941711425781e-01 1.832104345514642407e+00 4.990607500076293945e-01 7.129714216774925006e-01
4.985686242580413818e-01 8.805105510861145346e-01 5.009392499923706055e-01 7.134614615195530307e-01
5.012524724006652832e-01 7.758270615348877852e-01 4.990607500076293945e-01 7.040765188950085518e-01
4.925299584865570068e-01 7.575034407665828251e-01 5.009392499923706055e-01 7.105550729539195087e-01
4.990606606006622314e-01 7.257685173408868762e-01 5.009392499923706055e-01 6.961989243526693905e-01
5.034442543983459473e-01 7.220117502017148192e-01 5.009392499923706055e-01 7.070695011035008637e-01
5.023260116577148438e-01 7.238255803733077975e-01 5.009392499923706055e-01 6.931456943887978062e-01
5.006262063980102539e-01 7.555703595320639732e-01 5.009392499923706055e-01 7.872346919928032705e-01
5.030416846275329590e-01 7.586329087820307127e-01 5.009392499923706055e-01 7.101396267883366420e-01
5.005815029144287109e-01 7.158243154174079859e-01 4.990607500076293945e-01 7.439650200374239297e-01
4.968688488006591797e-01 7.157102390166620864e-01 5.009392499923706055e-01 7.151372937936171237e-01
5.003131031990051270e-01 7.117473008189437733e-01 4.990607500076293945e-01 7.039657860925914168e-01
4.981213212013244629e-01 7.048738441093596041e-01 4.990607500076293945e-01 6.985517384438145738e-01
5.032653212547302246e-01 7.070586539419675409e-01 4.990607500076293945e-01 7.217905931571311218e-01
5.021470785140991211e-01 7.155975871445305891e-01 4.990607500076293945e-01 7.024770787876449818e-01
4.993737637996673584e-01 7.057700010313503469e-01 4.990607500076293945e-01 6.996832424901119341e-01
5.063517689704895020e-01 7.079234148718458464e-01 5.009392499923706055e-01 6.931480044140195806e-01
5.000000000000000000e-01 7.109859453520550598e-01 4.990607500076293945e-01 6.931867794561574758e-01
5.002236366271972656e-01 7.081037472262324828e-01 5.009392499923706055e-01 6.931454198167856795e-01
4.979871213436126709e-01 7.065384544420165724e-01 4.990607500076293945e-01 6.937399107836104140e-01
4.991948604583740234e-01 7.101519195375256555e-01 5.009392499923706055e-01 6.944276910190466667e-01
5.085883140563964844e-01 7.057435405683082363e-01 4.990607500076293945e-01 7.053294938980624318e-01
4.924405217170715332e-01 7.048698764598994027e-01 4.990607500076293945e-01 7.232621834288557316e-01
5.035337209701538086e-01 7.154202934859114071e-01 5.009392499923706055e-01 6.986115738559779409e-01
4.959742426872253418e-01 7.065842820741042862e-01 4.990607500076293945e-01 6.945053494889759094e-01
5.026391148567199707e-01 7.083685322916130067e-01 4.990607500076293945e-01 7.018607056506663833e-01
4.944981336593627930e-01 7.046827003533094880e-01 4.990607500076293945e-01 6.950980216743701812e-01
4.965110123157501221e-01 7.050958725629284940e-01 4.990607500076293945e-01 7.056827756413535102e-01
4.969583153724670410e-01 7.044910736066067880e-01 5.009392499923706055e-01 6.974724879147389256e-01
5.012524724006652832e-01 7.021740046612242603e-01 4.990607500076293945e-01 6.949534103806196406e-01
4.963320791721343994e-01 7.048792975664266436e-01 4.990607500076293945e-01 6.931535472727547997e-01
4.995079636573791504e-01 7.097682138102748839e-01 4.990607500076293945e-01 6.946809501469795034e-01
4.989264607429504395e-01 7.051687071459475931e-01 4.990607500076293945e-01 7.145472089922321191e-01
4.989711940288543701e-01 7.027193823724979804e-01 5.009392499923706055e-01 7.174378613469197807e-01
5.006709694862365723e-01 7.095290822789971363e-01 4.990607500076293945e-01 6.936247715171706130e-01
5.058149695396423340e-01 7.042018452938862971e-01 4.990607500076293945e-01 7.000822968807431934e-01
5.053229331970214844e-01 7.018523816986446118e-01 5.009392499923706055e-01 6.932072153521390279e-01
5.021470785140991211e-01 7.050706457315349951e-01 4.990607500076293945e-01 6.931483863888491248e-01
4.994632303714752197e-01 7.031650690918084257e-01 4.990607500076293945e-01 6.932824506836280376e-01
4.967793822288513184e-01 7.014067350570322157e-01 4.990607500076293945e-01 7.033817956079846390e-01
5.024601817131042480e-01 7.015788694851982088e-01 5.009392499923706055e-01 6.958163499558451814e-01
5.006709694862365723e-01 7.039215941829275458e-01 5.009392499923706055e-01 6.997714954586025105e-01
4.915011525154113770e-01 7.004371985571822279e-01 5.009392499923706055e-01 6.964835971313935170e-01
5.007604360580444336e-01 7.003930619736010721e-01 5.009392499923706055e-01 7.328585187345276752e-01
4.938271641731262207e-01 7.103926360255213845e-01 5.009392499923706055e-01 6.971037318924975246e-01
