5.631597638130187988e-01 6.815275091309307420e-01 5.761845111846923828e-01 6.700531824151152449e-01
5.838253498077392578e-01 6.688663292856842357e-01 5.983093380928039551e-01 6.632746977090486773e-01
5.954553484916687012e-01 6.632598438359347259e-01 5.889167189598083496e-01 6.645361751635222580e-01
5.940240025520324707e-01 6.625046937255361090e-01 5.969526171684265137e-01 6.615652058423623361e-01
6.013597846031188965e-01 6.576226699392789810e-01 6.018576622009277344e-01 6.550759113772979259e-01
6.084719896316528320e-01 6.542882732360472131e-01 6.114589571952819824e-01 6.547418663955087981e-01
6.055644750595092773e-01 6.545310250802892638e-01 5.998747944831848145e-01 6.535705437219309077e-01
6.128108501434326172e-01 6.498657742154941852e-01 6.177207231521606445e-01 6.466363075505564550e-01
6.112900376319885254e-01 6.509047374249272711e-01 6.178250908851623535e-01 6.463938372738797788e-01
6.122741103172302246e-01 6.486786793864760536e-01 6.235650181770324707e-01 6.426377425460521042e-01
6.205940246582031250e-01 6.437688316529328603e-01 6.245042681694030762e-01 6.388223952526489446e-01
6.210860610008239746e-01 6.423234854471407962e-01 6.235650181770324707e-01 6.388337704961669639e-01
6.230095028877258301e-01 6.387304490251177747e-01 6.249217391014099121e-01 6.435885987110612216e-01
6.227411031723022461e-01 6.414640057084811664e-01 6.180338263511657715e-01 6.433053809773869869e-01
6.291375756263732910e-01 6.364326914620753728e-01 6.293049454689025879e-01 6.337553825415243036e-01
6.274378299713134766e-01 6.378514437155895500e-01 6.289918422698974609e-01 6.330484209815089303e-01
6.257827877998352051e-01 6.375154897871886384e-01 6.227301359176635742e-01 6.336383897211675942e-01
6.303005814552307129e-01 6.312098948894534489e-01 6.282613277435302734e-01 6.312559011509512041e-01
6.311057209968566895e-01 6.299520349498297644e-01 6.296180486679077148e-01 6.318520745462725685e-01
6.340132355690002441e-01 6.281139973686342692e-01 6.343143582344055176e-01 6.269145098366535329e-01
6.375917196273803711e-01 6.252978436314242661e-01 6.313921809196472168e-01 6.273805804626848559e-01
6.368759870529174805e-01 6.241989382521840879e-01 6.308704018592834473e-01 6.266458384604026710e-01
6.374574899673461914e-01 6.222402685804941935e-01 6.380713582038879395e-01 6.240361560189731094e-01
6.364287137985229492e-01 6.263858451892745371e-01 6.452723741531372070e-01 6.193423710718355402e-01
6.446143984794616699e-01 6.210299040938899173e-01 6.355667114257812500e-01 6.225334585422116485e-01
6.386204957962036133e-01 6.216797051222427983e-01 6.373408436775207520e-01 6.241889761947834181e-01
6.391125321388244629e-01 6.189948998979516448e-01 6.389063000679016113e-01 6.172680066413656075e-01
6.457774043083190918e-01 6.148291703391574048e-01 6.390106678009033203e-01 6.208588853431777910e-01
6.471193432807922363e-01 6.126375072841504510e-01 6.422458887100219727e-01 6.174780705158756655e-01
6.443907618522644043e-01 6.148896988505945238e-01 6.475683450698852539e-01 6.157450054289528296e-01
6.486402153968811035e-01 6.111845414846266422e-01 6.413066387176513672e-01 6.095175212744854409e-01
6.514135003089904785e-01 6.106983275207898965e-01 6.479858160018920898e-01 6.111469008409511350e-01
6.478797793388366699e-01 6.107195002978508258e-01 6.474639773368835449e-01 6.130080630276153464e-01
6.480587124824523926e-01 6.093533580536534267e-01 6.465247273445129395e-01 6.096302208560067104e-01
6.518160700798034668e-01 6.053533106269126662e-01 6.475683450698852539e-01 6.079230393877708138e-01
6.565127968788146973e-01 6.046137546656873418e-01 6.491338014602661133e-01 6.036136661559200478e-01
6.539631485939025879e-01 6.027823198905974955e-01 6.439156532287597656e-01 6.085705602624376098e-01
6.581230759620666504e-01 6.009034753528300632e-01 6.343143582344055176e-01 6.248116514872370519e-01
6.562443971633911133e-01 6.027257305540452137e-01 6.546649932861328125e-01 6.042219173855981618e-01
6.549919247627258301e-01 6.008442726474816364e-01 6.475683450698852539e-01 6.009084083197435699e-01
6.582125425338745117e-01 5.979773804910666346e-01 6.552911996841430664e-01 6.024602969960264343e-01
6.592413783073425293e-01 5.964905023894767622e-01 6.524733901023864746e-01 6.062617518911279646e-01
6.612095236778259277e-01 5.956376678595113328e-01 6.514297723770141602e-01 6.049521863771565311e-01
6.633566021919250488e-01 5.915137745225380606e-01 6.596744060516357422e-01 5.992299329510463179e-01
6.601359844207763672e-01 5.964681998436470733e-01 6.564391851425170898e-01 6.027531602815108247e-01
6.637144684791564941e-01 5.918272872221962411e-01 6.583176851272583008e-01 6.022125002711333774e-01
6.613884568214416504e-01 5.925346213113132920e-01 6.553955078125000000e-01 5.963892704682617341e-01
6.691715717315673828e-01 5.884079733311244897e-01 6.637445092201232910e-01 5.946485461658238547e-01
6.661746501922607422e-01 5.864506508374517368e-01 6.455854773521423340e-01 6.056004623186361790e-01
6.648774147033691406e-01 5.896970119602588101e-01 6.625965237617492676e-01 5.979143361337646567e-01
6.668903231620788574e-01 5.842687894777996993e-01 6.557086110115051270e-01 5.957405687597693289e-01
6.674270629882812500e-01 5.865235515412074996e-01 6.633270978927612305e-01 5.946764580966087399e-01
6.698873043060302734e-01 5.878678974684672376e-01 6.593613028526306152e-01 5.926914077739680042e-01
6.679190993309020996e-01 5.837116810306707260e-01 6.615529060363769531e-01 5.892346858405986820e-01
6.674270629882812500e-01 5.856379974632788254e-01 6.599874496459960938e-01 5.963120672379822462e-01
6.723027229309082031e-01 5.792139413041534901e-01 6.685451865196228027e-01 5.905431974434299791e-01
6.695741415023803711e-01 5.833130267485883147e-01 6.645793914794921875e-01 5.906603437852471217e-01
6.710055470466613770e-01 5.816061463247665930e-01 6.675015687942504883e-01 5.888900323517261004e-01
6.688137650489807129e-01 5.831818864413377268e-01 6.659361124038696289e-01 5.949688566126670741e-01
6.726158261299133301e-01 5.785409042011498970e-01 6.672928333282470703e-01 5.819570448796202999e-01
6.730631589889526367e-01 5.770336608166642955e-01 6.648924946784973145e-01 5.870246176952560457e-01
6.752997040748596191e-01 5.760556879826790322e-01 6.585264205932617188e-01 5.884433324763481687e-01
6.717659831047058105e-01 5.796154155610050429e-01 6.644750833511352539e-01 5.885086571889092122e-01
6.740919947624206543e-01 5.756223429441665873e-01 6.706324219703674316e-01 5.778822670573109388e-01
6.759706735610961914e-01 5.718601029169625427e-01 6.655187010765075684e-01 5.892219887698425529e-01
6.751207709312438965e-01 5.724070582476854518e-01 6.718847751617431641e-01 5.837435801226767973e-01
6.781177520751953125e-01 5.711330306361497300e-01 6.685451865196228027e-01 5.882610621817597751e-01
6.747182011604309082e-01 5.743063148434376375e-01 6.619703769683837891e-01 5.881006666798354043e-01
6.763284802436828613e-01 5.733255590409663816e-01 6.653099656105041504e-01 5.928547575314043749e-01
6.803542375564575195e-01 5.672403666878839124e-01 6.724066138267517090e-01 5.828860865035402350e-01
6.765968799591064453e-01 5.708546117947936871e-01 6.733458638191223145e-01 5.828802615708932322e-01
6.824119091033935547e-01 5.649683914770698978e-01 6.779378056526184082e-01 5.752721553529585030e-01
6.812489032745361328e-01 5.686031138562072096e-01 6.708411574363708496e-01 5.796902499326308522e-01
6.818304061889648438e-01 5.676963134365659025e-01 6.720935106277465820e-01 5.816674510413981647e-01
6.798174977302551270e-01 5.659329264337591425e-01 6.719891428947448730e-01 5.806255602209584588e-01
6.840221881866455078e-01 5.652070584461842406e-01 6.769985556602478027e-01 5.762601634749936474e-01
6.830828189849853516e-01 5.611970890696647007e-01 6.692757010459899902e-01 5.809350055907768207e-01
6.812041401863098145e-01 5.681570182494601884e-01 6.725109815597534180e-01 5.767192029052277125e-01
6.854982972145080566e-01 5.625355578872337503e-01 6.749113202095031738e-01 5.829051629259351941e-01
6.850957274436950684e-01 5.630026200863218477e-01 6.707367897033691406e-01 5.769593954534177893e-01
6.845589280128479004e-01 5.609060186972065765e-01 6.780421733856201172e-01 5.706975468761162906e-01
6.847378611564636230e-01 5.617256531307577294e-01 6.714673638343811035e-01 5.763233398326228496e-01
6.847826242446899414e-01 5.609431002301721314e-01 6.773115992546081543e-01 5.743183394584145951e-01
6.898819208145141602e-01 5.564512320037475757e-01 6.563348174095153809e-01 6.163202927521140850e-01
6.827697157859802246e-01 5.618169586269005089e-01 6.829472184181213379e-01 5.667385891394036701e-01
6.870191693305969238e-01 5.569234588295941535e-01 6.778334379196166992e-01 5.768935208006110704e-01
6.851404309272766113e-01 5.572521199713369455e-01 6.683364510536193848e-01 5.846665238219396210e-01
6.894793510437011719e-01 5.562538575946932573e-01 6.803381443023681641e-01 5.718444307247051439e-01
6.835301518440246582e-01 5.637787618029627135e-01 6.808599233627319336e-01 5.669343526142919254e-01
6.901950240135192871e-01 5.521115341901480233e-01 6.820079088211059570e-01 5.688042058822283531e-01
6.899266242980957031e-01 5.527127405082332690e-01 6.861824393272399902e-01 5.615278002464852980e-01
6.915816664695739746e-01 5.498723113957021402e-01 6.736589670181274414e-01 5.745888627712574248e-01
6.905528903007507324e-01 5.526258820582212739e-01 6.776247024536132812e-01 5.720498025653706353e-01
6.969493627548217773e-01 5.483635294136666172e-01 6.814861297607421875e-01 5.655524170217074431e-01
6.920737028121948242e-01 5.516377444407193353e-01 6.793988943099975586e-01 5.759102198281882412e-01
6.891214847564697266e-01 5.485251321522147672e-01 6.896263957023620605e-01 5.597886067296686807e-01
6.961442232131958008e-01 5.462844041938494932e-01 6.900438070297241211e-01 5.587421504497229741e-01
6.881821155548095703e-01 5.544823203899071906e-01 6.789814233779907227e-01 5.665973909984572954e-01
6.939523816108703613e-01 5.481889611771632032e-01 6.793988943099975586e-01 5.665023615877305962e-01
6.964573264122009277e-01 5.466332764718544457e-01 6.850344538688659668e-01 5.665227118898995551e-01
