5.272409915924072266e-01 6.915055243673340346e-01 5.011479854583740234e-01 7.001860691893451172e-01
5.636518001556396484e-01 6.804258123901368860e-01 5.723230838775634766e-01 6.739187493525325978e-01
5.699141025543212891e-01 6.765619545487133735e-01 5.626174211502075195e-01 6.733904976582034685e-01
5.722848176956176758e-01 6.725061232746341044e-01 5.588603615760803223e-01 6.800709840674610263e-01
5.779656171798706055e-01 6.717587682551999784e-01 5.827593207359313965e-01 6.692140120799097147e-01
5.765789747238159180e-01 6.723665208248316150e-01 5.742016434669494629e-01 6.698431838432101770e-01
5.764001011848449707e-01 6.698789214550393556e-01 5.737841725349426270e-01 6.737245933493500871e-01
5.785918831825256348e-01 6.698256986024746507e-01 5.779586434364318848e-01 6.679942248833500296e-01
5.798890590667724609e-01 6.682970501011910036e-01 5.790023207664489746e-01 6.688392786859246320e-01
5.809178948402404785e-01 6.668259382013302927e-01 5.869338512420654297e-01 6.645731271196571033e-01
5.856593251228332520e-01 6.644335131586334153e-01 5.807764530181884766e-01 6.711032508534794383e-01
5.874485373497009277e-01 6.639809000895219304e-01 5.821331739425659180e-01 6.666108284109047988e-01
5.874933004379272461e-01 6.630307855322826738e-01 5.778543353080749512e-01 6.660377885846946455e-01
5.851225852966308594e-01 6.631306684983396815e-01 5.886036157608032227e-01 6.603954124614904719e-01
5.899087786674499512e-01 6.625173611682735331e-01 5.891254544258117676e-01 6.604120260090151628e-01
5.905796885490417480e-01 6.621225942096208295e-01 5.786892175674438477e-01 6.630339141405591219e-01
5.903113484382629395e-01 6.595499338607153650e-01 5.930911898612976074e-01 6.600217227024117728e-01
5.904008150100708008e-01 6.599525558349164100e-01 5.718013048171997070e-01 6.688794769366930293e-01
5.912059545516967773e-01 6.593765295944650218e-01 5.913170576095581055e-01 6.617884031418991286e-01
5.895956158638000488e-01 6.591778474772076457e-01 5.961177349090576172e-01 6.574719522597023413e-01
5.947843790054321289e-01 6.583130215143854214e-01 5.942391753196716309e-01 6.558665629593720681e-01
5.940687060356140137e-01 6.579295113232166425e-01 5.888123512268066406e-01 6.577438413163759767e-01
5.925031304359436035e-01 6.557583278759921974e-01 5.959089994430541992e-01 6.543411888451199365e-01
5.968867540359497070e-01 6.560214057359441409e-01 6.046754121780395508e-01 6.585514422897206233e-01
5.968867540359497070e-01 6.543640291718554325e-01 5.856814980506896973e-01 6.632866380956670138e-01
5.944712758064270020e-01 6.539280710418272635e-01 6.006053090095520020e-01 6.543990646192908711e-01
5.959026813507080078e-01 6.542774940842399634e-01 6.001878380775451660e-01 6.522143416727194110e-01
5.963947176933288574e-01 6.540638980295560012e-01 5.993529558181762695e-01 6.539577608366297090e-01
5.974234938621520996e-01 6.545808296080756206e-01 5.981006026268005371e-01 6.520353962001111947e-01
5.987207293510437012e-01 6.535648492308715474e-01 5.866207480430603027e-01 6.596854723612068927e-01
6.010914444923400879e-01 6.518824615169668268e-01 5.912126898765563965e-01 6.546470936542512220e-01
5.953211784362792969e-01 6.519013217745835975e-01 6.013358235359191895e-01 6.498366356194579252e-01
5.989443659782409668e-01 6.523502276246204712e-01 6.151116490364074707e-01 6.530839873489868719e-01
6.043120622634887695e-01 6.506637969902620000e-01 5.979962348937988281e-01 6.527151958948882449e-01
6.028806567192077637e-01 6.509150813316526563e-01 6.078063249588012695e-01 6.455783914409980451e-01
6.045356988906860352e-01 6.494305511987535917e-01 6.115633249282836914e-01 6.479351778439453868e-01
6.037752628326416016e-01 6.488371061540755269e-01 6.011270880699157715e-01 6.486498882317189851e-01
6.061459779739379883e-01 6.488732960489060897e-01 5.840116739273071289e-01 6.558502505453114306e-01
6.014492511749267578e-01 6.484046442646484998e-01 5.968482494354248047e-01 6.592802704562475968e-01
6.056987047195434570e-01 6.478641786415774151e-01 6.105197072029113770e-01 6.458921121595498915e-01
6.044015288352966309e-01 6.486973094159533826e-01 5.910039544105529785e-01 6.489404172321073805e-01
6.050277352333068848e-01 6.471129015746622803e-01 6.056147217750549316e-01 6.468455870349082426e-01
6.067722439765930176e-01 6.468542147501783468e-01 6.120851635932922363e-01 6.432498705285100149e-01
6.061907410621643066e-01 6.451577163484872868e-01 5.991442203521728516e-01 6.497440289490608034e-01
6.081141233444213867e-01 6.457851912621671575e-01 6.063452363014221191e-01 6.488294822391899030e-01
6.063249111175537109e-01 6.459545521387197731e-01 6.127113103866577148e-01 6.469814503797531868e-01
6.058328747749328613e-01 6.457185138848113848e-01 6.126069426536560059e-01 6.467274836348332334e-01
6.103954315185546875e-01 6.433981194716272833e-01 6.111459136009216309e-01 6.425885087237978022e-01
6.088298559188842773e-01 6.446240587084338669e-01 6.108328104019165039e-01 6.425670542987694800e-01
6.111558675765991211e-01 6.425858920003161279e-01 6.084324717521667480e-01 6.428389088815399388e-01
6.095455288887023926e-01 6.421300919543525554e-01 6.047797799110412598e-01 6.455223459437057221e-01
6.138396859169006348e-01 6.405685522684707589e-01 6.157378554344177246e-01 6.396391678767123778e-01
6.120951771736145020e-01 6.410965635175460697e-01 6.161552667617797852e-01 6.391633157067247994e-01
6.135712862014770508e-01 6.390747199290595093e-01 5.957002639770507812e-01 6.448058429378429324e-01
6.115136742591857910e-01 6.398897756935552072e-01 6.173032522201538086e-01 6.359814198921329709e-01
6.141527891159057617e-01 6.401603247488434345e-01 6.107284426689147949e-01 6.478222804387012701e-01
6.127214431762695312e-01 6.389019356940209837e-01 6.206429004669189453e-01 6.362575176761932072e-01
6.081588864326477051e-01 6.402992144384330730e-01 6.119807958602905273e-01 6.438140208276770249e-01
6.173287034034729004e-01 6.383244402401347939e-01 6.026925444602966309e-01 6.428522017499246344e-01
6.177312731742858887e-01 6.385925889420454027e-01 6.141723990440368652e-01 6.378415394391676596e-01
6.167024374008178711e-01 6.377901666854186580e-01 6.031100153923034668e-01 6.412683244016269546e-01
6.141527891159057617e-01 6.364015720146118937e-01 6.152160167694091797e-01 6.409920247007675487e-01
6.150921583175659180e-01 6.377351989705994928e-01 6.118764281272888184e-01 6.453092232474054724e-01
6.164788007736206055e-01 6.368632972464405295e-01 6.190774440765380859e-01 6.361130882692944688e-01
6.174628734588623047e-01 6.366548833405103469e-01 6.186599731445312500e-01 6.366023006754711888e-01
6.158972978591918945e-01 6.352408214254442465e-01 6.064496040344238281e-01 6.371010316236859206e-01
6.211307644844055176e-01 6.343707466065766631e-01 6.144855022430419922e-01 6.420049123066349228e-01
6.179102063179016113e-01 6.344417180672039525e-01 6.226257681846618652e-01 6.315678432972589018e-01
6.182233095169067383e-01 6.343670824512980255e-01 6.157378554344177246e-01 6.375858876780312601e-01
6.184917092323303223e-01 6.356664241735997534e-01 6.121895313262939453e-01 6.343252166928391445e-01
6.185811161994934082e-01 6.327646691335465645e-01 6.227301359176635742e-01 6.320319014858587492e-01
6.208176612854003906e-01 6.342740586265124270e-01 6.233562827110290527e-01 6.318856376468002800e-01
6.213544607162475586e-01 6.337774697218625519e-01 6.105197072029113770e-01 6.337507502491751543e-01
6.226963400840759277e-01 6.300903925914460579e-01 6.146942377090454102e-01 6.386216900413853592e-01
6.219806671142578125e-01 6.330867169645182368e-01 6.135462522506713867e-01 6.381839236594072373e-01
6.172392368316650391e-01 6.316601208826577718e-01 6.104153394699096680e-01 6.411183765451585748e-01
6.213991641998291016e-01 6.309648802549601143e-01 6.193905472755432129e-01 6.342103099604037286e-01
6.189837455749511719e-01 6.317088647805038093e-01 6.161552667617797852e-01 6.332296307090428122e-01
6.206834912300109863e-01 6.311530599356934834e-01 6.180338263511657715e-01 6.300920294809629896e-01
6.229647397994995117e-01 6.282157364077592954e-01 6.070757508277893066e-01 6.531578274640079673e-01
6.218912005424499512e-01 6.315667787718418635e-01 6.137549281120300293e-01 6.315618034718902818e-01
6.212202310562133789e-01 6.284160904944913195e-01 6.181381940841674805e-01 6.348430574923112912e-01
6.204598546028137207e-01 6.294758181854359647e-01 6.216865181922912598e-01 6.317086664427548071e-01
6.247092485427856445e-01 6.284582650518562019e-01 6.240868568420410156e-01 6.296797473006148227e-01
6.233673095703125000e-01 6.286920250517926689e-01 6.114589571952819824e-01 6.324024464561057712e-01
6.273036599159240723e-01 6.259458422618169315e-01 6.081193685531616211e-01 6.452372407171726998e-01
6.200572848320007324e-01 6.274286323528763809e-01 6.198079586029052734e-01 6.356578668829444556e-01
6.254249215126037598e-01 6.274414278565504377e-01 6.193905472755432129e-01 6.301185725701176077e-01
6.255143880844116211e-01 6.265063101436098014e-01 6.239824891090393066e-01 6.334350045900258852e-01
6.259169578552246094e-01 6.257825467577559087e-01 6.223126649856567383e-01 6.280578217235693872e-01
6.241277456283569336e-01 6.263734554216374706e-01 6.212690472602844238e-01 6.286618628200323355e-01
6.242172122001647949e-01 6.282220830919917898e-01 6.202254295349121094e-01 6.272648733410151056e-01
6.218464970588684082e-01 6.276401703676355304e-01 6.174076199531555176e-01 6.274238780803358395e-01
6.238593459129333496e-01 6.257221222904975066e-01 6.053016185760498047e-01 6.377206585447565690e-01
6.267668604850769043e-01 6.252775892074088349e-01 6.135462522506713867e-01 6.373022946752056050e-01
6.279298663139343262e-01 6.261053792285800057e-01 6.112502813339233398e-01 6.305263354966894607e-01
6.273036599159240723e-01 6.245665076402202587e-01 6.099979281425476074e-01 6.295353878119175350e-01
6.253802180290222168e-01 6.253148113109276984e-01 6.171989440917968750e-01 6.323845564037642308e-01
6.250671148300170898e-01 6.228622233938031494e-01 6.209559440612792969e-01 6.284956621665891419e-01
6.276167631149291992e-01 6.228902873380343097e-01 6.239824891090393066e-01 6.247422582195985008e-01
