5.063070058822631836e-01 7.025344705492082564e-01 5.083490014076232910e-01 6.918944513541476216e-01
4.953480064868927002e-01 7.059932589893542776e-01 5.286996364593505859e-01 6.912878513261535574e-01
5.037573575973510742e-01 7.010466758968962875e-01 5.259861946105957031e-01 6.908739807585340120e-01
5.100644230842590332e-01 7.005492170139850927e-01 5.312043428421020508e-01 6.905555039600698164e-01
5.169529318809509277e-01 6.983003395468417862e-01 5.346482992172241211e-01 6.902818649080396662e-01
5.120325684547424316e-01 6.998726856646672045e-01 5.342308282852172852e-01 6.900515600749680400e-01
5.084988474845886230e-01 6.984682819202987503e-01 5.327697992324829102e-01 6.898684172211299037e-01
5.057255029678344727e-01 7.006843211314272013e-01 5.348570346832275391e-01 6.896937916358958365e-01
5.120772719383239746e-01 6.994419955763626628e-01 5.414318442344665527e-01 6.895406193684446849e-01
5.135086774826049805e-01 6.993249759709905256e-01 5.418493151664733887e-01 6.893759210232627277e-01
5.110037326812744141e-01 6.991137198225333416e-01 5.453976392745971680e-01 6.892066806697865200e-01
5.170871615409851074e-01 6.969058451146596944e-01 5.472761392593383789e-01 6.890736159813526385e-01
5.086777806282043457e-01 6.986606158922686882e-01 5.490503311157226562e-01 6.889347700031632771e-01
5.181607007980346680e-01 6.961932223264210018e-01 5.528073310852050781e-01 6.887831874666072718e-01
5.168634653091430664e-01 6.966216650242070818e-01 5.558338761329650879e-01 6.886522491126039203e-01
5.123009681701660156e-01 6.979263011192161636e-01 5.575036406517028809e-01 6.885250410315040259e-01
5.210681557655334473e-01 6.946375336965265879e-01 5.570862293243408203e-01 6.884080888433263823e-01
5.224547982215881348e-01 6.960699552819092917e-01 5.576080083847045898e-01 6.882855627562153300e-01
5.168187618255615234e-01 6.961460333963395142e-01 5.642871856689453125e-01 6.881542816412918873e-01
5.135981440544128418e-01 6.959653008835199328e-01 5.650177597999572754e-01 6.880096073340732366e-01
5.176239013671875000e-01 6.962065729883323284e-01 5.640785098075866699e-01 6.878795328555289412e-01
5.137323141098022461e-01 6.966230395143542253e-01 5.630348324775695801e-01 6.877634671107136777e-01
5.217838883399963379e-01 6.943884562627000712e-01 5.568774938583374023e-01 6.876139840734351028e-01
5.149400830268859863e-01 6.973631239828941286e-01 5.576080083847045898e-01 6.875159663811677424e-01
5.128824710845947266e-01 6.966229019832218539e-01 5.580254793167114258e-01 6.874073364619694981e-01
5.197262763977050781e-01 6.956334626937001886e-01 5.596952438354492188e-01 6.872746653931047778e-01
5.235283374786376953e-01 6.939282443745657947e-01 5.599039793014526367e-01 6.871382537004570024e-01
5.200393795967102051e-01 6.940424288080638826e-01 5.610519647598266602e-01 6.869987794164077455e-01
5.260332822799682617e-01 6.939795817516638543e-01 5.633479356765747070e-01 6.868811677702033602e-01
5.215601921081542969e-01 6.948651776242968925e-01 5.620955824851989746e-01 6.867739296710906327e-01
5.243782401084899902e-01 6.930905070111200716e-01 5.649133920669555664e-01 6.866401976121788708e-01
5.322061181068420410e-01 6.919604680644396710e-01 5.634523034095764160e-01 6.865268739920472596e-01
5.192789435386657715e-01 6.948664087710856307e-01 5.628261566162109375e-01 6.864026377455373362e-01
5.247808098793029785e-01 6.931480833703022038e-01 5.626174211502075195e-01 6.862752823261347723e-01
5.246466398239135742e-01 6.928643964232347185e-01 5.651221275329589844e-01 6.861613866954923147e-01
5.237520337104797363e-01 6.938398709278410514e-01 5.654351711273193359e-01 6.860415981423504395e-01
5.309536457061767578e-01 6.917623189123143224e-01 5.649133920669555664e-01 6.859266619372781371e-01
5.264358520507812500e-01 6.935459215838530866e-01 5.633479356765747070e-01 6.858069207344341667e-01
5.282698273658752441e-01 6.927914285962665231e-01 5.666875243186950684e-01 6.856843751025731848e-01
5.331007242202758789e-01 6.920308704068226513e-01 5.677311420440673828e-01 6.855589148769843932e-01
5.274199247360229492e-01 6.917901790020482000e-01 5.681486129760742188e-01 6.854398398627271627e-01
5.282250642776489258e-01 6.920607372822457082e-01 5.700271129608154297e-01 6.853080839509632094e-01
5.294775366783142090e-01 6.929152602585467724e-01 5.689834952354431152e-01 6.852106132131109417e-01
5.293880701065063477e-01 6.917844871583960220e-01 5.700271129608154297e-01 6.851167920187654081e-01
5.258543491363525391e-01 6.925574986340428119e-01 5.714882016181945801e-01 6.850056235463304333e-01
5.333243608474731445e-01 6.913693520480606036e-01 5.696097016334533691e-01 6.848765312194625698e-01
5.346662998199462891e-01 6.916080798269235164e-01 5.699227452278137207e-01 6.847774631244060162e-01
5.318035483360290527e-01 6.903527060483303224e-01 5.684617161750793457e-01 6.846589988493715362e-01
5.344426631927490234e-01 6.900432889097639633e-01 5.691922307014465332e-01 6.845391864717890185e-01
5.310431122779846191e-01 6.906852243432505256e-01 5.699227452278137207e-01 6.844497824531337038e-01
5.350241661071777344e-01 6.907620034654657903e-01 5.688791275024414062e-01 6.843367413423474543e-01
5.324297547340393066e-01 6.911372817742160723e-01 5.700271129608154297e-01 6.842208476684655816e-01
5.374843478202819824e-01 6.899626814822089615e-01 5.678355097770690918e-01 6.840960978466392728e-01
5.303274393081665039e-01 6.904763555266516528e-01 5.680442452430725098e-01 6.839905229671791043e-01
5.345321297645568848e-01 6.901784250637695850e-01 5.658526420593261719e-01 6.839003054216346023e-01
5.365002751350402832e-01 6.898916381739358394e-01 5.659570097923278809e-01 6.837806618927764202e-01
5.405260324478149414e-01 6.891521069759929397e-01 5.664787888526916504e-01 6.836622545600211653e-01
5.398103594779968262e-01 6.898511604666389685e-01 5.677311420440673828e-01 6.835513117044162978e-01
5.370370149612426758e-01 6.894010223606913401e-01 5.667918920516967773e-01 6.834248679710862584e-01
5.388709902763366699e-01 6.902972928503797734e-01 5.658526420593261719e-01 6.833364967139372581e-01
5.391840934753417969e-01 6.886280170492035113e-01 5.658526420593261719e-01 6.832367059980944957e-01
5.391393899917602539e-01 6.890846818050986311e-01 5.649133920669555664e-01 6.831362928236434096e-01
5.398103594779968262e-01 6.889097640885076812e-01 5.648090243339538574e-01 6.830459520752607538e-01
5.371264815330505371e-01 6.896020688381833130e-01 5.644959211349487305e-01 6.829688827594867506e-01
5.390051603317260742e-01 6.890936559994332855e-01 5.654351711273193359e-01 6.828642659211203725e-01
5.403470993041992188e-01 6.888379270967718293e-01 5.642871856689453125e-01 6.827658299637398009e-01
5.425389409065246582e-01 6.886369446710772779e-01 5.640785098075866699e-01 6.826613699561293602e-01
5.397208929061889648e-01 6.901140098261223654e-01 5.650177597999572754e-01 6.825755324251242540e-01
5.454463958740234375e-01 6.886677614135421344e-01 5.638697743415832520e-01 6.824934340249867448e-01
5.432993173599243164e-01 6.873172753653643552e-01 5.635566711425781250e-01 6.823904820360388035e-01
5.447754263877868652e-01 6.887090703864753305e-01 5.641828179359436035e-01 6.823024289315887669e-01
5.409733653068542480e-01 6.885169028041400185e-01 5.640785098075866699e-01 6.822040426012021541e-01
5.428520441055297852e-01 6.874288557082984807e-01 5.634523034095764160e-01 6.821013972570642014e-01
5.447307229042053223e-01 6.875329181021367919e-01 5.637654066085815430e-01 6.820018135588146180e-01
5.418679714202880859e-01 6.878262421999065124e-01 5.638697743415832520e-01 6.819254568612941325e-01
5.415548682212829590e-01 6.885640947309840110e-01 5.633479356765747070e-01 6.818177696808074284e-01
5.460278987884521484e-01 6.884902674410846579e-01 5.631392002105712891e-01 6.817356119994901764e-01
5.428072810173034668e-01 6.878066859895416441e-01 5.632435679435729980e-01 6.816261042709566009e-01
5.477277040481567383e-01 6.869498899209518505e-01 5.633479356765747070e-01 6.815216037058128284e-01
5.438361167907714844e-01 6.870769943144138248e-01 5.642871856689453125e-01 6.814291223532171760e-01
5.460726618766784668e-01 6.867439382339466381e-01 5.637654066085815430e-01 6.813243445536956155e-01
5.485328435897827148e-01 6.857402487632136001e-01 5.638697743415832520e-01 6.812141884644726808e-01
5.464752316474914551e-01 6.863875583835354899e-01 5.634523034095764160e-01 6.811221431053597897e-01
5.542583465576171875e-01 6.863731189157182833e-01 5.632435679435729980e-01 6.810365799846342938e-01
5.522454977035522461e-01 6.859385840132189438e-01 5.627217888832092285e-01 6.809133860542888605e-01
5.429415106773376465e-01 6.877081930626695039e-01 5.634523034095764160e-01 6.808277313183255242e-01
5.477724075317382812e-01 6.861845557240472404e-01 5.633479356765747070e-01 6.807495585390631598e-01
5.468330383300781250e-01 6.863065829087634517e-01 5.640785098075866699e-01 6.806768069583770675e-01
5.449991226196289062e-01 6.876438584176686186e-01 5.636610388755798340e-01 6.806078773653598812e-01
5.478171110153198242e-01 6.867256850073516494e-01 5.637654066085815430e-01 6.805192869855625215e-01
5.479960441589355469e-01 6.866255453968542755e-01 5.629305243492126465e-01 6.804577777042838393e-01
5.502773523330688477e-01 6.860323762036240058e-01 5.641828179359436035e-01 6.804021660979518993e-01
5.459384322166442871e-01 6.870072381955861784e-01 5.648090243339538574e-01 6.803323998129758854e-01
5.482197403907775879e-01 6.862641136555408528e-01 5.652264952659606934e-01 6.802412911462674128e-01
5.512166619300842285e-01 6.855764002765007969e-01 5.648090243339538574e-01 6.801403502511271792e-01
5.488459467887878418e-01 6.843748430507002878e-01 5.666875243186950684e-01 6.800443684101801223e-01
5.510377287864685059e-01 6.855119971218849306e-01 5.647046566009521484e-01 6.799854151741295816e-01
5.495169162750244141e-01 6.863905773497285256e-01 5.673137307167053223e-01 6.798889130397470781e-01
5.558686852455139160e-01 6.850030471587953418e-01 5.668962597846984863e-01 6.798168911711952589e-01
5.565396547317504883e-01 6.844640529460739309e-01 5.670006275177001953e-01 6.797401121154853509e-01
