5.639649033546447754e-01 6.805967161087640438e-01 5.733667016029357910e-01 6.707276234147047100e-01
5.847199559211730957e-01 6.686348432951950693e-01 5.855771303176879883e-01 6.646193027172873080e-01
5.888352394104003906e-01 6.650882227451947459e-01 5.990398526191711426e-01 6.621308329458203135e-01
5.908480882644653320e-01 6.617975627337271405e-01 5.865163803100585938e-01 6.609681171157668622e-01
5.933977365493774414e-01 6.627129197525922777e-01 6.096848249435424805e-01 6.583331476370593016e-01
5.975577235221862793e-01 6.598730072776369804e-01 6.108328104019165039e-01 6.565400538676418041e-01
5.996153354644775391e-01 6.599101283337396318e-01 5.866207480430603027e-01 6.662261492149538222e-01
6.003310084342956543e-01 6.578899031249371143e-01 6.080150008201599121e-01 6.567900402514578184e-01
6.009572148323059082e-01 6.573883411623664408e-01 6.162596344947814941e-01 6.502725333193104529e-01
6.048935651779174805e-01 6.546381232264558703e-01 6.049885153770446777e-01 6.559265972154171287e-01
6.013597846031188965e-01 6.559082978226925542e-01 6.127113103866577148e-01 6.537314248318911725e-01
5.993469357490539551e-01 6.567913303116733603e-01 6.003965735435485840e-01 6.534454060780233720e-01
6.038200259208679199e-01 6.528692596669827264e-01 6.252348423004150391e-01 6.477223179753900384e-01
6.032832264900207520e-01 6.533793676814531048e-01 6.157378554344177246e-01 6.497004767644631862e-01
6.044909358024597168e-01 6.519365990752716833e-01 6.122938990592956543e-01 6.479809483763221412e-01
6.044015288352966309e-01 6.511138798960591778e-01 6.003965735435485840e-01 6.492835238616369020e-01
6.024333238601684570e-01 6.506590292158995759e-01 6.137549281120300293e-01 6.444243355524911232e-01
6.101717948913574219e-01 6.482061890161705531e-01 6.042580008506774902e-01 6.495074925629685803e-01
6.067274808883666992e-01 6.480813721015897810e-01 6.224170327186584473e-01 6.425853939674462945e-01
6.130792498588562012e-01 6.464851083109642849e-01 6.119807958602905273e-01 6.482423850350926831e-01
6.194757819175720215e-01 6.434368096794589320e-01 6.089543104171752930e-01 6.452776797751846871e-01
6.120951771736145020e-01 6.430815380232601797e-01 6.139636635780334473e-01 6.392083679850926181e-01
6.137502193450927734e-01 6.422397570888179752e-01 6.142767667770385742e-01 6.432745773318017113e-01
6.147342920303344727e-01 6.413138170194532250e-01 6.158422231674194336e-01 6.480134413551373873e-01
6.179549098014831543e-01 6.428164910237804675e-01 6.117720603942871094e-01 6.440045113131587229e-01
6.138843894004821777e-01 6.416960548983423607e-01 6.193905472755432129e-01 6.403228702885550572e-01
6.167472004890441895e-01 6.392356095554619921e-01 6.079106926918029785e-01 6.420801173195015421e-01
6.151368618011474609e-01 6.402581237812421389e-01 6.180338263511657715e-01 6.441502000563479324e-01
6.203256249427795410e-01 6.379075514478916853e-01 6.193905472755432129e-01 6.387051721874246191e-01
6.209965944290161133e-01 6.376554592604030125e-01 6.211646795272827148e-01 6.374801763212275540e-01
6.218912005424499512e-01 6.350143794980154244e-01 6.233562827110290527e-01 6.350587419566817715e-01
6.281535029411315918e-01 6.317033297709733208e-01 6.318096518516540527e-01 6.299063305321328521e-01
6.227858066558837891e-01 6.348226266313397037e-01 6.232519149780273438e-01 6.294587407796872203e-01
6.249328851699829102e-01 6.314794142422426315e-01 6.230431795120239258e-01 6.307892788429395603e-01
6.331186294555664062e-01 6.276816295519521693e-01 6.242955327033996582e-01 6.310959961961242204e-01
6.309268474578857422e-01 6.281182524833297531e-01 6.263828277587890625e-01 6.254500020299269547e-01
6.299874782562255859e-01 6.271870933762387912e-01 6.263828277587890625e-01 6.274343928696590744e-01
6.294059753417968750e-01 6.297051383591995011e-01 6.251304745674133301e-01 6.297745022264160664e-01
6.342816352844238281e-01 6.251942089960941251e-01 6.307660341262817383e-01 6.219326408116908622e-01
6.317319869995117188e-01 6.255603623445653572e-01 6.290962100028991699e-01 6.272682569340957137e-01
6.346842050552368164e-01 6.239880812383546971e-01 6.265915036201477051e-01 6.267763361431217817e-01
6.362050175666809082e-01 6.200818914722129316e-01 6.246086359024047852e-01 6.244963718789326990e-01
6.404544711112976074e-01 6.192452529500946934e-01 6.369233727455139160e-01 6.243728160285869633e-01
6.389335989952087402e-01 6.183439927016671778e-01 6.351492404937744141e-01 6.164255252936468032e-01
6.391572952270507812e-01 6.203592592924647153e-01 6.362972259521484375e-01 6.173279518574519287e-01
6.372785568237304688e-01 6.174572194639995626e-01 6.418284177780151367e-01 6.144819175667066702e-01
6.369207501411437988e-01 6.169096912290866763e-01 6.243999004364013672e-01 6.297790316071347760e-01
6.366076469421386719e-01 6.174287975612960944e-01 6.392193436622619629e-01 6.195087327610796502e-01
6.410359740257263184e-01 6.121213549705071255e-01 6.454811096191406250e-01 6.092924785076564431e-01
6.452853679656982422e-01 6.107056442708826971e-01 6.300354599952697754e-01 6.221279093104995495e-01
6.452406644821166992e-01 6.137148986713343302e-01 6.325401663780212402e-01 6.198701033435966012e-01
6.446591615676879883e-01 6.105986145063554416e-01 6.375495791435241699e-01 6.181666587419735182e-01
6.434513926506042480e-01 6.084816655802970375e-01 6.388019323348999023e-01 6.116335677767168466e-01
6.440328955650329590e-01 6.091150638988479527e-01 6.328532695770263672e-01 6.165716884106838824e-01
6.459116339683532715e-01 6.080614538157769200e-01 6.446462273597717285e-01 6.081864641618938139e-01
6.460011005401611328e-01 6.082376814588149605e-01 6.249217391014099121e-01 6.274474844432926801e-01
6.479692459106445312e-01 6.074095617831126726e-01 6.496555805206298828e-01 6.056199209273570583e-01
6.452406644821166992e-01 6.114096075355057724e-01 6.274264454841613770e-01 6.290163451285134544e-01
6.502057909965515137e-01 6.061305838719871497e-01 6.378626823425292969e-01 6.133316069300203122e-01
6.509661674499511719e-01 6.035307306129106264e-01 6.390106678009033203e-01 6.140069165450748878e-01
6.527554392814636230e-01 6.027133275729255057e-01 6.470465660095214844e-01 6.028777379204350861e-01
6.502504944801330566e-01 6.011059205185259602e-01 6.413066387176513672e-01 6.139115378916872867e-01
6.526212096214294434e-01 6.040045899704117316e-01 6.453767418861389160e-01 6.074496353874373478e-01
6.542762517929077148e-01 5.977951887469105108e-01 6.433938741683959961e-01 6.078970791327632517e-01
6.549472212791442871e-01 5.982414697849979257e-01 6.478814482688903809e-01 6.075993615957422378e-01
6.514135003089904785e-01 6.017828139002068255e-01 6.484032273292541504e-01 6.030794686028017049e-01
6.502057909965515137e-01 6.015402249369345977e-01 6.413066387176513672e-01 6.173210567533286008e-01
6.559312939643859863e-01 5.988878030046663747e-01 6.395324468612670898e-01 6.089324878143432818e-01
6.557076573371887207e-01 5.964159696979628444e-01 6.498643159866333008e-01 6.034622310945172430e-01
6.552156209945678711e-01 5.952622562534887196e-01 6.403673291206359863e-01 6.055686067773464742e-01
6.580783724784851074e-01 5.974876167288319939e-01 6.369233727455139160e-01 6.153972190945712351e-01
6.490427851676940918e-01 6.043814993390970169e-01 6.486119627952575684e-01 6.027674811091907614e-01
6.593308448791503906e-01 5.941601140508926404e-01 6.506991982460021973e-01 6.003402203439646145e-01
6.540078520774841309e-01 5.950935968539650123e-01 6.522646546363830566e-01 6.047638631319854907e-01
6.621935963630676270e-01 5.881540603705095460e-01 6.600918173789978027e-01 5.998536043166119436e-01
6.572732329368591309e-01 5.923783124975579018e-01 6.516385078430175781e-01 6.024091536230892219e-01
6.559312939643859863e-01 5.949254305764971607e-01 6.588394641876220703e-01 5.978791258126603392e-01
6.624619960784912109e-01 5.873285027133862135e-01 6.257566213607788086e-01 6.385469300541393167e-01
6.519502401351928711e-01 6.010615637848855108e-01 6.536213755607604980e-01 5.948796338836973563e-01
6.587493419647216797e-01 5.920626043228242041e-01 6.500730514526367188e-01 6.022930403538024891e-01
6.615673899650573730e-01 5.889652088687082898e-01 6.534126400947570801e-01 5.986360950227123112e-01
6.613436937332153320e-01 5.900997632324941344e-01 6.579002141952514648e-01 5.985585432837885467e-01
6.646090745925903320e-01 5.882534061055807451e-01 6.583176851272583008e-01 5.935187361554397079e-01
6.585256457328796387e-01 5.932798590381108683e-01 6.542475223541259766e-01 5.984613613006442012e-01
6.682769656181335449e-01 5.823784499992559205e-01 6.523690223693847656e-01 6.027859367773891197e-01
6.643406748771667480e-01 5.868675627079648072e-01 6.516385078430175781e-01 6.007641553007916357e-01
6.670692563056945801e-01 5.853080584103230732e-01 6.684408187866210938e-01 5.895433207315633473e-01
6.669350266456604004e-01 5.834913390184860438e-01 6.642663478851318359e-01 5.883574481424471703e-01
6.667113900184631348e-01 5.809553515017406022e-01 6.571696996688842773e-01 5.982452015417947244e-01
6.654589176177978516e-01 5.881745365869383013e-01 6.714673638343811035e-01 5.861725152919795567e-01
6.697083711624145508e-01 5.818951381705361747e-01 6.544562578201293945e-01 5.917559112444522595e-01
6.690374016761779785e-01 5.852370333065818331e-01 6.581089496612548828e-01 5.972954453692459476e-01
6.627303361892700195e-01 5.906497867893588660e-01 6.634314060211181641e-01 5.916363244214950523e-01
6.719449162483215332e-01 5.791516205261593164e-01 6.643707156181335449e-01 5.883364819380565436e-01
6.706476807594299316e-01 5.794388428423736803e-01 6.581089496612548828e-01 5.954587997511368025e-01
6.674270629882812500e-01 5.801584843894752597e-01 6.624921560287475586e-01 5.921486642509481424e-01
6.749866008758544922e-01 5.739894008610879617e-01 6.576914787292480469e-01 5.996498548270416951e-01
6.701109409332275391e-01 5.790032373385003428e-01 6.638488769531250000e-01 5.869349703189600254e-01
6.722132563591003418e-01 5.765230194957935428e-01 6.672928333282470703e-01 5.812568723023298078e-01
6.710055470466613770e-01 5.777221830016194826e-01 6.585264205932617188e-01 5.911184019719949445e-01
