4.988817274570465088e-01 1.016103861285175299e+03 4.990607500076293945e-01 8.025411057014402161e-01
4.959295094013214111e-01 7.220003583026414207e-01 5.009392499923706055e-01 6.986625756383365582e-01
5.063070058822631836e-01 7.016880742273724492e-01 5.009392499923706055e-01 7.082314345090678920e-01
4.989711940288543701e-01 7.052269995500499711e-01 5.009392499923706055e-01 7.428092183461644238e-01
4.992395639419555664e-01 5.058142428196570677e+02 4.990607500076293945e-01 7.640193388895509807e-01
5.040705204010009766e-01 7.173468746147592112e-01 4.990607500076293945e-01 6.988003325721113823e-01
4.985238909721374512e-01 7.096504382635830943e-01 4.990607500076293945e-01 7.077240368638648693e-01
4.980765879154205322e-01 7.055290051939065998e-01 4.990607500076293945e-01 7.017507894853788342e-01
5.012077093124389648e-01 7.040830979323340344e-01 4.990607500076293945e-01 7.034782566498725132e-01
5.006709694862365723e-01 7.065023512613327616e-01 5.009392499923706055e-01 7.330008747681673320e-01
4.992395639419555664e-01 7.079825122532594772e-01 4.990607500076293945e-01 6.947179807673116159e-01
4.994184970855712891e-01 7.054849525836610624e-01 5.009392499923706055e-01 7.243902411298646093e-01
4.985238909721374512e-01 7.073575387830319805e-01 4.990607500076293945e-01 6.987268631479680581e-01
4.987922608852386475e-01 7.105561907015411904e-01 4.990607500076293945e-01 6.932560641515281841e-01
5.027285814285278320e-01 7.000109698269486591e-01 5.009392499923706055e-01 6.931504936388453997e-01
4.972714185714721680e-01 7.101243339341661853e-01 4.990607500076293945e-01 7.154262484650202314e-01
5.033547878265380859e-01 7.044804596819889131e-01 4.990607500076293945e-01 7.250769873472574512e-01
4.956611096858978271e-01 7.030497468270775485e-01 4.990607500076293945e-01 6.950337539831896727e-01
5.033547878265380859e-01 7.077048389658686656e-01 4.990607500076293945e-01 7.124225101996453091e-01
4.977187216281890869e-01 7.027258408754279984e-01 4.990607500076293945e-01 6.939318628332058481e-01
5.027285814285278320e-01 7.159348278997792470e-01 4.990607500076293945e-01 7.251730423410559512e-01
5.070227384567260742e-01 7.085322878040383188e-01 4.990607500076293945e-01 7.133971606607701910e-01
5.004025697708129883e-01 7.093371453620513911e-01 4.990607500076293945e-01 6.957899136101370896e-01
5.017445087432861328e-01 7.018867153924316371e-01 4.990607500076293945e-01 7.083931599995010320e-01
4.979871213436126709e-01 7.116897021493452380e-01 5.009392499923706055e-01 7.310347990013318364e-01
5.010288357734680176e-01 7.075363169908309713e-01 4.990607500076293945e-01 7.056462328186664523e-01
4.970030486583709717e-01 7.082223137262405599e-01 4.990607500076293945e-01 6.961795141766101702e-01
5.000447034835815430e-01 7.090616964402320921e-01 4.990607500076293945e-01 7.189930979107247433e-01
4.963768124580383301e-01 7.017430161657689514e-01 5.009392499923706055e-01 6.978759950124453493e-01
5.027285814285278320e-01 7.193155384891296578e-01 4.990607500076293945e-01 7.345570689873962555e-01
5.086330175399780273e-01 7.017849579674759752e-01 4.990607500076293945e-01 7.144526867870497622e-01
5.063964724540710449e-01 7.036629461030623478e-01 4.990607500076293945e-01 6.931480775046662268e-01
5.009393692016601562e-01 7.099636886985384310e-01 4.990607500076293945e-01 6.934351609062238131e-01
4.981660544872283936e-01 7.052093485233971171e-01 5.009392499923706055e-01 7.066943882477604300e-01
5.042493939399719238e-01 7.027359053900468222e-01 5.009392499923706055e-01 7.163962284276043091e-01
4.976292848587036133e-01 7.064939794482389956e-01 5.009392499923706055e-01 6.946128553300131570e-01
5.038915872573852539e-01 7.091081809071868580e-01 5.009392499923706055e-01 8.640633753559778807e-01
4.987922608852386475e-01 7.048171344330664834e-01 5.009392499923706055e-01 7.034836196496326854e-01
4.973608851432800293e-01 7.069947865999413050e-01 5.009392499923706055e-01 6.992818638915633267e-01
4.970925152301788330e-01 7.079067520089387111e-01 5.009392499923706055e-01 6.954985181590107590e-01
4.964662790298461914e-01 7.093279278007469379e-01 5.009392499923706055e-01 6.933553988563817549e-01
4.934245944023132324e-01 7.026180288172680921e-01 5.009392499923706055e-01 7.288810001661721882e-01
4.996868968009948730e-01 7.027665372290707868e-01 5.009392499923706055e-01 6.962623477255818205e-01
5.046072602272033691e-01 7.028713182166770324e-01 5.009392499923706055e-01 6.950832711234518069e-01
4.997763335704803467e-01 7.131635545831094269e-01 5.009392499923706055e-01 6.957034734762976846e-01
5.003131031990051270e-01 7.003657808668990459e-01 4.990607500076293945e-01 7.128435340710955748e-01
4.976292848587036133e-01 7.112072056746264748e-01 4.990607500076293945e-01 7.264161470961008060e-01
5.000447034835815430e-01 7.030822261114797467e-01 4.990607500076293945e-01 6.945187946844887383e-01
5.072910785675048828e-01 7.099514351716129656e-01 5.009392499923706055e-01 6.937322070418955322e-01
5.036231875419616699e-01 7.021441751546820820e-01 4.990607500076293945e-01 6.933166017066558773e-01
4.965557456016540527e-01 7.090058240764233188e-01 4.990607500076293945e-01 6.988482272617504432e-01
5.024601817131042480e-01 7.033214123310055355e-01 4.990607500076293945e-01 6.938451371793084022e-01
5.001341700553894043e-01 7.015113079136227059e-01 4.990607500076293945e-01 6.944038114525833416e-01
5.008499026298522949e-01 7.079023818015028890e-01 5.009392499923706055e-01 6.994756818987137859e-01
4.968241155147552490e-01 7.083682725117701473e-01 4.990607500076293945e-01 7.188066671721200507e-01
4.927983582019805908e-01 7.077627834042616861e-01 4.990607500076293945e-01 7.242502729769814129e-01
4.980765879154205322e-01 7.032273076348024565e-01 4.990607500076293945e-01 7.046158343485118269e-01
5.007604360580444336e-01 7.032889302844629320e-01 5.009392499923706055e-01 7.333398914068433028e-01
4.996868968009948730e-01 7.162725712366150299e-01 4.990607500076293945e-01 6.947243372773457271e-01
4.980765879154205322e-01 7.061919635450035759e-01 4.990607500076293945e-01 8.572419287640374863e-01
4.974503517150878906e-01 7.071821899805668110e-01 5.009392499923706055e-01 6.932664453373700297e-01
4.964662790298461914e-01 1.565200575557606442e+02 5.009392499923706055e-01 7.264737126175830895e-01
4.982554912567138672e-01 7.185208301975893885e-01 4.990607500076293945e-01 7.017914353246057502e-01
5.002236366271972656e-01 7.003649703866361431e-01 4.990607500076293945e-01 6.934841557127328082e-01
5.003131031990051270e-01 7.136076912723813281e-01 5.009392499923706055e-01 7.185813897936460526e-01
4.990606606006622314e-01 7.041043602816638991e-01 5.009392499923706055e-01 1.193395400166735509e+00
4.971819519996643066e-01 7.131342886385368951e-01 5.009392499923706055e-01 6.999354982420885607e-01
4.996421635150909424e-01 7.026254707381814901e-01 4.990607500076293945e-01 6.970901409386841552e-01
5.028180480003356934e-01 7.119196924994340980e-01 4.990607500076293945e-01 6.931512663718231160e-01
5.055913329124450684e-01 7.044793732756258198e-01 4.990607500076293945e-01 6.968291653543742248e-01
5.088119506835937500e-01 7.102493579559578940e-01 4.990607500076293945e-01 6.931475401297911842e-01
5.011182427406311035e-01 7.045944617928876497e-01 4.990607500076293945e-01 6.936487504744723864e-01
4.933351278305053711e-01 7.070658661466439066e-01 4.990607500076293945e-01 6.944765510526237362e-01
5.046072602272033691e-01 7.051037962373968293e-01 5.009392499923706055e-01 7.031846292405555809e-01
4.977187216281890869e-01 7.016395076930703745e-01 5.009392499923706055e-01 7.250813868070191681e-01
4.992395639419555664e-01 7.040008634974052049e-01 4.990607500076293945e-01 6.938898536885762525e-01
4.971819519996643066e-01 7.025617537461787965e-01 4.990607500076293945e-01 7.040855216845618436e-01
4.972714185714721680e-01 7.087615611600542875e-01 5.009392499923706055e-01 6.944988271658119050e-01
4.983449578285217285e-01 7.122330129583825942e-01 5.009392499923706055e-01 6.960119607303765221e-01
5.029969811439514160e-01 6.995956081357789236e-01 5.009392499923706055e-01 6.931857101804302923e-01
4.986133575439453125e-01 7.132326378701175917e-01 5.009392499923706055e-01 7.683935027186195033e-01
4.976292848587036133e-01 7.080948668700207671e-01 4.990607500076293945e-01 7.103063874592041582e-01
5.024154782295227051e-01 2.554953312303282331e+01 5.009392499923706055e-01 7.186159253294596150e-01
5.031311511993408203e-01 7.206930256440188254e-01 4.990607500076293945e-01 6.939627099972730528e-01
5.039810538291931152e-01 7.047172210514704993e-01 5.009392499923706055e-01 6.951339093062803842e-01
4.975398182868957520e-01 7.067263392775872122e-01 5.009392499923706055e-01 6.981837134773312137e-01
4.967346489429473877e-01 7.062130683883398596e-01 4.990607500076293945e-01 6.932045304931994112e-01
5.091698169708251953e-01 7.066528616597388401e-01 4.990607500076293945e-01 7.705563191356352704e-01
4.965557456016540527e-01 7.085814787740463139e-01 4.990607500076293945e-01 6.963817509323937394e-01
4.989711940288543701e-01 7.089905360022732417e-01 5.009392499923706055e-01 6.932045633622186953e-01
4.961084127426147461e-01 6.997678107962793659e-01 5.009392499923706055e-01 7.294606850953919697e-01
5.038915872573852539e-01 7.073027114787966418e-01 4.990607500076293945e-01 7.110019842634318632e-01
4.977187216281890869e-01 7.093596959566255133e-01 4.990607500076293945e-01 6.965935372952951621e-01
4.995974302291870117e-01 7.117175714639883966e-01 5.009392499923706055e-01 6.931459876844564549e-01
5.022812485694885254e-01 7.047104244902769876e-01 4.990607500076293945e-01 6.992624057929218706e-01
5.010288357734680176e-01 7.044291349424831594e-01 5.009392499923706055e-01 6.967410628219855573e-01
4.980765879154205322e-01 7.032921316052489491e-01 5.009392499923706055e-01 6.935071312691966083e-01
5.047861933708190918e-01 7.047444924106962549e-01 5.009392499923706055e-01 6.934440401072692328e-01
4.970925152301788330e-01 7.039593373285164546e-01 4.990607500076293945e-01 6.986191248226901740e-01
5.034442543983459473e-01 7.180349879922626188e-01 5.009392499923706055e-01 6.959924200237531666e-01
