5.584630370140075684e-01 6.885281444598362333e-01 5.881862044334411621e-01 6.696191787645080495e-01
5.811862349510192871e-01 6.723716940792798802e-01 5.884992480278015137e-01 6.670873213277135338e-01
5.883879065513610840e-01 6.694087934400170248e-01 5.997704267501831055e-01 6.624024058901126777e-01
5.938003063201904297e-01 6.655843812571716755e-01 5.987268090248107910e-01 6.663635322356418200e-01
5.950080752372741699e-01 6.656589738626048636e-01 5.911083221435546875e-01 6.658022425861951366e-01
5.877617001533508301e-01 6.693859964817105990e-01 5.759757757186889648e-01 6.736834413869424720e-01
5.905349850654602051e-01 6.665521429058135494e-01 5.981006026268005371e-01 6.625809968202105438e-01
5.974234938621520996e-01 6.629017049179752874e-01 5.899603366851806641e-01 6.670567384718654180e-01
5.904455184936523438e-01 6.667748264239200529e-01 5.948653817176818848e-01 6.622275229511567218e-01
5.967525243759155273e-01 6.624875449285372309e-01 5.845335125923156738e-01 6.651388494711135690e-01
5.978260636329650879e-01 6.622263479049356194e-01 6.038405299186706543e-01 6.610085234540510335e-01
6.028806567192077637e-01 6.609324497962428824e-01 6.087455749511718750e-01 6.588831902968562693e-01
6.026122570037841797e-01 6.609741028316290512e-01 5.953871607780456543e-01 6.670631048475818003e-01
6.033279895782470703e-01 6.597007190760996176e-01 6.089543104171752930e-01 6.614008620894544777e-01
6.040436625480651855e-01 6.594900729874204615e-01 6.020663976669311523e-01 6.619260850940011931e-01
6.063696742057800293e-01 6.580599841736236577e-01 6.045710444450378418e-01 6.566868291546124059e-01
6.002863049507141113e-01 6.604890510037282336e-01 5.991442203521728516e-01 6.673500550686504162e-01
6.049830317497253418e-01 6.574453791921052170e-01 6.097891926765441895e-01 6.539409722198998853e-01
6.068169474601745605e-01 6.573838012699236844e-01 6.083281040191650391e-01 6.530635576237220352e-01
6.089640259742736816e-01 6.559106551016096187e-01 6.000834703445434570e-01 6.592546606009102028e-01
6.070406436920166016e-01 6.539107400928633185e-01 5.898559689521789551e-01 6.623682471039249453e-01
6.103506684303283691e-01 6.533800985182220966e-01 6.090586781501770020e-01 6.515492996077676402e-01
6.076668500900268555e-01 6.529211730623440957e-01 6.105197072029113770e-01 6.542257248322715935e-01
6.109769344329833984e-01 6.512647975555450053e-01 6.137549281120300293e-01 6.479360255337139884e-01
6.139738559722900391e-01 6.511182963240229604e-01 5.941348075866699219e-01 6.581889091740319442e-01
6.107980012893676758e-01 6.509527504433457734e-01 6.114589571952819824e-01 6.490903249913579920e-01
6.118267774581909180e-01 6.512445924554661758e-01 5.904821753501892090e-01 6.587301143846490126e-01
6.137949824333190918e-01 6.469301328417610408e-01 6.025881767272949219e-01 6.498598783580029625e-01
6.174628734588623047e-01 6.455953208955248490e-01 6.184512376785278320e-01 6.456528950946810452e-01
6.147342920303344727e-01 6.470710780757509273e-01 6.133375167846679688e-01 6.450465242291910650e-01
6.162551641464233398e-01 6.457142529792191388e-01 6.106240749359130859e-01 6.488639991508846627e-01
6.177759766578674316e-01 6.426180621916033342e-01 6.170945763587951660e-01 6.424286564813230793e-01
6.227858066558837891e-01 6.404083822276472882e-01 6.115633249282836914e-01 6.511775408475888316e-01
6.194757819175720215e-01 6.427014898925373920e-01 6.186599731445312500e-01 6.426282287440203689e-01
6.193415522575378418e-01 6.394410561333617737e-01 6.248173713684082031e-01 6.391966168752569732e-01
6.179996132850646973e-01 6.374623642600826257e-01 6.121895313262939453e-01 6.435279386249073141e-01
6.241725087165832520e-01 6.368299349835870871e-01 6.221039295196533203e-01 6.401042848159863574e-01
6.236804723739624023e-01 6.351735000534419751e-01 6.208515763282775879e-01 6.426915104392674216e-01
6.245750784873962402e-01 6.347873469844319549e-01 6.160508990287780762e-01 6.417738189281240180e-01
6.244408488273620605e-01 6.353834737048931203e-01 6.188687086105346680e-01 6.368583636601368170e-01
6.265879273414611816e-01 6.328179923616553681e-01 6.202254295349121094e-01 6.340626347813917985e-01
6.286903023719787598e-01 6.299577750829490341e-01 6.176163554191589355e-01 6.374391366882579124e-01
6.273483633995056152e-01 6.288429676985182182e-01 6.285744309425354004e-01 6.304048988769855866e-01
6.312846541404724121e-01 6.239684226155003399e-01 6.265915036201477051e-01 6.285347052616755414e-01
6.249776482582092285e-01 6.324244586720537686e-01 6.163640022277832031e-01 6.408986382682496652e-01
6.354893445968627930e-01 6.251237669812692577e-01 6.229388713836669922e-01 6.242108722117269970e-01
6.373680233955383301e-01 6.197239954733084755e-01 6.177207231521606445e-01 6.427276066563318846e-01
6.281535029411315918e-01 6.275583781311306897e-01 6.262784600257873535e-01 6.327611199502182204e-01
6.367418169975280762e-01 6.223589369917538194e-01 6.225214004516601562e-01 6.309080837390488306e-01
6.346842050552368164e-01 6.190020640264536356e-01 6.311834454536437988e-01 6.175981609738213640e-01
6.392914652824401855e-01 6.184218726168380087e-01 6.335837841033935547e-01 6.202468917355411504e-01
6.444355249404907227e-01 6.131674225544925250e-01 6.312878131866455078e-01 6.191286468177418234e-01
6.420200467109680176e-01 6.129190435262800163e-01 6.345230937004089355e-01 6.154569007613369669e-01
6.408123373985290527e-01 6.150320352435559856e-01 6.328532695770263672e-01 6.176660075314083231e-01
6.434961557388305664e-01 6.123399054519945706e-01 6.371321082115173340e-01 6.180271185705941139e-01
6.385757923126220703e-01 6.155066423839310463e-01 6.328532695770263672e-01 6.181545041593273782e-01
6.426462531089782715e-01 6.115936032879819573e-01 6.265915036201477051e-01 6.282325986655363792e-01
6.441223621368408203e-01 6.083657290432572529e-01 6.306616663932800293e-01 6.244345102571938755e-01
6.511003971099853516e-01 6.042893342200534867e-01 6.368190646171569824e-01 6.192691901784629360e-01
6.477455496788024902e-01 6.056974434344963854e-01 6.366103291511535645e-01 6.229780238970066275e-01
6.471640467643737793e-01 6.059827211078494535e-01 6.409935355186462402e-01 6.175248193556718279e-01
6.472535133361816406e-01 6.068337312280480678e-01 6.397411823272705078e-01 6.118473296522770610e-01
6.471640467643737793e-01 6.048812519716947333e-01 6.376539468765258789e-01 6.157971379453865968e-01
6.511003971099853516e-01 6.014961441720527713e-01 6.438112854957580566e-01 6.090059145037850508e-01
6.518160700798034668e-01 5.994086668687166330e-01 6.432895064353942871e-01 6.095186415083894138e-01
6.526659727096557617e-01 5.977727459504664775e-01 6.341056227684020996e-01 6.193203607971049518e-01
6.525765061378479004e-01 6.001973854960088728e-01 6.377583146095275879e-01 6.098370388091121086e-01
6.542315483093261719e-01 5.946558010580288434e-01 6.332707405090332031e-01 6.173258778497038302e-01
6.523528099060058594e-01 6.006061073747894774e-01 6.420371532440185547e-01 6.069997431116694875e-01
6.477903127670288086e-01 6.040498840614771936e-01 6.343143582344055176e-01 6.171296114240800712e-01
6.546788215637207031e-01 5.961142413559444853e-01 6.485075950622558594e-01 6.067309648800035538e-01
6.578099727630615234e-01 5.927724302678868407e-01 6.334794163703918457e-01 6.289014569828739187e-01
6.574521660804748535e-01 5.946292603756024864e-01 6.566478610038757324e-01 6.051595379355256821e-01
6.608069539070129395e-01 5.887235146256503127e-01 6.368190646171569824e-01 6.116373594830862848e-01
6.546341180801391602e-01 5.971120377946868008e-01 6.407848000526428223e-01 6.070680644660970682e-01
6.579889059066772461e-01 5.877599679393532561e-01 6.526821255683898926e-01 6.044211765341857001e-01
6.537395119667053223e-01 6.000722653218684144e-01 6.386975646018981934e-01 6.291014394116187791e-01
6.562443971633911133e-01 5.945285273848162078e-01 6.447505950927734375e-01 6.076128516160379522e-01
6.615673899650573730e-01 5.873785067764926149e-01 6.557086110115051270e-01 5.988152480727569893e-01
6.646985411643981934e-01 5.849662360959028140e-01 6.500730514526367188e-01 5.976450718337472656e-01
6.665324568748474121e-01 5.831406218759445093e-01 6.521602869033813477e-01 6.013464762332966229e-01
6.583020091056823730e-01 5.932788855062441913e-01 6.601961851119995117e-01 6.044151729493368874e-01
6.624172329902648926e-01 5.865422895501137823e-01 6.402630209922790527e-01 6.093863413916627003e-01
6.667113900184631348e-01 5.854740708794442527e-01 6.514297723770141602e-01 5.987633004290056071e-01
6.612095236778259277e-01 5.842823453272875112e-01 6.528908610343933105e-01 6.080225123490253791e-01
6.555287241935729980e-01 5.982894147950392760e-01 6.473596096038818359e-01 6.059925205845395624e-01
6.659062504768371582e-01 5.831602411462958324e-01 6.548737287521362305e-01 6.021832283442415390e-01
6.717212200164794922e-01 5.796799214373847819e-01 6.513254046440124512e-01 5.992818777458176482e-01
6.676059961318969727e-01 5.843718815071677897e-01 6.455854773521423340e-01 6.013632342203801828e-01
6.725264191627502441e-01 5.780583879968564931e-01 6.463159918785095215e-01 6.008438924935933789e-01
6.689032316207885742e-01 5.834757564404416952e-01 6.502817869186401367e-01 6.046374245492134314e-01
6.693505048751831055e-01 5.828097923259697444e-01 6.524733901023864746e-01 6.026787396339204905e-01
6.741814017295837402e-01 5.765085214151425275e-01 6.375495791435241699e-01 6.273374362172027263e-01
6.684558987617492676e-01 5.830301196796136010e-01 6.490294337272644043e-01 6.098030470925913660e-01
6.734210252761840820e-01 5.779987971521187706e-01 6.618660092353820801e-01 5.948528047022005882e-01
6.709608435630798340e-01 5.725104463806431898e-01 6.498643159866333008e-01 5.971632965843703955e-01
6.711844801902770996e-01 5.775326423321668345e-01 6.466290950775146484e-01 6.064345223300020571e-01
6.684558987617492676e-01 5.851424435721161998e-01 6.364015936851501465e-01 6.227296896230649637e-01
6.625514626502990723e-01 5.881104820805684863e-01 6.529952287673950195e-01 6.002090253702561107e-01
6.702451109886169434e-01 5.796834644317456764e-01 6.487163305282592773e-01 5.997122399022200012e-01
