5.044283270835876465e-01 1.785369169426254343e+00 5.017741322517395020e-01 6.955652533033351848e-01
5.002683997154235840e-01 7.075861190764159980e-01 5.017741322517395020e-01 6.950771035916172291e-01
5.043388605117797852e-01 7.005695232041386777e-01 4.991650879383087158e-01 7.877530135358954411e-01
4.978976547718048096e-01 6.997200167974689800e-01 4.997912645339965820e-01 6.940098202345491574e-01
5.041152238845825195e-01 7.174041073487384956e-01 5.011479854583740234e-01 6.938024457350475682e-01
5.003131031990051270e-01 7.168329470506143997e-01 5.009392499923706055e-01 6.931471014863835878e-01
5.009393692016601562e-01 6.972916509004969399e-01 4.990607500076293945e-01 6.931742098679301023e-01
4.978529214859008789e-01 6.964936886795263238e-01 5.009392499923706055e-01 6.932001805982269671e-01
5.020576119422912598e-01 6.999615560620516819e-01 5.009392499923706055e-01 6.934189076986971845e-01
5.018339753150939941e-01 7.034461569393613001e-01 4.973909556865692139e-01 6.932753792910854029e-01
4.963768124580383301e-01 6.939523865592609475e-01 4.990607500076293945e-01 6.941267079909891891e-01
4.983002245426177979e-01 7.139564079853562006e-01 5.009392499923706055e-01 6.931545683148757631e-01
4.956163763999938965e-01 6.945614482341628815e-01 5.009392499923706055e-01 6.932241676794763663e-01
4.928430914878845215e-01 6.993079754444114782e-01 4.990607500076293945e-01 6.931819617437235959e-01
4.997316300868988037e-01 6.955309310269112144e-01 4.990607500076293945e-01 6.940394665721661971e-01
4.957058429718017578e-01 6.937548345200468258e-01 4.990607500076293945e-01 6.931882216870175473e-01
4.958847761154174805e-01 7.443494706103532810e-01 4.990607500076293945e-01 6.940886176495879578e-01
4.979871213436126709e-01 6.938371782781485031e-01 5.009392499923706055e-01 6.949898137774553897e-01
5.004473328590393066e-01 6.976336454701009826e-01 4.990607500076293945e-01 6.935046137287431689e-01
5.004473328590393066e-01 7.139189677900524833e-01 5.009392499923706055e-01 6.956720655234664985e-01
5.021470785140991211e-01 6.947838899530009993e-01 4.990607500076293945e-01 6.937603487696734073e-01
4.971819519996643066e-01 6.946118816768019899e-01 4.990607500076293945e-01 6.940048954800857040e-01
4.969135820865631104e-01 6.934316961448336869e-01 5.009392499923706055e-01 6.931838687066866900e-01
5.013866424560546875e-01 6.962240113941581265e-01 5.009392499923706055e-01 6.931583633305409275e-01
5.023260116577148438e-01 6.939564339375321467e-01 4.990607500076293945e-01 6.936790556356270399e-01
5.059491991996765137e-01 6.931565496187386266e-01 4.990607500076293945e-01 6.933694281425786254e-01
5.037126541137695312e-01 6.933281021417626588e-01 4.990607500076293945e-01 6.937778575812021398e-01
5.059491991996765137e-01 6.933168124098921803e-01 4.990607500076293945e-01 6.931505369707130493e-01
4.963320791721343994e-01 7.820004260077163538e-01 4.990607500076293945e-01 6.931892885491982570e-01
4.966451823711395264e-01 6.935472183181468075e-01 4.990607500076293945e-01 6.934972831287754547e-01
4.968241155147552490e-01 6.971176585436166251e-01 5.009392499923706055e-01 6.931716007620027931e-01
4.988817274570465088e-01 6.933765158945043305e-01 4.990607500076293945e-01 6.932659841260589983e-01
5.011182427406311035e-01 6.933996296884505917e-01 5.009392499923706055e-01 6.934152189288400603e-01
5.022812485694885254e-01 6.934091773415362869e-01 4.990607500076293945e-01 6.932446671238873259e-01
4.972714185714721680e-01 6.934345285225733679e-01 4.990607500076293945e-01 6.932033532796934017e-01
4.994184970855712891e-01 6.933502289983961564e-01 5.009392499923706055e-01 6.931812975208089256e-01
4.990606606006622314e-01 6.933160358538331680e-01 5.009392499923706055e-01 6.947502920956533101e-01
4.952138066291809082e-01 6.935302226653059510e-01 5.009392499923706055e-01 6.935282743840545105e-01
5.028180480003356934e-01 6.933845323939552552e-01 5.009392499923706055e-01 6.932270408696855624e-01
4.970030486583709717e-01 6.933749770943263835e-01 5.009392499923706055e-01 6.933501446030627680e-01
5.022812485694885254e-01 6.933848346617038638e-01 4.990607500076293945e-01 6.932956676745907210e-01
4.957505762577056885e-01 6.934737639492025707e-01 4.990607500076293945e-01 6.931647379794964037e-01
4.970030486583709717e-01 6.934468236202459002e-01 4.990607500076293945e-01 6.940632267800483923e-01
4.995974302291870117e-01 6.934285646774065448e-01 5.009392499923706055e-01 6.931455419497011272e-01
4.966451823711395264e-01 6.934158975972667394e-01 5.009392499923706055e-01 6.931574490318664905e-01
4.971819519996643066e-01 6.933406633860652590e-01 5.009392499923706055e-01 6.933856831042808366e-01
4.990606606006622314e-01 6.933922948298076872e-01 4.990607500076293945e-01 6.986289854289544632e-01
4.948559701442718506e-01 6.935550549158706612e-01 4.990607500076293945e-01 6.931594988419451653e-01
4.987922608852386475e-01 6.933680890518941764e-01 4.990607500076293945e-01 6.931490449386856767e-01
4.955716729164123535e-01 6.934346337611910771e-01 4.990607500076293945e-01 6.931503822922432390e-01
4.967346489429473877e-01 6.934535328594084724e-01 5.009392499923706055e-01 6.931897578222521172e-01
5.038021206855773926e-01 6.933071503359381493e-01 5.009392499923706055e-01 6.937142564393961042e-01
4.969135820865631104e-01 6.933847171054327019e-01 4.990607500076293945e-01 6.938376826424857979e-01
4.976292848587036133e-01 6.933236228031173232e-01 5.009392499923706055e-01 6.931455245074735760e-01
5.045177936553955078e-01 6.933184401744549863e-01 4.990607500076293945e-01 6.931485249687151518e-01
4.942297339439392090e-01 6.934749199103148465e-01 5.009392499923706055e-01 6.932420606554438036e-01
4.955716729164123535e-01 6.934176188800134089e-01 4.990607500076293945e-01 6.938276177680808843e-01
4.975398182868957520e-01 6.934201263489845335e-01 4.990607500076293945e-01 6.935059940907034592e-01
4.962873458862304688e-01 6.935141656603107663e-01 5.009392499923706055e-01 6.931969441692755751e-01
4.993290305137634277e-01 6.935049376476640770e-01 4.990607500076293945e-01 6.932525110876751606e-01
4.984344244003295898e-01 6.933920588854238787e-01 4.990607500076293945e-01 6.934389780294768491e-01
5.035337209701538086e-01 6.933944179026763077e-01 4.990607500076293945e-01 6.932041704517842851e-01
4.929772913455963135e-01 6.934685433970984025e-01 4.990607500076293945e-01 6.931585936749362631e-01
5.014761090278625488e-01 6.934645645711007278e-01 4.990607500076293945e-01 6.931927886145569095e-01
5.024601817131042480e-01 6.932858379907995694e-01 4.990607500076293945e-01 6.939529068433674119e-01
5.043388605117797852e-01 6.934398052453099037e-01 4.990607500076293945e-01 6.931584885114917549e-01
4.992395639419555664e-01 6.934608099477238552e-01 4.990607500076293945e-01 6.934788676697634102e-01
4.993290305137634277e-01 6.934164257846422430e-01 4.990607500076293945e-01 6.931505581576697939e-01
4.977187216281890869e-01 6.934109400350605412e-01 5.009392499923706055e-01 6.931624020770754679e-01
4.997763335704803467e-01 6.933927861815339933e-01 5.009392499923706055e-01 6.931480917122437857e-01
4.964662790298461914e-01 6.934092813857148929e-01 5.009392499923706055e-01 6.935419518025477403e-01
5.028180480003356934e-01 6.933631061611800206e-01 5.009392499923706055e-01 6.933465257638482537e-01
5.018339753150939941e-01 6.934885799319570054e-01 5.009392499923706055e-01 6.931484071776952138e-01
5.005815029144287109e-01 6.934058048640238114e-01 5.009392499923706055e-01 6.937508637933486044e-01
5.017445087432861328e-01 6.933429580529104630e-01 5.009392499923706055e-01 6.932856979362155281e-01
4.993290305137634277e-01 6.933401296210855991e-01 5.009392499923706055e-01 6.934678162395817580e-01
4.960189759731292725e-01 6.935399344364588936e-01 4.990607500076293945e-01 6.932403005455859413e-01
4.962873458862304688e-01 6.934404367303396155e-01 4.990607500076293945e-01 6.932135090228784824e-01
4.951243400573730469e-01 6.934592374899579692e-01 5.009392499923706055e-01 6.932739800935099339e-01
5.055913329124450684e-01 6.932566498340744232e-01 4.990607500076293945e-01 6.946673843736713705e-01
5.023707151412963867e-01 6.933450277279519236e-01 4.990607500076293945e-01 6.933173423543949054e-01
5.049651265144348145e-01 6.932918086613327757e-01 5.009392499923706055e-01 6.932367141150751477e-01
5.027285814285278320e-01 6.932581940518869335e-01 5.009392499923706055e-01 6.936562770444598680e-01
4.861782193183898926e-01 6.935087194765247043e-01 4.990607500076293945e-01 6.932464453229025825e-01
4.957505762577056885e-01 6.934074109793776364e-01 4.990607500076293945e-01 6.931833333721292290e-01
5.023707151412963867e-01 6.935287903941664833e-01 4.990607500076293945e-01 6.932136067963919901e-01
5.004025697708129883e-01 6.933958230643136877e-01 5.009392499923706055e-01 6.931467673097266857e-01
5.012077093124389648e-01 6.933509518900120572e-01 4.990607500076293945e-01 6.933649968463975188e-01
5.002236366271972656e-01 6.933884552519486988e-01 4.990607500076293945e-01 6.947206365144021900e-01
4.995974302291870117e-01 6.934198959182169553e-01 5.009392499923706055e-01 6.932896093495130030e-01
5.040705204010009766e-01 6.933414056339936016e-01 5.009392499923706055e-01 6.952427592065533180e-01
4.936929643154144287e-01 6.935482240892049122e-01 5.009392499923706055e-01 6.932990742088036562e-01
5.032653212547302246e-01 6.933745678496245901e-01 4.990607500076293945e-01 6.938723666860524553e-01
5.014761090278625488e-01 6.933407415258455719e-01 4.990607500076293945e-01 6.936153039208684534e-01
4.937824308872222900e-01 6.935254299676915091e-01 5.009392499923706055e-01 6.932280349646846584e-01
4.914564192295074463e-01 6.934605088637497694e-01 4.990607500076293945e-01 6.936620998248206327e-01
4.939613640308380127e-01 6.935292060803078806e-01 4.990607500076293945e-01 6.933432703624312632e-01
5.026391148567199707e-01 6.933670430218390468e-01 5.009392499923706055e-01 6.943330932847893155e-01
4.967346489429473877e-01 6.935350673636803132e-01 4.990607500076293945e-01 6.931607338063927592e-01
4.947665035724639893e-01 6.934437099947531324e-01 4.990607500076293945e-01 6.935977104237173174e-01
