5.462515950202941895e-01 6.890501459098327119e-01 5.747234225273132324e-01 6.741665082320219549e-01
5.738056898117065430e-01 6.749537429649173914e-01 5.781673789024353027e-01 6.701310427147568749e-01
5.806494951248168945e-01 6.703219536293979486e-01 5.985180735588073730e-01 6.652710517770038523e-01
5.891930460929870605e-01 6.678923082855054982e-01 5.827593207359313965e-01 6.717429941120039993e-01
5.877617001533508301e-01 6.686570157751369203e-01 5.955958962440490723e-01 6.669138702687379405e-01
5.912954211235046387e-01 6.670169724955672397e-01 5.780630111694335938e-01 6.725934405113853654e-01
5.993469357490539551e-01 6.627601227173333109e-01 5.963264703750610352e-01 6.620101376954311556e-01
5.968419909477233887e-01 6.614803567110137950e-01 6.025881767272949219e-01 6.617663612920091643e-01
5.971551537513732910e-01 6.600675913489425506e-01 6.003965735435485840e-01 6.660349468825580432e-01
5.978260636329650879e-01 6.611621199513317837e-01 6.031100153923034668e-01 6.578121445692051150e-01
6.020755171775817871e-01 6.580374549083194413e-01 6.030056476593017578e-01 6.564125446033138855e-01
5.995258688926696777e-01 6.569202757943911619e-01 6.109371781349182129e-01 6.553756812872356674e-01
6.039541959762573242e-01 6.559604461812913456e-01 6.080150008201599121e-01 6.578991031427767755e-01
6.028359532356262207e-01 6.563033131606934578e-01 6.135462522506713867e-01 6.553534237981664123e-01
6.064591407775878906e-01 6.530046874880897079e-01 6.056147217750549316e-01 6.558941477799659081e-01
6.051619052886962891e-01 6.563446726306731982e-01 6.027969121932983398e-01 6.524193981350202565e-01
6.085614562034606934e-01 6.545388763845446656e-01 6.144855022430419922e-01 6.544362519086465158e-01
6.071748137474060059e-01 6.544264326220997630e-01 6.082237362861633301e-01 6.510399843625797045e-01
6.104848980903625488e-01 6.515883472550638711e-01 6.095804572105407715e-01 6.527755626605015182e-01
6.045356988906860352e-01 6.555837054738078429e-01 6.098935604095458984e-01 6.524152158695579740e-01
6.077563166618347168e-01 6.532168367464015191e-01 6.062408685684204102e-01 6.505776656691650839e-01
6.106638312339782715e-01 6.525074023534113143e-01 6.031100153923034668e-01 6.564483149418425256e-01
6.099480986595153809e-01 6.488580721758584469e-01 6.184512376785278320e-01 6.467731345224868589e-01
6.082035899162292480e-01 6.491556898663265462e-01 6.111459136009216309e-01 6.426326082982442012e-01
6.092324256896972656e-01 6.488699616228111866e-01 6.030056476593017578e-01 6.484347746332909113e-01
6.146895885467529297e-01 6.486643763406692020e-01 5.972657203674316406e-01 6.498466749774516327e-01
6.187600493431091309e-01 6.442942924332289989e-01 6.085368394851684570e-01 6.456261109245816643e-01
6.123635768890380859e-01 6.471657748511575603e-01 6.060321331024169922e-01 6.470163320106644411e-01
6.168813705444335938e-01 6.431544708702257029e-01 6.163640022277832031e-01 6.393331871155133461e-01
6.150026917457580566e-01 6.432494888324433724e-01 6.222082972526550293e-01 6.407970393209112547e-01
6.171944737434387207e-01 6.424186248902153951e-01 6.211646795272827148e-01 6.377998874869731383e-01
6.146001219749450684e-01 6.404367524708590720e-01 6.200166940689086914e-01 6.399833384323557750e-01
6.184469461441040039e-01 6.412091564569047941e-01 6.116676926612854004e-01 6.408387842070855100e-01
6.236804723739624023e-01 6.386705898688290750e-01 6.253391504287719727e-01 6.352751037567400116e-01
6.235462427139282227e-01 6.351170132040315774e-01 6.242955327033996582e-01 6.395972362641525466e-01
6.202809214591979980e-01 6.372482503413897659e-01 6.071801185607910156e-01 6.488142339627396282e-01
6.236357092857360840e-01 6.378388111355437484e-01 6.112502813339233398e-01 6.417812067689538935e-01
6.222490668296813965e-01 6.368123177531623824e-01 6.221039295196533203e-01 6.410875616902673713e-01
6.254696846008300781e-01 6.327292212840162078e-01 6.294093132019042969e-01 6.306281022850344087e-01
6.280640363693237305e-01 6.335747248479304261e-01 6.295136809349060059e-01 6.312487646299771438e-01
6.259617209434509277e-01 6.304952791475570972e-01 6.129200458526611328e-01 6.357446604520486932e-01
6.254249215126037598e-01 6.312099017894722275e-01 6.312878131866455078e-01 6.326512070195805526e-01
6.304795145988464355e-01 6.278691276665300247e-01 6.290962100028991699e-01 6.259007422069596815e-01
6.292270421981811523e-01 6.291022149389045026e-01 6.072844862937927246e-01 6.341364005741110255e-01
6.335211992263793945e-01 6.253851490789459344e-01 6.316009163856506348e-01 6.262233033729629472e-01
6.285560727119445801e-01 6.257989265919158273e-01 6.245042681694030762e-01 6.262093075031877065e-01
6.326265931129455566e-01 6.220775368943540773e-01 6.302441954612731934e-01 6.212044014882951437e-01
6.347289085388183594e-01 6.233901919843387596e-01 6.292005777359008789e-01 6.226580336058570309e-01
6.379495263099670410e-01 6.192953710608073425e-01 6.302441954612731934e-01 6.279333786336396273e-01
6.339237689971923828e-01 6.218236999725864633e-01 6.154247522354125977e-01 6.302549601895056641e-01
6.364287137985229492e-01 6.195192894369955239e-01 6.316009163856506348e-01 6.155192056296390213e-01
6.400966048240661621e-01 6.173595777989543398e-01 6.165727376937866211e-01 6.398409579771093814e-01
6.390230655670166016e-01 6.164421311621803845e-01 6.155291199684143066e-01 6.335430932776511259e-01
6.369654536247253418e-01 6.175800896987737598e-01 6.239824891090393066e-01 6.255349767305138364e-01
6.424673199653625488e-01 6.147592466255914490e-01 6.318096518516540527e-01 6.194234815725725429e-01
6.409912109375000000e-01 6.132989588609683018e-01 6.367146968841552734e-01 6.259890320255770968e-01
6.439881920814514160e-01 6.103878296814401194e-01 6.333750486373901367e-01 6.146170564370622147e-01
6.450169682502746582e-01 6.111390662334071910e-01 6.285744309425354004e-01 6.183569653873726146e-01
6.478350162506103516e-01 6.112758451677814397e-01 6.364015936851501465e-01 6.166958984067658633e-01
6.500715613365173340e-01 6.038210358298045088e-01 6.366103291511535645e-01 6.124396449313783686e-01
6.454195976257324219e-01 6.068997476753170695e-01 6.371321082115173340e-01 6.144103278473806995e-01
6.536947488784790039e-01 5.994793153082157433e-01 6.281569600105285645e-01 6.355729561288977481e-01
6.462247371673583984e-01 6.075941627109641141e-01 6.295136809349060059e-01 6.254356714982972631e-01
6.446143984794616699e-01 6.084698155071766035e-01 6.231475472450256348e-01 6.231993801706744440e-01
6.521739363670349121e-01 6.014884826449764521e-01 6.313921809196472168e-01 6.106168237839231239e-01
6.477455496788024902e-01 6.011719890838660429e-01 6.384888291358947754e-01 6.118253430029316764e-01
6.554839611053466797e-01 5.971225238609962904e-01 6.272177100181579590e-01 6.243886632875519371e-01
6.484612822532653809e-01 6.017087772102001075e-01 6.284700632095336914e-01 6.199301519067470512e-01
6.486849188804626465e-01 6.036362424372858637e-01 6.469421982765197754e-01 6.042804755216052426e-01
6.460011005401611328e-01 6.083765004205455851e-01 6.337925195693969727e-01 6.160132070718341568e-01
6.472535133361816406e-01 6.039230411435351220e-01 6.320183873176574707e-01 6.138311457693689244e-01
6.553497910499572754e-01 5.943159439158921531e-01 6.440200209617614746e-01 6.070354243480345913e-01
6.574074029922485352e-01 5.906062271731935542e-01 6.338968873023986816e-01 6.107776030397344957e-01
6.590177416801452637e-01 5.904971401259305752e-01 6.357753872871398926e-01 6.083645492673940280e-01
6.540078520774841309e-01 5.943714529995757223e-01 6.452723741531372070e-01 6.122380642496800807e-01
6.578994393348693848e-01 5.942555591743989840e-01 6.492381691932678223e-01 6.004133400153676137e-01
6.585704088211059570e-01 5.937498012751921683e-01 6.460029482841491699e-01 6.084503195052404223e-01
6.591519117355346680e-01 5.894456071724808455e-01 6.501774191856384277e-01 5.994999413076260719e-01
6.544551849365234375e-01 5.938246706385671425e-01 6.527864933013916016e-01 6.025311864509733661e-01
6.576758027076721191e-01 5.929769517846857907e-01 6.413066387176513672e-01 6.049965322701922332e-01
6.589729785919189453e-01 5.889518367068928839e-01 6.438112854957580566e-01 6.014145993534495416e-01
6.575863361358642578e-01 5.870525949029893331e-01 6.460029482841491699e-01 6.068939200847985882e-01
6.620146632194519043e-01 5.840810027995291254e-01 6.472552418708801270e-01 6.013750179006520646e-01
6.577652692794799805e-01 5.908014470913645066e-01 6.421415209770202637e-01 6.036601034118447284e-01
6.613884568214416504e-01 5.899264255882183949e-01 6.510123014450073242e-01 6.003900731786808720e-01
6.592413783073425293e-01 5.907500902299783752e-01 6.528908610343933105e-01 5.931134785647382834e-01
6.656378507614135742e-01 5.816100390871600245e-01 6.532039046287536621e-01 6.017990880036399037e-01
6.658614873886108398e-01 5.837827300658526841e-01 6.443331241607666016e-01 5.965001731146802877e-01
6.613436937332153320e-01 5.869003449639814685e-01 6.583176851272583008e-01 5.918418311346201888e-01
6.649221777915954590e-01 5.844608626141277741e-01 6.468378305435180664e-01 5.997686263316112099e-01
6.609411239624023438e-01 5.864267580452450224e-01 6.477770805358886719e-01 5.945253339223836031e-01
6.691715717315673828e-01 5.759835936533016509e-01 6.525777578353881836e-01 5.907692213542176107e-01
6.635802388191223145e-01 5.836005908023651489e-01 6.566478610038757324e-01 5.937041044235229492e-01
6.674718260765075684e-01 5.788573539412753544e-01 6.357753872871398926e-01 6.177963437553338766e-01
6.681427955627441406e-01 5.821673354558215552e-01 6.409935355186462402e-01 6.038185185864582971e-01
6.667113900184631348e-01 5.798760179672199921e-01 6.568565964698791504e-01 5.934260927717662781e-01
6.639828085899353027e-01 5.819503584878988889e-01 6.440200209617614746e-01 6.046801283722306186e-01
6.676059961318969727e-01 5.748832218227669655e-01 6.543518900871276855e-01 5.871656296074552195e-01
6.682769656181335449e-01 5.795118679490962599e-01 6.579002141952514648e-01 5.881034485160669956e-01
6.710055470466613770e-01 5.779587025718326831e-01 6.537257432937622070e-01 5.854759677121793571e-01
