5.331454873085021973e-01 6.895649709243385495e-01 5.768106579780578613e-01 6.756214199397588827e-01
5.684379935264587402e-01 6.775854412398967241e-01 5.614694356918334961e-01 6.791118709734003112e-01
5.705850720405578613e-01 6.744629833603997815e-01 5.736798048019409180e-01 6.715940111018351422e-01
5.793523192405700684e-01 6.701785936554379708e-01 5.511375665664672852e-01 6.757651272981556323e-01
5.785024166107177734e-01 6.695179534653769027e-01 5.890210866928100586e-01 6.696302952982393641e-01
5.794417858123779297e-01 6.692430263641461208e-01 5.785848498344421387e-01 6.698062191972949941e-01
5.835122466087341309e-01 6.676180852528099674e-01 5.652264952659606934e-01 6.740768167151959256e-01
5.900876522064208984e-01 6.665547171247349079e-01 5.731580257415771484e-01 6.704671735356481088e-01
5.824387073516845703e-01 6.664375091072569646e-01 5.883948802947998047e-01 6.642429291940735725e-01
5.916532278060913086e-01 6.638325412278952564e-01 5.890210866928100586e-01 6.647315618390207126e-01
5.881195068359375000e-01 6.644700647338939170e-01 5.812982916831970215e-01 6.722284122365324022e-01
5.872696638107299805e-01 6.627797921327982511e-01 5.824462771415710449e-01 6.642701195739948439e-01
5.930846333503723145e-01 6.617481787658202608e-01 5.928825139999389648e-01 6.606540981873767482e-01
5.884326100349426270e-01 6.619868019246142321e-01 5.879774689674377441e-01 6.668895985382977676e-01
5.938003063201904297e-01 6.609169335415632229e-01 5.905865430831909180e-01 6.644599568468124717e-01
5.908928513526916504e-01 6.592427806108577260e-01 5.976831316947937012e-01 6.625047170327118540e-01
5.922794938087463379e-01 6.587078716678554935e-01 6.010227799415588379e-01 6.584948425102871150e-01
5.955448150634765625e-01 6.594782401483501033e-01 5.947610139846801758e-01 6.568458193877723117e-01
5.906691551208496094e-01 6.587856561025495772e-01 5.744103789329528809e-01 6.691802980580824345e-01
5.946949124336242676e-01 6.574729501315915714e-01 5.915257930755615234e-01 6.610830959062490297e-01
5.980944633483886719e-01 6.567352250002432834e-01 5.990398526191711426e-01 6.608016828335144810e-01
5.946949124336242676e-01 6.569269325742143062e-01 5.978918671607971191e-01 6.582598184598709157e-01
5.929057002067565918e-01 6.566774154054946244e-01 6.079106926918029785e-01 6.562432402162108325e-01
5.960368514060974121e-01 6.549123159182649312e-01 6.040492653846740723e-01 6.559562638318008343e-01
5.970209240913391113e-01 6.536933645981969354e-01 5.943435430526733398e-01 6.556836489818957947e-01
5.978708267211914062e-01 6.531221746523876437e-01 6.065539717674255371e-01 6.544481052956235834e-01
6.001968383789062500e-01 6.521379301492121749e-01 5.967438817024230957e-01 6.557907186428357793e-01
5.999731421470642090e-01 6.525492403668908814e-01 6.002922058105468750e-01 6.524069381516602872e-01
5.991680026054382324e-01 6.521181956368155008e-01 6.068670153617858887e-01 6.502527418526745651e-01
5.987207293510437012e-01 6.529021080970593971e-01 5.958046317100524902e-01 6.526464241901087648e-01
6.013150811195373535e-01 6.507440087918541227e-01 6.051972508430480957e-01 6.504388949463497660e-01
5.982286930084228516e-01 6.504926096989912532e-01 5.977874994277954102e-01 6.554504071738072035e-01
6.041331291198730469e-01 6.491580700422148187e-01 6.085368394851684570e-01 6.465146590364027057e-01
6.047593355178833008e-01 6.498025414405771416e-01 6.008140444755554199e-01 6.498070005035878616e-01
5.994364023208618164e-01 6.489590697029149480e-01 6.177207231521606445e-01 6.452440612750569571e-01
6.033279895782470703e-01 6.488798798932907674e-01 6.083281040191650391e-01 6.477759307298200930e-01
6.048040986061096191e-01 6.480445684463527201e-01 5.955958962440490723e-01 6.495908708021004285e-01
6.043120622634887695e-01 6.456480217462021720e-01 6.046754121780395508e-01 6.485671293782779845e-01
6.044462323188781738e-01 6.459255690309310127e-01 6.050928831100463867e-01 6.517885328956497526e-01
6.059671044349670410e-01 6.457871369608273460e-01 6.104153394699096680e-01 6.478365059188551101e-01
6.113347411155700684e-01 6.450474193344006846e-01 5.948653817176818848e-01 6.578292960887710539e-01
6.064143776893615723e-01 6.447645967346672391e-01 6.098935604095458984e-01 6.425301791282467256e-01
6.085167527198791504e-01 6.441163238738513153e-01 6.085368394851684570e-01 6.464805231789063633e-01
6.095902919769287109e-01 6.436189456049157265e-01 5.967438817024230957e-01 6.517646268050573122e-01
6.050724387168884277e-01 6.440449828196348481e-01 6.138592958450317383e-01 6.480113958123082663e-01
6.116926074028015137e-01 6.422774101928939716e-01 6.109371781349182129e-01 6.419928041038919231e-01
6.124082803726196289e-01 6.420874174815593971e-01 6.104153394699096680e-01 6.428874957862563688e-01
6.066380143165588379e-01 6.423494252520397518e-01 6.120851635932922363e-01 6.482169789875805721e-01
6.105296015739440918e-01 6.409494348748848713e-01 6.050928831100463867e-01 6.458599487169131015e-01
6.137055158615112305e-01 6.399054808935723537e-01 5.984137058258056641e-01 6.431675489748527319e-01
6.121399402618408203e-01 6.387601869651042819e-01 6.096848249435424805e-01 6.433026970017555746e-01
6.162551641464233398e-01 6.391806628179798055e-01 6.167814731597900391e-01 6.400360045167305945e-01
6.148237586021423340e-01 6.385340891747808278e-01 6.145898699760437012e-01 6.365176997635614287e-01
6.082930564880371094e-01 6.392815000769020983e-01 6.194949150085449219e-01 6.396204797242733830e-01
6.146448254585266113e-01 6.388461757887878845e-01 6.128156781196594238e-01 6.442836532013522799e-01
6.170155405998229980e-01 6.371350335955384692e-01 6.150072813034057617e-01 6.400519358019469696e-01
6.129897832870483398e-01 6.376593471597230556e-01 6.168858408927917480e-01 6.415752489590191843e-01
6.172392368316650391e-01 6.365970406747286647e-01 6.088499426841735840e-01 6.379075430300956695e-01
6.151368618011474609e-01 6.383584751001857294e-01 5.926737785339355469e-01 6.471431686171059683e-01
6.178654432296752930e-01 6.353149442110489487e-01 6.189730763435363770e-01 6.399960231741195216e-01
6.183127760887145996e-01 6.352034309273394408e-01 6.135462522506713867e-01 6.367497392025205372e-01
6.156288981437683105e-01 6.347764869840269997e-01 6.002922058105468750e-01 6.444341188008589905e-01
6.200125217437744141e-01 6.340350281746448546e-01 6.140680313110351562e-01 6.416744756265663208e-01
6.155841946601867676e-01 6.336983114902224878e-01 6.140680313110351562e-01 6.402197453702473950e-01
6.155394315719604492e-01 6.366546690133415565e-01 6.189730763435363770e-01 6.328097732150214094e-01
6.154499650001525879e-01 6.343361631043803461e-01 6.166771054267883301e-01 6.359379956628206099e-01
6.182680130004882812e-01 6.343628523558362264e-01 6.126069426536560059e-01 6.360178089694223935e-01
6.189837455749511719e-01 6.324062218583319517e-01 6.181381940841674805e-01 6.326864224912428503e-01
6.168366670608520508e-01 6.327048006243730649e-01 6.053016185760498047e-01 6.508441477348401172e-01
6.192073822021484375e-01 6.331553871888853102e-01 6.159465909004211426e-01 6.353770074951849978e-01
6.206387281417846680e-01 6.320894364914797503e-01 6.189730763435363770e-01 6.329209651013452120e-01
6.194310188293457031e-01 6.306165871306211868e-01 6.162596344947814941e-01 6.377031179465721955e-01
6.200125217437744141e-01 6.327822651840062651e-01 6.149029135704040527e-01 6.358617741985476135e-01
6.230542063713073730e-01 6.309353439618914372e-01 6.091629862785339355e-01 6.438131958799854226e-01
6.223385334014892578e-01 6.298934778281584101e-01 6.123982667922973633e-01 6.386342176662509473e-01
6.205493211746215820e-01 6.286639489178837970e-01 6.187643408775329590e-01 6.368826568636757335e-01
6.207281947135925293e-01 6.284686574293475436e-01 6.204341650009155273e-01 6.341622386091164687e-01
6.151816248893737793e-01 6.304305560645572237e-01 6.239824891090393066e-01 6.320468992386748530e-01
6.217570304870605469e-01 6.288913148079560145e-01 6.080150008201599121e-01 6.391012331832801596e-01
6.222490668296813965e-01 6.288850071349582072e-01 6.226257681846618652e-01 6.311690717767609593e-01
6.230542063713073730e-01 6.277175875549603212e-01 6.176163554191589355e-01 6.333749470071786680e-01
6.230095028877258301e-01 6.299509220631780426e-01 6.092673540115356445e-01 6.333256043638373356e-01
6.246645450592041016e-01 6.287762793152591456e-01 6.125026345252990723e-01 6.316987362790769112e-01
6.227411031723022461e-01 6.288333846495091084e-01 6.198079586029052734e-01 6.288914364231724674e-01
6.255591511726379395e-01 6.253559009763076659e-01 6.163640022277832031e-01 6.322560353658314147e-01
6.240382790565490723e-01 6.259627471692789102e-01 6.201210618019104004e-01 6.269299992313714931e-01
6.222043037414550781e-01 6.274342053605013181e-01 6.231475472450256348e-01 6.293889897722113602e-01
6.229647397994995117e-01 6.256984226561590479e-01 6.178250908851623535e-01 6.298079966777203609e-01
6.251565814018249512e-01 6.252230040863686611e-01 6.222082972526550293e-01 6.274247577931383324e-01
6.231436729431152344e-01 6.252353798300107623e-01 6.110415458679199219e-01 6.407478243964770392e-01
6.252907514572143555e-01 6.259478894664725068e-01 6.209559440612792969e-01 6.329473108892972322e-01
6.246645450592041016e-01 6.240992932461267850e-01 6.170945763587951660e-01 6.307587636534790487e-01
6.235462427139282227e-01 6.254360059715805553e-01 6.104153394699096680e-01 6.332509281042597582e-01
6.242619156837463379e-01 6.255797171746283469e-01 6.225214004516601562e-01 6.343435295512447336e-01
6.226069331169128418e-01 6.242326097254634609e-01 6.202254295349121094e-01 6.319442322348234331e-01
6.265432238578796387e-01 6.246572741457122602e-01 6.208515763282775879e-01 6.295608381865741565e-01
6.252460479736328125e-01 6.225062527134415102e-01 6.050928831100463867e-01 6.427472807300586011e-01
6.244856119155883789e-01 6.243742553380248195e-01 6.162596344947814941e-01 6.336296791449093080e-01
6.217570304870605469e-01 6.234554462514765305e-01 6.218951940536499023e-01 6.273426770342837022e-01
6.234120726585388184e-01 6.244455232115162513e-01 6.223126649856567383e-01 6.279797340902448788e-01
