5.487564802169799805e-01 6.847442808507870904e-01 5.811939239501953125e-01 6.711093464889995586e-01
5.815888643264770508e-01 6.703289166228846296e-01 5.974744558334350586e-01 6.655989601054238536e-01
5.860171914100646973e-01 6.664531723632648452e-01 5.878731012344360352e-01 6.629722951922081275e-01
5.926373004913330078e-01 6.631067655214066825e-01 6.098935604095458984e-01 6.592912216496054079e-01
6.010466814041137695e-01 6.582606346945490960e-01 6.014401912689208984e-01 6.538858382220656962e-01
5.979602932929992676e-01 6.589195609071383242e-01 6.037361621856689453e-01 6.530056553005401110e-01
6.029701232910156250e-01 6.542466463290167455e-01 6.094760894775390625e-01 6.544098282402777134e-01
6.031937599182128906e-01 6.543567453541553336e-01 6.085368394851684570e-01 6.491156490653772204e-01
6.082483530044555664e-01 6.503214191870008154e-01 6.093717217445373535e-01 6.447355189370203021e-01
6.060118079185485840e-01 6.510453572275813894e-01 6.132331490516662598e-01 6.467081442727248275e-01
6.102612018585205078e-01 6.485413834305990832e-01 6.068670153617858887e-01 6.507757192886192144e-01
6.140633225440979004e-01 6.485257128159930273e-01 6.075975894927978516e-01 6.512195606043582607e-01
6.080247163772583008e-01 6.489686170040676050e-01 6.094760894775390625e-01 6.435281064410319773e-01
6.085614562034606934e-01 6.474653115253752311e-01 6.119807958602905273e-01 6.428659516618984160e-01
6.132134795188903809e-01 6.437010866816300636e-01 6.125026345252990723e-01 6.377365670878960557e-01
6.147790551185607910e-01 6.433077968709006722e-01 6.106240749359130859e-01 6.416998402581187699e-01
6.151368618011474609e-01 6.412103747848023616e-01 6.158422231674194336e-01 6.389665533595083602e-01
6.201466917991638184e-01 6.403946984985215973e-01 6.215821504592895508e-01 6.373034563250692397e-01
6.167919039726257324e-01 6.390672516025099892e-01 6.135462522506713867e-01 6.415134333066316863e-01
6.190731525421142578e-01 6.381475120798849598e-01 6.173032522201538086e-01 6.394195332205686588e-01
6.166577339172363281e-01 6.372835225550470550e-01 6.194949150085449219e-01 6.314085730056229195e-01
6.219359636306762695e-01 6.363150482635033800e-01 6.164683699607849121e-01 6.349473496962380059e-01
6.219806671142578125e-01 6.329621830253614467e-01 6.160508990287780762e-01 6.323570961420731384e-01
6.232331395149230957e-01 6.341386032373240722e-01 6.136506199836730957e-01 6.342514611887947185e-01
6.247092485427856445e-01 6.309906205671975687e-01 6.269046068191528320e-01 6.271867652671916371e-01
6.226516366004943848e-01 6.329498179036957550e-01 6.295136809349060059e-01 6.294046188664819130e-01
6.247987151145935059e-01 6.292261382103989664e-01 6.293049454689025879e-01 6.243306556267520513e-01
6.229200363159179688e-01 6.301021402947355465e-01 6.246086359024047852e-01 6.255457635165704300e-01
6.310162544250488281e-01 6.269581864784091740e-01 6.245042681694030762e-01 6.260867743869336088e-01
6.322240233421325684e-01 6.252163690517361649e-01 6.352536082267761230e-01 6.221451670758735286e-01
6.282429695129394531e-01 6.247192971244398541e-01 6.318096518516540527e-01 6.203616823440453176e-01
6.261853575706481934e-01 6.271418114961804235e-01 6.355667114257812500e-01 6.213048416471909086e-01
6.303005814552307129e-01 6.255532577887142898e-01 6.259653568267822266e-01 6.235790596926941154e-01
6.323581933975219727e-01 6.220752765569688147e-01 6.330620050430297852e-01 6.182398562813521403e-01
6.368312835693359375e-01 6.185250403117911189e-01 6.328532695770263672e-01 6.225564807896025732e-01
6.329396963119506836e-01 6.233511855914097843e-01 6.300354599952697754e-01 6.233187051487227848e-01
6.339237689971923828e-01 6.201918859199412326e-01 6.360884904861450195e-01 6.199042507587457784e-01
6.362944841384887695e-01 6.183867695016327382e-01 6.301398277282714844e-01 6.248810270016239565e-01
6.367865204811096191e-01 6.182260010894711222e-01 6.352536082267761230e-01 6.182356706568304938e-01
6.377258896827697754e-01 6.172654028121421499e-01 6.350448727607727051e-01 6.182852865285600741e-01
6.408570408821105957e-01 6.124901528498379877e-01 6.328532695770263672e-01 6.163983539981598980e-01
6.385757923126220703e-01 6.137757542244670628e-01 6.391150355339050293e-01 6.133322028022946126e-01
6.405439376831054688e-01 6.112977109008279619e-01 6.370277404785156250e-01 6.132623949893902804e-01
6.423331499099731445e-01 6.120537634206427713e-01 6.422458887100219727e-01 6.129190936961419478e-01
6.425120830535888672e-01 6.100318919228066017e-01 6.382800936698913574e-01 6.151160230917265270e-01
6.375469565391540527e-01 6.162604272504210723e-01 6.443331241607666016e-01 6.103947924512633794e-01
6.440776586532592773e-01 6.116215412295511467e-01 6.388019323348999023e-01 6.136738113410485917e-01
6.410359740257263184e-01 6.078194195841565284e-01 6.370277404785156250e-01 6.095810899080600365e-01
6.494005918502807617e-01 6.042464260104560836e-01 6.439156532287597656e-01 6.074012355201305891e-01
6.448827981948852539e-01 6.063180890465533768e-01 6.381757259368896484e-01 6.130860784536014130e-01
6.469851732254028320e-01 6.040680915794468531e-01 6.417240500450134277e-01 6.072396190373988700e-01
6.456432342529296875e-01 6.049518738989114741e-01 6.402630209922790527e-01 6.111996570103254145e-01
6.455090641975402832e-01 6.036219405432595719e-01 6.461072564125061035e-01 6.064909627282826232e-01
6.510556340217590332e-01 6.021996603858430497e-01 6.457942128181457520e-01 6.099434228611251285e-01
6.489980220794677734e-01 6.025482596171992666e-01 6.384888291358947754e-01 6.136531624806944585e-01
6.510109305381774902e-01 5.984298939418229990e-01 6.423502564430236816e-01 6.020239543949629235e-01
6.476560831069946289e-01 6.025393071787198407e-01 6.547693610191345215e-01 6.038793546126844936e-01
6.546788215637207031e-01 5.973506844583361675e-01 6.449592709541320801e-01 6.027579207655234805e-01
6.558418273925781250e-01 5.976049712890587617e-01 6.486119627952575684e-01 6.039404203612579458e-01
6.585256457328796387e-01 5.912309522214143076e-01 6.490294337272644043e-01 5.981682998430900566e-01
6.588388085365295410e-01 5.930987685881481397e-01 6.493425369262695312e-01 5.980694507587133169e-01
6.562443971633911133e-01 5.927593319525679139e-01 6.542475223541259766e-01 5.971219147005600858e-01
6.566917300224304199e-01 5.938496791328891078e-01 6.512210369110107422e-01 5.966203256654629694e-01
6.578547358512878418e-01 5.948976318830666576e-01 6.452723741531372070e-01 6.012289584914669582e-01
6.608964204788208008e-01 5.902665705795172579e-01 6.567522287368774414e-01 5.961118079107655676e-01
6.574074029922485352e-01 5.927798802405995771e-01 6.481945514678955078e-01 6.004499303500853147e-01
6.455537676811218262e-01 6.064601154505705471e-01 6.473596096038818359e-01 6.078156574462655337e-01
6.589282751083374023e-01 5.909901971594339054e-01 6.521602869033813477e-01 5.963037689676167208e-01
6.617462635040283203e-01 5.882970997015549708e-01 6.541432142257690430e-01 5.981657826385425869e-01
6.611647605895996094e-01 5.871185045759330645e-01 6.569609642028808594e-01 5.965778929807526998e-01
6.625066995620727539e-01 5.866226416129847188e-01 6.566478610038757324e-01 5.981998191922871522e-01
6.612542271614074707e-01 5.847210166257659214e-01 6.544562578201293945e-01 5.922031165587581247e-01
6.663088202476501465e-01 5.813919705511909619e-01 6.629096269607543945e-01 5.910426939461879137e-01
6.642959117889404297e-01 5.853331949869109430e-01 6.557086110115051270e-01 5.978918837445983403e-01
6.655036807060241699e-01 5.822944288433803406e-01 6.569609642028808594e-01 5.942892564211427198e-01
6.611200571060180664e-01 5.840547335000685347e-01 6.600918173789978027e-01 5.928684790282228168e-01
6.633566021919250488e-01 5.862860804296047279e-01 6.566478610038757324e-01 5.962781328867333697e-01
6.644748449325561523e-01 5.805641811592332502e-01 6.576914787292480469e-01 5.941899565012165318e-01
6.638933420181274414e-01 5.821832972256265615e-01 6.604049205780029297e-01 5.858756366738494537e-01
6.651905775070190430e-01 5.837327234645631746e-01 6.545606255531311035e-01 5.945176517284133100e-01
6.649221777915954590e-01 5.811428080349066994e-01 6.583176851272583008e-01 5.957597296687312527e-01
6.630882024765014648e-01 5.809636970798324196e-01 6.577958464622497559e-01 5.971002139942652720e-01
6.596439480781555176e-01 5.875187489657521800e-01 6.558129787445068359e-01 5.929389297526754810e-01
6.701556444168090820e-01 5.765767168392966768e-01 6.603005528450012207e-01 5.863401230678905174e-01
6.655036807060241699e-01 5.785374176547019021e-01 6.676059365272521973e-01 5.892075303078095905e-01
6.691268682479858398e-01 5.773516488557297599e-01 6.663535833358764648e-01 5.890976952949115164e-01
6.721237897872924805e-01 5.762679716580497713e-01 6.568565964698791504e-01 5.960871817746656864e-01
6.723921895027160645e-01 5.755657368214788239e-01 6.658317446708679199e-01 5.837702074620201298e-01
6.720790863037109375e-01 5.745144036166419665e-01 6.615529060363769531e-01 5.857142651785243181e-01
6.713186502456665039e-01 5.746148232591239413e-01 6.526821255683898926e-01 6.019458843904804679e-01
6.705582141876220703e-01 5.736865690386259153e-01 6.686495542526245117e-01 5.857694813986706883e-01
6.706924438476562500e-01 5.784968609544539619e-01 6.604049205780029297e-01 5.905527146542851602e-01
6.699320077896118164e-01 5.751313477045394418e-01 6.708411574363708496e-01 5.838818474095590627e-01
6.732867956161499023e-01 5.729664580769521232e-01 6.735545992851257324e-01 5.803414241826203579e-01
6.778940558433532715e-01 5.650259947004674377e-01 6.707367897033691406e-01 5.833479707212693155e-01
6.804437041282653809e-01 5.655307202416810508e-01 6.684408187866210938e-01 5.819578842837087596e-01
6.712739467620849609e-01 5.763111188194580681e-01 6.645793914794921875e-01 5.833085505157690198e-01
6.704240441322326660e-01 5.773402342623131789e-01 6.687539219856262207e-01 5.835981208654565933e-01
6.785203218460083008e-01 5.656939586792804064e-01 6.622834205627441406e-01 5.903964526741372065e-01
6.731973290443420410e-01 5.703754966385699010e-01 6.688582897186279297e-01 5.816451902927971540e-01
