5.605206489562988281e-01 6.784011633627784477e-01 5.790023207664489746e-01 6.707316499193335391e-01
5.848541855812072754e-01 6.672682668617146984e-01 5.832811594009399414e-01 6.652448446933274528e-01
5.948291420936584473e-01 6.611439090740021118e-01 5.961177349090576172e-01 6.599212250911574706e-01
6.001968383789062500e-01 6.567525430236695883e-01 6.034230589866638184e-01 6.575906323480894544e-01
6.000179052352905273e-01 6.538721293152327529e-01 6.189730763435363770e-01 6.497347536775768262e-01
6.059671044349670410e-01 6.514084392358374664e-01 6.133375167846679688e-01 6.499248078585516675e-01
6.086509227752685547e-01 6.473706015684796977e-01 5.989354848861694336e-01 6.541069539124272358e-01
6.116926074028015137e-01 6.459817671566790986e-01 6.125026345252990723e-01 6.466314057869891885e-01
6.111558675765991211e-01 6.447944894505007740e-01 6.072844862937927246e-01 6.480420511740778711e-01
6.196994185447692871e-01 6.428141518747428895e-01 6.203297972679138184e-01 6.415730808354001002e-01
6.165682673454284668e-01 6.400301018134919584e-01 6.179294586181640625e-01 6.417990773760732237e-01
6.237251758575439453e-01 6.393193059198799544e-01 6.255478858947753906e-01 6.387000408259196904e-01
6.209071278572082520e-01 6.378297639204534297e-01 6.178250908851623535e-01 6.317529193893700601e-01
6.229200363159179688e-01 6.344198105607823379e-01 6.193905472755432129e-01 6.378873144876133772e-01
6.244408488273620605e-01 6.323173826443400092e-01 6.286787986755371094e-01 6.297622898555055304e-01
6.228305697441101074e-01 6.313677592361990332e-01 6.306616663932800293e-01 6.269833972672533839e-01
6.276167631149291992e-01 6.311927162421413495e-01 6.247130036354064941e-01 6.305097777841982554e-01
6.324029564857482910e-01 6.301033911071111104e-01 6.242955327033996582e-01 6.272696908295116724e-01
6.307926177978515625e-01 6.267706225310397672e-01 6.342099905014038086e-01 6.245730372615807546e-01
6.303005814552307129e-01 6.239485206363409864e-01 6.260697245597839355e-01 6.245663379035396590e-01
6.310162544250488281e-01 6.264602629800114508e-01 6.326445341110229492e-01 6.212334287512454312e-01
6.348183751106262207e-01 6.220927139283249918e-01 6.335837841033935547e-01 6.228916160225793641e-01
6.336553692817687988e-01 6.187879619881641036e-01 6.344187259674072266e-01 6.219545259303524976e-01
6.337895989418029785e-01 6.199337637132258383e-01 6.358797550201416016e-01 6.205881549505369854e-01
6.409017443656921387e-01 6.149086211550575110e-01 6.370277404785156250e-01 6.214715966823031179e-01
6.400519013404846191e-01 6.131744411107273862e-01 6.382800936698913574e-01 6.168652180464873069e-01
6.340132355690002441e-01 6.169552506136113390e-01 6.265915036201477051e-01 6.233955880491351964e-01
6.396493315696716309e-01 6.122888119324393363e-01 6.381757259368896484e-01 6.174266860744346275e-01
6.435856223106384277e-01 6.132608594205900543e-01 6.346274018287658691e-01 6.167671526431340867e-01
6.469851732254028320e-01 6.087570809938331884e-01 6.454811096191406250e-01 6.102906897231746841e-01
6.456432342529296875e-01 6.088623163802057148e-01 6.370277404785156250e-01 6.156736843473004095e-01
6.490874886512756348e-01 6.051254251344960755e-01 6.490294337272644043e-01 6.105347517213003394e-01
6.504741311073303223e-01 6.035943294620872424e-01 6.448549628257751465e-01 6.103883833035226303e-01
6.492216587066650391e-01 6.060693452451667573e-01 6.423502564430236816e-01 6.109375073476316365e-01
6.507425308227539062e-01 6.039286602650415503e-01 6.405760645866394043e-01 6.107279311339159911e-01
6.519950032234191895e-01 6.013403491057571770e-01 6.439156532287597656e-01 6.114597589405810218e-01
6.511451005935668945e-01 6.033113529930005381e-01 6.450636386871337891e-01 6.134297501391444696e-01
6.510109305381774902e-01 6.031596537437480254e-01 6.541432142257690430e-01 6.051898549902391400e-01
6.551261544227600098e-01 5.983943129443252129e-01 6.520559191703796387e-01 6.065846757857940030e-01
6.555734276771545410e-01 5.995774408597429606e-01 6.503861546516418457e-01 6.089255711251523318e-01
6.539183855056762695e-01 5.977388209361556015e-01 6.500730514526367188e-01 6.060044417249910165e-01
6.593308448791503906e-01 5.929398901412644696e-01 6.452723741531372070e-01 6.061981676814700570e-01
6.572732329368591309e-01 5.951052674946023524e-01 6.498643159866333008e-01 6.034746711474573422e-01
6.625066995620727539e-01 5.890208248013694137e-01 6.589438319206237793e-01 5.961293797108804249e-01
6.604043841361999512e-01 5.892766998415237545e-01 6.607180237770080566e-01 5.947931083053369372e-01
6.666219234466552734e-01 5.849314001298031584e-01 6.496555805206298828e-01 5.995202910250697625e-01
6.651458144187927246e-01 5.869236122433540981e-01 6.562304496765136719e-01 5.969753099667257645e-01
6.611647605895996094e-01 5.886453432033474931e-01 6.584220528602600098e-01 5.952412824719316431e-01
6.667561531066894531e-01 5.849741939505260779e-01 6.522646546363830566e-01 6.073096934352182341e-01
6.622382998466491699e-01 5.918235996687085665e-01 6.616572737693786621e-01 5.951011971251946031e-01
6.685006022453308105e-01 5.831244910823401018e-01 6.572740674018859863e-01 5.975258475528383295e-01
6.657273173332214355e-01 5.801077412031784286e-01 6.566478610038757324e-01 6.012069995481419404e-01
6.686795353889465332e-01 5.852336438829643939e-01 6.617616415023803711e-01 5.969924559998278646e-01
6.672481894493103027e-01 5.822598381105614784e-01 6.616572737693786621e-01 5.931480269271828254e-01
6.740472316741943359e-01 5.780750043512905556e-01 6.680233478546142578e-01 5.896741649572547761e-01
6.750313043594360352e-01 5.731743545774526938e-01 6.676059365272521973e-01 5.878359363014875605e-01
6.702004075050354004e-01 5.770846319062100660e-01 6.548737287521362305e-01 5.959770000321809036e-01
6.717212200164794922e-01 5.783096753776680865e-01 6.667710542678833008e-01 5.828587472053142760e-01
6.757022738456726074e-01 5.739571139773650410e-01 6.647881269454956055e-01 5.881600196564080729e-01
6.775809526443481445e-01 5.718719453328751090e-01 6.673972010612487793e-01 5.858339579362655813e-01
6.752549409866333008e-01 5.712820641959069912e-01 6.646837592124938965e-01 5.890364602497389912e-01
6.748523712158203125e-01 5.699934346728342538e-01 6.718847751617431641e-01 5.813166465422874296e-01
6.712739467620849609e-01 5.720709708513781466e-01 6.635357737541198730e-01 5.851911821188197083e-01
6.782966256141662598e-01 5.682013582876147550e-01 6.670840978622436523e-01 5.890095118340707980e-01
6.791912913322448730e-01 5.677033267564649544e-01 6.713629961013793945e-01 5.809230607005305691e-01
6.808910369873046875e-01 5.656350979994396733e-01 6.651012301445007324e-01 5.900095196487857852e-01
6.706924438476562500e-01 5.764545680244187453e-01 6.740763783454895020e-01 5.847065475757872166e-01
6.831275820732116699e-01 5.639139351765443120e-01 6.571696996688842773e-01 5.960992657050935284e-01
6.770889163017272949e-01 5.682773817671200600e-01 6.753287315368652344e-01 5.819510007496792037e-01
6.747182011604309082e-01 5.648093151158906089e-01 6.681277155876159668e-01 5.856406491500951716e-01
6.842905879020690918e-01 5.622401184591203638e-01 6.738676428794860840e-01 5.772048420931944479e-01
6.809805035591125488e-01 5.624298886741758707e-01 6.703193783760070801e-01 5.794422331520172609e-01
6.849167943000793457e-01 5.599911799156126468e-01 6.733458638191223145e-01 5.837535360515851979e-01
6.830828189849853516e-01 5.609301073454343589e-01 6.715716719627380371e-01 5.856864408445467962e-01
6.832170486450195312e-01 5.635997728833062048e-01 6.741807460784912109e-01 5.856845878877959821e-01
6.855430603027343750e-01 5.588742840650534616e-01 6.780421733856201172e-01 5.778076311810931287e-01
6.877795457839965820e-01 5.559781392095425323e-01 6.756418347358703613e-01 5.802907909512943219e-01
6.854535937309265137e-01 5.577371738681768942e-01 6.708411574363708496e-01 5.817297246704468128e-01
6.880927085876464844e-01 5.540898095667735612e-01 6.658317446708679199e-01 5.883587583995915082e-01
6.897029876708984375e-01 5.543732700929763224e-01 6.784595847129821777e-01 5.750977709855199516e-01
6.893898844718933105e-01 5.516509614320961319e-01 6.750156283378601074e-01 5.774870241541774085e-01
6.844695210456848145e-01 5.590238685705171129e-01 6.775203347206115723e-01 5.732962663425977823e-01
6.918947696685791016e-01 5.525870251301512326e-01 6.644750833511352539e-01 5.971949556953248806e-01
6.855877637863159180e-01 5.553979833664844934e-01 6.802337765693664551e-01 5.730570032088498911e-01
6.891662478446960449e-01 5.543002910574768016e-01 6.703193783760070801e-01 5.770697711504866323e-01
6.835748553276062012e-01 5.562012721247014957e-01 6.780421733856201172e-01 5.765335441282610773e-01
6.872875094413757324e-01 5.555021462318486813e-01 6.789814233779907227e-01 5.786715182972411720e-01
6.909106969833374023e-01 5.509714571451496123e-01 6.717804074287414551e-01 5.872457112531477286e-01
6.927894353866577148e-01 5.461155742668128976e-01 6.800250411033630371e-01 5.734894099625683639e-01
6.947128176689147949e-01 5.455350242588468124e-01 6.860780715942382812e-01 5.644805622707949055e-01
6.949364542961120605e-01 5.479480171165220792e-01 6.719891428947448730e-01 5.801834769747595821e-01
6.955179572105407715e-01 5.442840976863539959e-01 6.745982170104980469e-01 5.758107367026683576e-01
6.939076781272888184e-01 5.481456830113790035e-01 6.793988943099975586e-01 5.799119724806354181e-01
6.953390836715698242e-01 5.445312330368315967e-01 6.871216893196105957e-01 5.658801804751351083e-01
6.934603452682495117e-01 5.419117835643445513e-01 6.851388216018676758e-01 5.674931310806162754e-01
6.903739571571350098e-01 5.459556833194862957e-01 6.759549379348754883e-01 5.766775578453257056e-01
6.948917508125305176e-01 5.461817699972600915e-01 6.869129538536071777e-01 5.710990872444824396e-01
6.882268786430358887e-01 5.559644067856936989e-01 6.923397779464721680e-01 5.584081284215071106e-01
6.975755691528320312e-01 5.435946664905735304e-01 6.869129538536071777e-01 5.649173680115183727e-01
6.953837871551513672e-01 5.394234575596493775e-01 6.828428506851196289e-01 5.724327708430241302e-01
