5.476382374763488770e-01 6.908921797110454399e-01 5.681486129760742188e-01 6.769844212603703948e-01
5.801126956939697266e-01 6.732387198683486007e-01 5.803589820861816406e-01 6.713788247237845175e-01
5.828412771224975586e-01 6.707049732580234735e-01 5.996660590171813965e-01 6.644820929245420782e-01
5.898193120956420898e-01 6.662074873178243095e-01 5.853683948516845703e-01 6.621624995586743445e-01
5.904455184936523438e-01 6.645174051337857657e-01 5.829680562019348145e-01 6.678456668315314593e-01
5.899087786674499512e-01 6.640506877863336932e-01 5.875599980354309082e-01 6.593468980360219778e-01
5.909375548362731934e-01 6.632116539765393615e-01 5.904821753501892090e-01 6.604869803116332205e-01
5.861961245536804199e-01 6.623116551411345476e-01 6.066583395004272461e-01 6.564532969122862660e-01
5.913401246070861816e-01 6.605345911279222326e-01 5.993529558181762695e-01 6.561068726765341141e-01
5.993469357490539551e-01 6.600088094914188241e-01 5.913170576095581055e-01 6.619390682073357235e-01
5.969314575195312500e-01 6.600777007083513670e-01 5.798372030258178711e-01 6.683704986424964245e-01
5.971998572349548340e-01 6.586552682172891471e-01 5.962221026420593262e-01 6.539767976221224632e-01
5.963052511215209961e-01 6.567308313732689307e-01 6.118764281272888184e-01 6.580459595448138188e-01
5.965288877487182617e-01 6.570471462590853351e-01 6.000834703445434570e-01 6.536235939831853692e-01
5.967525243759155273e-01 6.556923271164012412e-01 6.129200458526611328e-01 6.560564750272479539e-01
5.990338325500488281e-01 6.554498142559640472e-01 6.068670153617858887e-01 6.500964859312746702e-01
5.996153354644775391e-01 6.538330635202871388e-01 6.063452363014221191e-01 6.507439769476347502e-01
6.068169474601745605e-01 6.507260152064616721e-01 6.102066636085510254e-01 6.480875574231172997e-01
6.028359532356262207e-01 6.525888628664459068e-01 6.126069426536560059e-01 6.484069157756462420e-01
6.003757119178771973e-01 6.519068006987989161e-01 6.127113103866577148e-01 6.525908122603117922e-01
6.048040986061096191e-01 6.505112804353802014e-01 6.009184122085571289e-01 6.485906426081998744e-01
6.021202206611633301e-01 6.510056205844384491e-01 6.152160167694091797e-01 6.444233512982922019e-01
6.079799532890319824e-01 6.463498804091042382e-01 6.135462522506713867e-01 6.435924308381133496e-01
6.081141233444213867e-01 6.466039810246357877e-01 6.130244135856628418e-01 6.420320422110441516e-01
6.150921583175659180e-01 6.442088367986346098e-01 6.045710444450378418e-01 6.460757098424859679e-01
6.092324256896972656e-01 6.462431793392909851e-01 6.223126649856567383e-01 6.400502192976579297e-01
6.129897832870483398e-01 6.439498412116394510e-01 6.203297972679138184e-01 6.401953053633671065e-01
6.127214431762695312e-01 6.444606037894095030e-01 6.178250908851623535e-01 6.418016537498317797e-01
6.134818196296691895e-01 6.407664154804036949e-01 6.184512376785278320e-01 6.383317904789844732e-01
6.160762310028076172e-01 6.403521215751444284e-01 6.206429004669189453e-01 6.391773070479902508e-01
6.179996132850646973e-01 6.410939632769154795e-01 6.248173713684082031e-01 6.372305331462062572e-01
6.197888851165771484e-01 6.406025176377603270e-01 6.176163554191589355e-01 6.400817144616265386e-01
6.187600493431091309e-01 6.383669891261867235e-01 6.251304745674133301e-01 6.311675787743386001e-01
6.180890798568725586e-01 6.386295156778344362e-01 6.286787986755371094e-01 6.372846394708873152e-01
6.221148967742919922e-01 6.386061671446081611e-01 6.153203845024108887e-01 6.387647884893805639e-01
6.236357092857360840e-01 6.360591941366982027e-01 6.268002390861511230e-01 6.320184075715421512e-01
6.211307644844055176e-01 6.338473455725468497e-01 6.271133422851562500e-01 6.310405462849639768e-01
6.200572848320007324e-01 6.350704251514774912e-01 6.252348423004150391e-01 6.353341799592504557e-01
6.242172122001647949e-01 6.333811094347533421e-01 6.200166940689086914e-01 6.387706487916799958e-01
6.239935755729675293e-01 6.326296376742623906e-01 6.337925195693969727e-01 6.286622312093324005e-01
6.224727034568786621e-01 6.330637025543052188e-01 6.298267841339111328e-01 6.262667249399096470e-01
6.284666061401367188e-01 6.276882226105814366e-01 6.252348423004150391e-01 6.349703613066071117e-01
6.252907514572143555e-01 6.274871225432987476e-01 6.273220777511596680e-01 6.291909313007825189e-01
6.302558779716491699e-01 6.272469677296322876e-01 6.384888291358947754e-01 6.209562326791365772e-01
6.290928721427917480e-01 6.239068525211609595e-01 6.322270631790161133e-01 6.245823055661264833e-01
6.303900480270385742e-01 6.254547567460548851e-01 6.294093132019042969e-01 6.219221657090335809e-01
6.327160596847534180e-01 6.218611871562718107e-01 6.227301359176635742e-01 6.305047543231492302e-01
6.322687268257141113e-01 6.227323803434134941e-01 6.321227550506591797e-01 6.232650944221693745e-01
6.334317326545715332e-01 6.213317359148613495e-01 6.364015936851501465e-01 6.160246742042910784e-01
6.349526047706604004e-01 6.228989279105936472e-01 6.252348423004150391e-01 6.316557692177632299e-01
6.310162544250488281e-01 6.214582130358243806e-01 6.314965486526489258e-01 6.259726131293301687e-01
6.352209448814392090e-01 6.206666442421814311e-01 6.401586532592773438e-01 6.174171229937558403e-01
6.336106657981872559e-01 6.189817005032225428e-01 6.410979032516479492e-01 6.120172475653783417e-01
6.376811861991882324e-01 6.160010208936811393e-01 6.326445341110229492e-01 6.233013316824101979e-01
6.383073925971984863e-01 6.180187774421191937e-01 6.341056227684020996e-01 6.219294612503728503e-01
6.347736716270446777e-01 6.167014764425557960e-01 6.358797550201416016e-01 6.186537167095884637e-01
6.392914652824401855e-01 6.117937631930406850e-01 6.444374918937683105e-01 6.105105028324648853e-01
6.387547254562377930e-01 6.150180947526791009e-01 6.362972259521484375e-01 6.146048905331414902e-01
6.363839507102966309e-01 6.140757990152171386e-01 6.347317695617675781e-01 6.210093563793845917e-01
6.420200467109680176e-01 6.109912434509858770e-01 6.398455500602722168e-01 6.120051089071625317e-01
6.437645554542541504e-01 6.079282470861985255e-01 6.425589919090270996e-01 6.091931861642755353e-01
6.420647501945495605e-01 6.074943708848774548e-01 6.420371532440185547e-01 6.072094958999465497e-01
6.455090641975402832e-01 6.052108782842304802e-01 6.330620050430297852e-01 6.288463569239817197e-01
6.444802284240722656e-01 6.081766150551846106e-01 6.486119627952575684e-01 6.063457799216597222e-01
6.454195976257324219e-01 6.047203877271234429e-01 6.401586532592773438e-01 6.127650586231544461e-01
6.485954523086547852e-01 6.051175519677389758e-01 6.412022709846496582e-01 6.180614221944512598e-01
6.422884464263916016e-01 6.096840874946998223e-01 6.379670500755310059e-01 6.160476562424955782e-01
6.493111252784729004e-01 6.036953210916005119e-01 6.404716968536376953e-01 6.101249246899854706e-01
6.501610279083251953e-01 6.017279607768902805e-01 6.466290950775146484e-01 6.044078357805416912e-01
6.505635976791381836e-01 6.003841784009354976e-01 6.489250659942626953e-01 6.099639703276460434e-01
6.508319973945617676e-01 6.017160949627686772e-01 6.417240500450134277e-01 6.126762353858875576e-01
6.522186398506164551e-01 6.018946281079210481e-01 6.546649932861328125e-01 6.037601445144712420e-01
6.545893549919128418e-01 5.964917769946529447e-01 6.466290950775146484e-01 6.046488668743938977e-01
6.533368825912475586e-01 6.015118521875335578e-01 6.454811096191406250e-01 6.070691400369505608e-01
6.515029668807983398e-01 5.969933937734472895e-01 6.594656705856323242e-01 6.006409458441267502e-01
6.566469669342041016e-01 5.951600218847284962e-01 6.617616415023803711e-01 5.953931395431769635e-01
6.546341180801391602e-01 5.967616441851759657e-01 6.482989192008972168e-01 6.066839742252458922e-01
6.577652692794799805e-01 5.944395579449668343e-01 6.471509337425231934e-01 5.977510941772564701e-01
6.550813913345336914e-01 5.933448821386213545e-01 6.551868319511413574e-01 5.948022069027318892e-01
6.565127968788146973e-01 5.922789232187821717e-01 6.574828028678894043e-01 5.967647091527742420e-01
6.577205061912536621e-01 5.912537003036986150e-01 6.475683450698852539e-01 6.041884522825211601e-01
6.579889059066772461e-01 5.985071737153262461e-01 6.572740674018859863e-01 5.940821965535482141e-01
6.608069539070129395e-01 5.891954571216642123e-01 6.598831415176391602e-01 5.957528392797321048e-01
6.585256457328796387e-01 5.924395321306633599e-01 6.571696996688842773e-01 5.955160164031870762e-01
6.637144684791564941e-01 5.854247522964143302e-01 6.462116241455078125e-01 6.015446163796352996e-01
6.633566021919250488e-01 5.869734032057248863e-01 6.451680064201354980e-01 6.042749904262524341e-01
6.647432446479797363e-01 5.865196238308051369e-01 6.559173464775085449e-01 5.995569161073919240e-01
6.612989902496337891e-01 5.877588849136794469e-01 6.516385078430175781e-01 6.047424434047978803e-01
6.628645658493041992e-01 5.855157029268288627e-01 6.529952287673950195e-01 5.958982549811474572e-01
6.651458144187927246e-01 5.849483585097449145e-01 6.663535833358764648e-01 5.869789045032691721e-01
6.678743958473205566e-01 5.819698815312490670e-01 6.491338014602661133e-01 6.006583819506785549e-01
6.636250019073486328e-01 5.851101561444969068e-01 6.580045819282531738e-01 5.928452520648165303e-01
6.621041297912597656e-01 5.855909031178447854e-01 6.655187010765075684e-01 5.906324266665814449e-01
6.647879481315612793e-01 5.892443807186092952e-01 6.594656705856323242e-01 5.933466292303456457e-01
6.630434989929199219e-01 5.838299831970366061e-01 6.582133173942565918e-01 5.997014454525314564e-01
6.685453653335571289e-01 5.825166533662629043e-01 6.660404801368713379e-01 5.871073906443059487e-01
6.695741415023803711e-01 5.802178212026083415e-01 6.581089496612548828e-01 5.897292734262365999e-01
6.647879481315612793e-01 5.804143591203551056e-01 6.597787737846374512e-01 5.915772405429116088e-01
6.737788319587707520e-01 5.766964468189845761e-01 6.730327606201171875e-01 5.830020298168570037e-01
6.689032316207885742e-01 5.826191679269774326e-01 6.679190397262573242e-01 5.876477910242655645e-01
