5.427625775337219238e-01 6.989824541738280939e-01 5.937173962593078613e-01 6.690435841869297739e-01
5.764001011848449707e-01 6.760956259591994755e-01 5.935086607933044434e-01 6.654755613470942910e-01
5.872249007225036621e-01 6.691616448867212519e-01 5.822375416755676270e-01 6.772832686481583542e-01
5.880300402641296387e-01 6.704379572789855857e-01 5.973700881004333496e-01 6.645061618673157033e-01
5.917874574661254883e-01 6.662407362795960131e-01 5.984137058258056641e-01 6.626787619609669777e-01
5.969762206077575684e-01 6.643003538226928129e-01 5.901690721511840820e-01 6.699277058918673422e-01
5.966183543205261230e-01 6.647290502108151866e-01 5.974744558334350586e-01 6.641551066952791071e-01
5.962157845497131348e-01 6.651012833823584103e-01 5.899603366851806641e-01 6.675960487748108241e-01
5.904455184936523438e-01 6.651242137979066493e-01 5.929868221282958984e-01 6.639532535440910710e-01
5.994364023208618164e-01 6.614818222771434719e-01 6.037361621856689453e-01 6.603149069273702709e-01
5.952764153480529785e-01 6.633922514857450992e-01 5.878731012344360352e-01 6.648803680880137623e-01
5.957237482070922852e-01 6.631893861974196280e-01 5.904821753501892090e-01 6.670578160705956661e-01
6.026122570037841797e-01 6.611230130868769317e-01 5.998747944831848145e-01 6.615512498707493139e-01
6.020307540893554688e-01 6.618145915429181070e-01 5.989354848861694336e-01 6.603680539793023163e-01
5.997495055198669434e-01 6.608980297935651560e-01 6.079106926918029785e-01 6.583125702375859367e-01
5.993021726608276367e-01 6.619700723117569741e-01 6.079106926918029785e-01 6.590439036902194792e-01
6.021649837493896484e-01 6.593862083372435956e-01 5.981006026268005371e-01 6.590774622995603238e-01
6.013150811195373535e-01 6.602438000942475460e-01 6.070757508277893066e-01 6.595900320006521378e-01
6.006888747215270996e-01 6.605432733992042671e-01 6.020663976669311523e-01 6.598380415530673559e-01
6.052513718605041504e-01 6.570073492754378019e-01 6.020663976669311523e-01 6.586099952502878496e-01
6.052513718605041504e-01 6.572511096848723255e-01 6.053016185760498047e-01 6.590988885209296821e-01
6.041778326034545898e-01 6.594491296514967127e-01 6.001878380775451660e-01 6.589230185783225835e-01
6.064143776893615723e-01 6.571497386609703728e-01 6.070757508277893066e-01 6.570830860831647913e-01
6.065486073493957520e-01 6.557720186437769883e-01 6.094760894775390625e-01 6.547527508804330543e-01
6.083378195762634277e-01 6.554126730223720498e-01 6.037361621856689453e-01 6.567764481655169462e-01
6.055644750595092773e-01 6.543946259348950578e-01 6.021707653999328613e-01 6.567922831576942233e-01
6.097244620323181152e-01 6.548275038517317181e-01 6.083281040191650391e-01 6.536946058447489216e-01
6.078010201454162598e-01 6.538622507491890223e-01 6.046754121780395508e-01 6.557354858762112215e-01
6.091876626014709473e-01 6.534559502864399905e-01 6.146942377090454102e-01 6.493358742317409948e-01
6.113795042037963867e-01 6.516995981887534484e-01 6.092673540115356445e-01 6.539688534090698502e-01
6.118267774581909180e-01 6.507629372711406512e-01 6.109371781349182129e-01 6.503744034422784814e-01
6.124977469444274902e-01 6.532349377246678968e-01 6.163640022277832031e-01 6.499895453328654593e-01
6.118267774581909180e-01 6.503687366259335301e-01 6.070757508277893066e-01 6.538397489895877435e-01
6.144658923149108887e-01 6.534518663817941997e-01 6.125026345252990723e-01 6.506868390966322746e-01
6.143764257431030273e-01 6.501279659402628974e-01 6.204341650009155273e-01 6.516403636363075069e-01
6.191179156303405762e-01 6.476045267742762679e-01 6.169902086257934570e-01 6.467892079456841747e-01
6.176418066024780273e-01 6.457058774761617048e-01 6.216865181922912598e-01 6.439615797334662384e-01
6.179102063179016113e-01 6.458272746902263828e-01 6.188687086105346680e-01 6.421329768359399504e-01
6.185364127159118652e-01 6.427387723472255399e-01 6.239824891090393066e-01 6.440394446238225656e-01
6.259169578552246094e-01 6.444573292665691788e-01 6.239824891090393066e-01 6.449271180489893895e-01
6.257380843162536621e-01 6.409918398736819123e-01 6.138592958450317383e-01 6.493213104818539305e-01
6.171050071716308594e-01 6.437059928936189612e-01 6.229388713836669922e-01 6.407277522866399178e-01
6.260958909988403320e-01 6.402325539751884120e-01 6.154247522354125977e-01 6.436671527435774420e-01
6.256038546562194824e-01 6.403227591262902196e-01 6.210603117942810059e-01 6.416120970206876661e-01
6.260958909988403320e-01 6.390806667534689733e-01 6.189730763435363770e-01 6.419192220392866410e-01
6.271247267723083496e-01 6.375847105839999029e-01 6.197035908699035645e-01 6.446483807781747677e-01
6.266773939132690430e-01 6.356187648371349752e-01 6.295136809349060059e-01 6.356023144209417275e-01
6.289586424827575684e-01 6.354259160939003115e-01 6.281569600105285645e-01 6.384542192777794556e-01
6.305242180824279785e-01 6.342507740597665977e-01 6.055103540420532227e-01 6.436789922464418723e-01
6.291823387145996094e-01 6.350005940069429755e-01 6.207472085952758789e-01 6.399017042044781167e-01
6.324476599693298340e-01 6.326686421902155688e-01 6.256522536277770996e-01 6.355338971093810185e-01
6.332080960273742676e-01 6.323500204052177054e-01 6.223126649856567383e-01 6.340037962634437196e-01
6.320450901985168457e-01 6.311858826426705038e-01 6.229388713836669922e-01 6.332686257198144597e-01
6.320450901985168457e-01 6.303070543554178951e-01 6.188687086105346680e-01 6.404946679935602516e-01
6.353104114532470703e-01 6.294437984614833503e-01 6.209559440612792969e-01 6.382629571541245106e-01
6.392914652824401855e-01 6.262704456592633750e-01 6.232519149780273438e-01 6.336787786545471368e-01
6.371891498565673828e-01 6.265726643505324933e-01 6.257566213607788086e-01 6.295990773840752786e-01
6.355341076850891113e-01 6.265076929841661979e-01 6.321227550506591797e-01 6.317445599467986783e-01
6.389783620834350586e-01 6.240595507054406132e-01 6.311834454536437988e-01 6.271522623018142006e-01
6.384415626525878906e-01 6.244950992921571853e-01 6.377583146095275879e-01 6.259355073033879835e-01
6.391125321388244629e-01 6.237658994806583035e-01 6.248173713684082031e-01 6.313335490460635357e-01
6.400519013404846191e-01 6.220641870749489266e-01 6.397411823272705078e-01 6.265089997442050418e-01
6.459563374519348145e-01 6.195579945006637335e-01 6.382800936698913574e-01 6.211749343751641339e-01
6.387099623680114746e-01 6.220512033298033483e-01 6.362972259521484375e-01 6.282812596437353792e-01
6.434961557388305664e-01 6.198359532376738201e-01 6.214777827262878418e-01 6.367961001082667050e-01
6.466273069381713867e-01 6.154523343514364253e-01 6.296180486679077148e-01 6.281133462680552615e-01
6.450617313385009766e-01 6.187109879377511445e-01 6.355667114257812500e-01 6.222177622736781988e-01
6.442565917968750000e-01 6.134290837563306509e-01 6.421415209770202637e-01 6.191245911017362324e-01
6.468062400817871094e-01 6.121989037061040806e-01 6.442287564277648926e-01 6.178745506477116844e-01
6.512345671653747559e-01 6.089222431716092565e-01 6.370277404785156250e-01 6.246368167694464901e-01
6.490427851676940918e-01 6.069011346217578762e-01 6.451680064201354980e-01 6.138899904953565301e-01
6.573179364204406738e-01 6.049825353216327084e-01 6.366103291511535645e-01 6.202130263445397862e-01
6.516819000244140625e-01 6.045191323507619341e-01 6.409935355186462402e-01 6.186801408382727185e-01
6.543210148811340332e-01 6.035337344673158411e-01 6.444374918937683105e-01 6.171960431831262639e-01
6.499820947647094727e-01 6.081132886021139994e-01 6.436026096343994141e-01 6.187317786025642308e-01
6.500268578529357910e-01 6.049517835801179189e-01 6.443331241607666016e-01 6.120244447111561348e-01
6.511003971099853516e-01 6.036136362692989810e-01 6.417240500450134277e-01 6.174107933810796256e-01
6.540078520774841309e-01 6.009860024999945649e-01 6.497599482536315918e-01 6.105278728277492295e-01
6.548577547073364258e-01 5.979109518983151128e-01 6.541432142257690430e-01 6.070528706561745258e-01
6.561102271080017090e-01 5.986760876583571145e-01 6.378626823425292969e-01 6.131396793891183972e-01
6.604043841361999512e-01 5.958509388027986020e-01 6.496555805206298828e-01 6.107691000284717342e-01
6.585256457328796387e-01 5.967708160591842503e-01 6.550824642181396484e-01 6.059040756644596959e-01
6.564233303070068359e-01 5.978482785154954904e-01 6.465247273445129395e-01 6.136030509610734818e-01
6.587940454483032227e-01 5.947825082258325624e-01 6.510123014450073242e-01 6.082346182455724559e-01
6.566022634506225586e-01 5.959533522414444118e-01 6.500730514526367188e-01 6.047840572876512777e-01
6.623725295066833496e-01 5.925531831617794065e-01 6.454811096191406250e-01 6.105038660151355101e-01
6.596439480781555176e-01 5.894328824606537287e-01 6.495512127876281738e-01 6.022811956630572672e-01
6.645643115043640137e-01 5.877258187757449237e-01 6.564391851425170898e-01 6.056611545646745087e-01
6.699767112731933594e-01 5.863547642087227896e-01 6.553955078125000000e-01 5.982574077046656225e-01
6.661746501922607422e-01 5.846628668931499462e-01 6.559173464775085449e-01 5.999775343910683789e-01
6.652352809906005859e-01 5.910910232418188359e-01 6.495512127876281738e-01 6.022057340678081960e-01
6.721685528755187988e-01 5.881504488345399295e-01 6.558129787445068359e-01 6.090912113381785620e-01
6.693058013916015625e-01 5.860020136295693849e-01 6.563348174095153809e-01 5.996242659844875922e-01
6.738682985305786133e-01 5.793729586472428084e-01 6.679190397262573242e-01 5.946684226166651932e-01
6.680085659027099609e-01 5.837418320013043616e-01 6.491338014602661133e-01 6.088661314972854122e-01
6.700661778450012207e-01 5.795958926669598776e-01 6.538301110267639160e-01 5.962688657267559700e-01
6.736893653869628906e-01 5.810522323303987102e-01 6.589438319206237793e-01 5.937753636611575736e-01
6.653694510459899902e-01 5.855957611683422215e-01 6.563348174095153809e-01 6.004857627192461411e-01
6.745392680168151855e-01 5.774075242376301986e-01 6.629096269607543945e-01 5.933116057351546235e-01
6.737788319587707520e-01 5.756648039003031680e-01 6.589438319206237793e-01 5.994296210390918089e-01
