5.283145308494567871e-01 6.981928292018694249e-01 5.732623934745788574e-01 6.806972998339605452e-01
5.453569293022155762e-01 6.867443346064341370e-01 5.709664225578308105e-01 6.753000293811112220e-01
5.613705515861511230e-01 6.811715897048046253e-01 5.738885402679443359e-01 6.717372320808565611e-01
5.700483322143554688e-01 6.760653967634683292e-01 5.811939239501953125e-01 6.687105347930552002e-01
5.852567553520202637e-01 6.717901014432772211e-01 5.851596593856811523e-01 6.670523183725493022e-01
5.831991434097290039e-01 6.701471363203451714e-01 5.913170576095581055e-01 6.650407602682015806e-01
5.882984399795532227e-01 6.675427933779273237e-01 5.965351462364196777e-01 6.629142912512555608e-01
5.902665853500366211e-01 6.672249075700524834e-01 5.965351462364196777e-01 6.620972950257978384e-01
5.909375548362731934e-01 6.652705214982980175e-01 5.997704267501831055e-01 6.610582726057973035e-01
5.919663906097412109e-01 6.646528050775368790e-01 6.029012799263000488e-01 6.607943561648904618e-01
5.930846333503723145e-01 6.627478843341895187e-01 6.061365008354187012e-01 6.600772408273617442e-01
5.959026813507080078e-01 6.626157131833240177e-01 5.963264703750610352e-01 6.618970834345490051e-01
5.959921479225158691e-01 6.622157736420951624e-01 6.032143831253051758e-01 6.590506905579810448e-01
5.968419909477233887e-01 6.617440056728323139e-01 5.995616912841796875e-01 6.586933371742541565e-01
5.992574691772460938e-01 6.594781710201863545e-01 6.012314558029174805e-01 6.587742865272215864e-01
6.015834808349609375e-01 6.590721886195102242e-01 6.047797799110412598e-01 6.576112229847455026e-01
6.033726930618286133e-01 6.583518064988279628e-01 6.078063249588012695e-01 6.572053774466620757e-01
6.009572148323059082e-01 6.589161763892529278e-01 6.058233976364135742e-01 6.581842712832501885e-01
6.049382686614990234e-01 6.570344229229960753e-01 6.043623685836791992e-01 6.565454580221015135e-01
6.030148267745971680e-01 6.585022769368469309e-01 6.062408685684204102e-01 6.556528325718844474e-01
6.045804023742675781e-01 6.568455807338099417e-01 6.122938990592956543e-01 6.558666344824575223e-01
6.040883660316467285e-01 6.562494392108354502e-01 6.152160167694091797e-01 6.552911269542842643e-01
6.083378195762634277e-01 6.555509293286270189e-01 6.067627072334289551e-01 6.542272760086282890e-01
6.088745594024658203e-01 6.542066772181609480e-01 6.143811345100402832e-01 6.536847090104058733e-01
6.086956262588500977e-01 6.544025853252257718e-01 6.134418845176696777e-01 6.527416795411306039e-01
6.104401350021362305e-01 6.520267077754149376e-01 6.113546490669250488e-01 6.534483186189925519e-01
6.111111044883728027e-01 6.537318737418563730e-01 6.143811345100402832e-01 6.525315492194472267e-01
6.100375652313232422e-01 6.534731952891108531e-01 6.126069426536560059e-01 6.524812856090762558e-01
6.116926074028015137e-01 6.523683867038181372e-01 6.110415458679199219e-01 6.535069985146861882e-01
6.115584373474121094e-01 6.524398774361862552e-01 6.130244135856628418e-01 6.513664964170501337e-01
6.155394315719604492e-01 6.511864537714120438e-01 6.176163554191589355e-01 6.507887784535489883e-01
6.123188138008117676e-01 6.501894500029921087e-01 6.139636635780334473e-01 6.499007231281983543e-01
6.137949824333190918e-01 6.508336738431831359e-01 6.190774440765380859e-01 6.495321797095418015e-01
6.148684620857238770e-01 6.484617974724448120e-01 6.170945763587951660e-01 6.498807312003557213e-01
6.156736612319946289e-01 6.510425098233709740e-01 6.191818118095397949e-01 6.498793760313417156e-01
6.143764257431030273e-01 6.495848221714028981e-01 6.187643408775329590e-01 6.482454735161341519e-01
6.165682673454284668e-01 6.483405367977014278e-01 6.174076199531555176e-01 6.473882912569318693e-01
6.181338429450988770e-01 6.470633707440673899e-01 6.218951940536499023e-01 6.468919618745309075e-01
6.164340376853942871e-01 6.485069281066502267e-01 6.186599731445312500e-01 6.484315819716408580e-01
6.155841946601867676e-01 6.470708547263009924e-01 6.213734149932861328e-01 6.464311096842914051e-01
6.198335886001586914e-01 6.460851244581771180e-01 6.183469295501708984e-01 6.470829136708513563e-01
6.203256249427795410e-01 6.472861176740933864e-01 6.221039295196533203e-01 6.447065783004823913e-01
6.206387281417846680e-01 6.471378916831536099e-01 6.199123263359069824e-01 6.451330148857735702e-01
6.184469461441040039e-01 6.460643693615443217e-01 6.178250908851623535e-01 6.452777854735904928e-01
6.177759766578674316e-01 6.461184904216589198e-01 6.225214004516601562e-01 6.449063424898870966e-01
6.201914548873901367e-01 6.452281256015536259e-01 6.176163554191589355e-01 6.445503583459012420e-01
6.238593459129333496e-01 6.435070684971846422e-01 6.239824891090393066e-01 6.423977084583839536e-01
6.243066787719726562e-01 6.427410252087016884e-01 6.243999004364013672e-01 6.433836342994316837e-01
6.198335886001586914e-01 6.440784228810002565e-01 6.221039295196533203e-01 6.427497237242728589e-01
6.226516366004943848e-01 6.452116408273858017e-01 6.242955327033996582e-01 6.417857429299964611e-01
6.220701336860656738e-01 6.427764459913885009e-01 6.226257681846618652e-01 6.417740469709415363e-01
6.260511875152587891e-01 6.427198517277749046e-01 6.169902086257934570e-01 6.422513454648652864e-01
6.210860610008239746e-01 6.415423478929188628e-01 6.239824891090393066e-01 6.432675254715680691e-01
6.229647397994995117e-01 6.427935825347217413e-01 6.226257681846618652e-01 6.414316718326036337e-01
6.247987151145935059e-01 6.415212579587423747e-01 6.217908859252929688e-01 6.401822549071100044e-01
6.242172122001647949e-01 6.425982475344749201e-01 6.227301359176635742e-01 6.401314326104976526e-01
6.239488124847412109e-01 6.428295512556880809e-01 6.262784600257873535e-01 6.402751727632679524e-01
6.258274912834167480e-01 6.399171904174687509e-01 6.268002390861511230e-01 6.399856492413580344e-01
6.253802180290222168e-01 6.407316397908208172e-01 6.223126649856567383e-01 6.397951745061331019e-01
6.245750784873962402e-01 6.407496150330410645e-01 6.253391504287719727e-01 6.385908299884823780e-01
6.276167631149291992e-01 6.399195167262858863e-01 6.261740922927856445e-01 6.380441028821495220e-01
6.256486177444458008e-01 6.398008360933544747e-01 6.294093132019042969e-01 6.379033726208693800e-01
6.277956962585449219e-01 6.384563527522733040e-01 6.240868568420410156e-01 6.390265719772654229e-01
6.293165087699890137e-01 6.388355646263105259e-01 6.223126649856567383e-01 6.375204914921486221e-01
6.315530538558959961e-01 6.358919217689323888e-01 6.305572986602783203e-01 6.367898040737446363e-01
6.282429695129394531e-01 6.381547758374066515e-01 6.295136809349060059e-01 6.360439942814168912e-01
6.281087994575500488e-01 6.381008635908445026e-01 6.272177100181579590e-01 6.371879699806957120e-01
6.299427151679992676e-01 6.351912854864891766e-01 6.314965486526489258e-01 6.367435802549490376e-01
6.259617209434509277e-01 6.394404990234962005e-01 6.306616663932800293e-01 6.365127836928887728e-01
6.276614665985107422e-01 6.368854965052807016e-01 6.250261068344116211e-01 6.368230401760500703e-01
6.257827877998352051e-01 6.383489125805990039e-01 6.278438568115234375e-01 6.349065205892125974e-01
6.294954419136047363e-01 6.350965869940762287e-01 6.334794163703918457e-01 6.343661345536811824e-01
6.312399506568908691e-01 6.373488784561559539e-01 6.290962100028991699e-01 6.334694950522373746e-01
6.312846541404724121e-01 6.357757697209494019e-01 6.286787986755371094e-01 6.332513296984849660e-01
6.337001323699951172e-01 6.356815754524772766e-01 6.336881518363952637e-01 6.334806557638216207e-01
6.363392472267150879e-01 6.341684960384748049e-01 6.317052841186523438e-01 6.320897314648518117e-01
6.322240233421325684e-01 6.342585315685576042e-01 6.258609890937805176e-01 6.326677143835021111e-01
6.323134899139404297e-01 6.349709977039733610e-01 6.323314309120178223e-01 6.338041582129440021e-01
6.299427151679992676e-01 6.350149240236117043e-01 6.312878131866455078e-01 6.334248188765654319e-01
6.342368721961975098e-01 6.334644433615522763e-01 6.309747695922851562e-01 6.324116525807278455e-01
6.332975625991821289e-01 6.318133696820403822e-01 6.293049454689025879e-01 6.327049822405219626e-01
6.342816352844238281e-01 6.327634510082771335e-01 6.346274018287658691e-01 6.295882593836472640e-01
6.315082907676696777e-01 6.323526097572560456e-01 6.314965486526489258e-01 6.305143482076477346e-01
6.305689811706542969e-01 6.332170287362789418e-01 6.300354599952697754e-01 6.300869978586434161e-01
6.329844594001770020e-01 6.322507574810369846e-01 6.301398277282714844e-01 6.301395807005473193e-01
6.363839507102966309e-01 6.303130323738845853e-01 6.330620050430297852e-01 6.295970949791239724e-01
6.336553692817687988e-01 6.319739246095393836e-01 6.321227550506591797e-01 6.300112016761857392e-01
6.376811861991882324e-01 6.329142641543403780e-01 6.383844614028930664e-01 6.284317234019799470e-01
6.353998780250549316e-01 6.292634119840742057e-01 6.340012550354003906e-01 6.289781488772101525e-01
6.330291628837585449e-01 6.304762317789199821e-01 6.369233727455139160e-01 6.281484856507992820e-01
6.373680233955383301e-01 6.310483857864002122e-01 6.346274018287658691e-01 6.275633622425081937e-01
6.387099623680114746e-01 6.318219893839090995e-01 6.356710791587829590e-01 6.276411620417559067e-01
6.322687268257141113e-01 6.292814500196650673e-01 6.388019323348999023e-01 6.279247907003762119e-01
6.355788111686706543e-01 6.279769924719744711e-01 6.398455500602722168e-01 6.271621803231141046e-01
6.365181803703308105e-01 6.302668709707166528e-01 6.335837841033935547e-01 6.268590612815581053e-01
6.372338533401489258e-01 6.295458386912288207e-01 6.341056227684020996e-01 6.272103282485170794e-01
6.370102167129516602e-01 6.292607632193545353e-01 6.374452114105224609e-01 6.261288851368926878e-01
6.365628838539123535e-01 6.268066968105627801e-01 6.392193436622619629e-01 6.255841123811438642e-01
6.387099623680114746e-01 6.268577392358518630e-01 6.355667114257812500e-01 6.268194076463041720e-01
6.393809318542480469e-01 6.267209474505924804e-01 6.380713582038879395e-01 6.245332041156985703e-01
