4.961978793144226074e-01 2.694445830303092482e+00 4.984345734119415283e-01 8.292299803152782811e-01
4.962873458862304688e-01 8.604533249266694828e-01 4.985389411449432373e-01 6.951276004451273360e-01
5.000447034835815430e-01 7.326126884723055399e-01 5.009392499923706055e-01 6.935273317324296416e-01
4.991948604583740234e-01 7.631431276564906163e-01 5.018784999847412109e-01 6.930735710020031748e-01
5.046520233154296875e-01 7.532312102811795640e-01 4.990607500076293945e-01 6.930225483437117973e-01
5.045177936553955078e-01 7.717346497310638709e-01 4.987476468086242676e-01 6.950941228264434502e-01
5.012077093124389648e-01 7.027069943858549328e-01 4.990607500076293945e-01 6.956279094919385342e-01
4.980318546295166016e-01 6.967848534873269939e-01 4.841369092464447021e-01 7.003125006185645374e-01
4.980318546295166016e-01 6.967333064968288525e-01 5.009392499923706055e-01 6.961200419161022168e-01
5.007604360580444336e-01 6.983225325988643428e-01 5.009392499923706055e-01 6.983164651138601409e-01
4.982554912567138672e-01 7.043863050006416993e-01 5.009392499923706055e-01 6.941386805996967446e-01
5.006262063980102539e-01 6.950545425512300035e-01 5.009392499923706055e-01 6.932724955509410592e-01
5.012971758842468262e-01 6.951104349218939493e-01 4.990607500076293945e-01 6.993355272433823266e-01
4.987027943134307861e-01 6.949993101508358251e-01 5.009392499923706055e-01 6.931599920514082136e-01
4.998210668563842773e-01 6.947692510245161435e-01 4.990607500076293945e-01 7.022550521825504655e-01
5.009840726852416992e-01 6.955418234051479187e-01 5.009392499923706055e-01 7.064989431868313741e-01
5.021917819976806641e-01 7.049670630756357248e-01 4.990607500076293945e-01 6.982244605735408172e-01
4.989264607429504395e-01 6.950935319127369283e-01 5.009392499923706055e-01 7.014212675518592954e-01
5.005815029144287109e-01 6.945483891966944823e-01 5.009392499923706055e-01 7.046164011835828189e-01
5.007156729698181152e-01 6.952622944072867073e-01 4.990607500076293945e-01 6.942579893174088967e-01
4.978529214859008789e-01 6.945957266318177892e-01 4.990607500076293945e-01 6.948749325241083685e-01
4.996868968009948730e-01 6.946859395254445513e-01 4.990607500076293945e-01 6.935361921103009308e-01
5.035784840583801270e-01 6.946032708159156632e-01 5.009392499923706055e-01 6.942818670799328906e-01
4.957505762577056885e-01 6.949363862024178218e-01 4.990607500076293945e-01 7.004209326767170118e-01
4.978081881999969482e-01 6.984394589313391855e-01 5.009392499923706055e-01 6.931723698622198615e-01
4.983896911144256592e-01 6.949124948925954337e-01 5.009392499923706055e-01 6.992119129329602556e-01
4.999552667140960693e-01 7.030314474226132537e-01 4.990607500076293945e-01 6.954713526236888654e-01
4.944981336593627930e-01 6.950693277985064977e-01 4.990607500076293945e-01 6.932217224458890881e-01
5.022812485694885254e-01 6.943468862514969864e-01 4.990607500076293945e-01 6.975220109395755541e-01
4.980318546295166016e-01 6.946273194610976809e-01 4.990607500076293945e-01 6.931562785862432907e-01
5.007604360580444336e-01 6.945004571121906611e-01 4.990607500076293945e-01 6.942506048107565109e-01
5.085435509681701660e-01 6.936078290005962543e-01 4.990607500076293945e-01 6.943981736195508070e-01
5.021470785140991211e-01 7.147884589761074325e-01 5.009392499923706055e-01 6.931763422113449424e-01
4.967793822288513184e-01 8.389182933692024280e-01 5.009392499923706055e-01 6.982514858619078835e-01
4.994184970855712891e-01 7.114663211854418412e-01 4.990607500076293945e-01 6.947328096714031620e-01
5.013419389724731445e-01 6.939834553497084002e-01 4.990607500076293945e-01 6.931601975885270939e-01
4.997763335704803467e-01 6.944295008380034773e-01 4.990607500076293945e-01 6.935939466597466074e-01
4.961978793144226074e-01 6.948828547153176327e-01 4.990607500076293945e-01 6.944080546165503076e-01
4.987027943134307861e-01 6.989922051801731318e-01 4.990607500076293945e-01 6.938367040738062652e-01
4.949454367160797119e-01 7.014136338920750058e-01 5.009392499923706055e-01 6.932442495679088657e-01
5.003578662872314453e-01 6.948657689036528140e-01 4.990607500076293945e-01 6.932944488709517072e-01
4.975398182868957520e-01 6.944844822888724956e-01 4.990607500076293945e-01 6.936722810844170306e-01
4.971372485160827637e-01 6.946238759997749312e-01 5.009392499923706055e-01 6.943584165128231511e-01
5.003131031990051270e-01 6.947000072880750166e-01 4.990607500076293945e-01 6.966299214086411062e-01
4.999552667140960693e-01 6.948351568048681814e-01 4.990607500076293945e-01 7.176114166362677071e-01
5.037126541137695312e-01 6.946368522050235805e-01 5.009392499923706055e-01 7.351588180358263891e-01
5.037573575973510742e-01 6.951274180224594756e-01 5.009392499923706055e-01 6.965530856967943052e-01
5.028627514839172363e-01 6.946833052859576751e-01 4.990607500076293945e-01 6.931738519165964174e-01
5.078725814819335938e-01 6.947161275770139532e-01 5.009392499923706055e-01 6.970236532575176946e-01
4.999552667140960693e-01 6.943992514221244416e-01 5.009392499923706055e-01 6.933908548864684551e-01
4.932456612586975098e-01 6.947644883585137876e-01 5.009392499923706055e-01 6.940175396145522591e-01
5.012524724006652832e-01 6.948797680393573595e-01 4.990607500076293945e-01 6.936926511552731212e-01
5.017892122268676758e-01 6.945111944372996948e-01 4.990607500076293945e-01 6.940779112694631658e-01
5.030416846275329590e-01 6.945456287305882270e-01 4.990607500076293945e-01 6.953726100090574791e-01
4.891304373741149902e-01 6.955720272830356876e-01 5.009392499923706055e-01 6.933361552523511495e-01
5.014761090278625488e-01 6.958707323076900320e-01 5.009392499923706055e-01 6.931631302465304234e-01
4.979871213436126709e-01 6.956544015526580083e-01 4.990607500076293945e-01 7.113968336714058260e-01
5.001341700553894043e-01 6.944943246911390311e-01 5.009392499923706055e-01 6.931790315863534113e-01
5.038468241691589355e-01 6.944925639492429692e-01 5.009392499923706055e-01 6.933475750220690070e-01
4.981213212013244629e-01 6.945233760419269320e-01 5.009392499923706055e-01 6.931463413187766154e-01
4.976292848587036133e-01 6.947739759377107305e-01 5.009392499923706055e-01 6.942354430611908933e-01
4.991948604583740234e-01 6.950652560408798752e-01 4.990607500076293945e-01 6.972461460005437983e-01
5.036231875419616699e-01 6.943112220485173625e-01 4.990607500076293945e-01 6.950023101630675715e-01
4.974503517150878906e-01 6.945630222702947609e-01 4.990607500076293945e-01 6.934885279889944076e-01
4.936929643154144287e-01 6.945334916508119072e-01 5.009392499923706055e-01 7.024795610455326633e-01
5.018339753150939941e-01 6.946618963192263685e-01 4.990607500076293945e-01 6.940843770857818562e-01
4.978081881999969482e-01 6.947792730938878725e-01 4.990607500076293945e-01 6.959791331145888105e-01
4.995974302291870117e-01 6.947424447820147453e-01 4.990607500076293945e-01 6.936808232971483079e-01
5.029075145721435547e-01 6.942184846544974253e-01 4.990607500076293945e-01 7.022198996994745146e-01
4.992842972278594971e-01 6.949427451616452256e-01 4.990607500076293945e-01 6.931893769173451680e-01
4.995079636573791504e-01 6.949640819821210069e-01 5.009392499923706055e-01 6.931469764796062139e-01
5.026391148567199707e-01 6.946995312187704830e-01 4.990607500076293945e-01 6.932510560923890175e-01
5.018339753150939941e-01 6.947536422754575502e-01 5.009392499923706055e-01 6.932074343503777936e-01
5.006262063980102539e-01 6.949271917940359478e-01 5.009392499923706055e-01 7.014163302942298950e-01
4.954374730587005615e-01 6.958031871063292684e-01 5.009392499923706055e-01 6.931597816374326371e-01
4.979871213436126709e-01 6.987822841053722422e-01 5.009392499923706055e-01 6.952499290941851484e-01
4.957058429718017578e-01 6.946962455513866486e-01 4.990607500076293945e-01 6.951936438720128786e-01
4.983449578285217285e-01 6.947235295055462778e-01 4.990607500076293945e-01 6.950636855298406580e-01
4.999105334281921387e-01 6.953583801874088088e-01 4.990607500076293945e-01 7.142637957488537914e-01
5.049651265144348145e-01 6.946402347606160932e-01 4.987476468086242676e-01 6.942213206046360385e-01
4.971819519996643066e-01 7.825166469482855991e-01 5.009392499923706055e-01 6.932422681084706717e-01
5.004473328590393066e-01 6.944882668478797871e-01 4.987476468086242676e-01 6.947394929806043340e-01
5.083646178245544434e-01 6.948520319473340257e-01 4.990607500076293945e-01 6.935152862072488933e-01
4.995079636573791504e-01 6.952737835358370200e-01 5.009392499923706055e-01 6.931636716771588658e-01
4.998210668563842773e-01 6.949288011407741550e-01 4.987476468086242676e-01 6.975333018209360914e-01
5.014314055442810059e-01 6.946716589606881653e-01 4.990607500076293945e-01 6.941674857417269306e-01
5.050545930862426758e-01 6.949373498801618698e-01 4.990607500076293945e-01 6.933597652729506233e-01
5.044730901718139648e-01 6.946692606015972826e-01 4.990607500076293945e-01 6.932705236212790556e-01
4.980318546295166016e-01 6.946547980021867685e-01 5.009392499923706055e-01 6.932187201185033842e-01
4.961531460285186768e-01 6.952604039514357348e-01 4.990607500076293945e-01 6.931952832138780218e-01
4.973608851432800293e-01 6.995487285121051446e-01 5.009392499923706055e-01 6.931583943707388951e-01
5.011630058288574219e-01 6.944093928714198949e-01 4.990607500076293945e-01 6.931776044588202623e-01
4.992395639419555664e-01 6.947095869883886943e-01 5.009392499923706055e-01 6.935133697891553428e-01
4.945428371429443359e-01 6.947192712341188070e-01 4.990607500076293945e-01 6.931876752924456264e-01
5.021917819976806641e-01 6.945938164463920650e-01 4.990607500076293945e-01 6.937519872992253811e-01
4.954374730587005615e-01 6.994232270772650084e-01 4.990607500076293945e-01 6.931965012835002993e-01
4.969583153724670410e-01 6.947352046040009554e-01 5.009392499923706055e-01 7.350489399149979786e-01
4.993737637996673584e-01 6.949731052124472619e-01 4.990607500076293945e-01 6.998296144411225717e-01
4.965557456016540527e-01 6.949758773456641281e-01 5.009392499923706055e-01 6.940795368800902754e-01
5.022365450859069824e-01 6.945689327389635848e-01 4.990607500076293945e-01 6.934438085561006604e-01
