5.382894873619079590e-01 6.928107414823202470e-01 5.714882016181945801e-01 6.800658481028004632e-01
5.612810850143432617e-01 6.830169353124215803e-01 5.137758255004882812e-01 6.905284975073179288e-01
5.690194964408874512e-01 6.793295176815402625e-01 5.752452611923217773e-01 6.727614529793208842e-01
5.704061388969421387e-01 6.763291900604563311e-01 5.617824792861938477e-01 6.853384793712907763e-01
5.838253498077392578e-01 6.717981121944899270e-01 5.853683948516845703e-01 6.685912191954914707e-01
5.768473744392395020e-01 6.725793840804538126e-01 5.854727625846862793e-01 6.678669623979270886e-01
5.788602828979492188e-01 6.708410186894701033e-01 5.810895562171936035e-01 6.672997815055106141e-01
5.858382582664489746e-01 6.683638918525653949e-01 5.728449225425720215e-01 6.746264480768178196e-01
5.803363919258117676e-01 6.694550122615795518e-01 5.714882016181945801e-01 6.772595584031759763e-01
5.853462219238281250e-01 6.682669619025985996e-01 5.928825139999389648e-01 6.650656704687668563e-01
5.865092277526855469e-01 6.667963045721383430e-01 5.874556303024291992e-01 6.651383508995962757e-01
5.871354341506958008e-01 6.664414950252368630e-01 5.821331739425659180e-01 6.707458228488676344e-01
5.902218818664550781e-01 6.645774425814415798e-01 5.962221026420593262e-01 6.691555290126621758e-01
5.931293368339538574e-01 6.651654168283561708e-01 5.790023207664489746e-01 6.686423736657660655e-01
5.887904763221740723e-01 6.641379879761902805e-01 5.931955575942993164e-01 6.645896786365497189e-01
5.929057002067565918e-01 6.616274611236243608e-01 5.942391753196716309e-01 6.643839794368739948e-01
5.922794938087463379e-01 6.626730563389335860e-01 5.871425867080688477e-01 6.659217710361627907e-01
5.938897728919982910e-01 6.625393405756641041e-01 5.806720852851867676e-01 6.630954639669301987e-01
5.889246463775634766e-01 6.638878042037978933e-01 6.019620299339294434e-01 6.613233715973824145e-01
5.956789851188659668e-01 6.621148263667986367e-01 5.991442203521728516e-01 6.601263638752981056e-01
5.955001115798950195e-01 6.596463964330551155e-01 5.867251157760620117e-01 6.613196911007644951e-01
5.930398702621459961e-01 6.591424787486040993e-01 6.002922058105468750e-01 6.601252298692501519e-01
5.952317118644714355e-01 6.597656754799831047e-01 5.990398526191711426e-01 6.600515075576900426e-01
5.989890694618225098e-01 6.576177499165878348e-01 6.047797799110412598e-01 6.579663608074686199e-01
5.945160388946533203e-01 6.593927101065976126e-01 6.021707653999328613e-01 6.590066798990839025e-01
5.952764153480529785e-01 6.584352647965998617e-01 5.908995866775512695e-01 6.616665119916803617e-01
5.970209240913391113e-01 6.574142000333506042e-01 5.972657203674316406e-01 6.564030376811337275e-01
5.988996028900146484e-01 6.578651953839854682e-01 5.993529558181762695e-01 6.571001679831122155e-01
5.999284386634826660e-01 6.569011246055327380e-01 5.985180735588073730e-01 6.568585528856626388e-01
6.030595898628234863e-01 6.554059113132055803e-01 5.937173962593078613e-01 6.617203063343790603e-01
6.007335782051086426e-01 6.553119755128262724e-01 6.015445590019226074e-01 6.547662441975834469e-01
6.009125113487243652e-01 6.571170523440097444e-01 6.055103540420532227e-01 6.547824857230476470e-01
5.991232991218566895e-01 6.552874667739628789e-01 6.075975894927978516e-01 6.529578685486796541e-01
5.979155302047729492e-01 6.550978873278975323e-01 5.967438817024230957e-01 6.583411641196551534e-01
6.028359532356262207e-01 6.533975587225617776e-01 5.819244384765625000e-01 6.700514176150150769e-01
6.005994081497192383e-01 6.540049105472056645e-01 5.940304994583129883e-01 6.548861800143823686e-01
6.031937599182128906e-01 6.538130161928179529e-01 5.843247771263122559e-01 6.703460244265559975e-01
5.976471900939941406e-01 6.552747699928147540e-01 6.097891926765441895e-01 6.515250264963807769e-01
6.034174561500549316e-01 6.536378934912784322e-01 6.119807958602905273e-01 6.502169488840375822e-01
6.015834808349609375e-01 6.519299334331368767e-01 6.081193685531616211e-01 6.512947756944034161e-01
6.017176508903503418e-01 6.541290139337199161e-01 6.083281040191650391e-01 6.509908366317764816e-01
6.073984503746032715e-01 6.510183372444662275e-01 6.067627072334289551e-01 6.507107588971638990e-01
6.097244620323181152e-01 6.498938130018514503e-01 6.126069426536560059e-01 6.486291860245234631e-01
6.068617105484008789e-01 6.524239674538485634e-01 6.050928831100463867e-01 6.505609828006049256e-01
6.071748137474060059e-01 6.507637507801597998e-01 6.102066636085510254e-01 6.509981594188206655e-01
6.056092381477355957e-01 6.503752451886599673e-01 6.073888540267944336e-01 6.490687249946435200e-01
6.066380143165588379e-01 6.484502700045318146e-01 6.077019572257995605e-01 6.489588214693724488e-01
6.061907410621643066e-01 6.492079694745876983e-01 6.037361621856689453e-01 6.501266370857714527e-01
6.056092381477355957e-01 6.497523114791730059e-01 5.991442203521728516e-01 6.578791493091571407e-01
6.090087890625000000e-01 6.485631282480144311e-01 5.914214253425598145e-01 6.536910395188312295e-01
6.052513718605041504e-01 6.492064975949941585e-01 6.046754121780395508e-01 6.510792197576024121e-01
6.116926074028015137e-01 6.461271102195094151e-01 6.071801185607910156e-01 6.507012620148393545e-01
6.079352498054504395e-01 6.479398766257592479e-01 5.875599980354309082e-01 6.633139716959327581e-01
6.071300506591796875e-01 6.483148612517921627e-01 6.118764281272888184e-01 6.507885659121690480e-01
6.078457832336425781e-01 6.484702265119697273e-01 6.017532944679260254e-01 6.496148750021123464e-01
6.080247163772583008e-01 6.470117783648827725e-01 5.855771303176879883e-01 6.589456737675962739e-01
6.139291524887084961e-01 6.460261268017649661e-01 6.090586781501770020e-01 6.484389170503546129e-01
6.120504736900329590e-01 6.470635487688186638e-01 6.114589571952819824e-01 6.499509548897087763e-01
6.103954315185546875e-01 6.473044380878886228e-01 6.144855022430419922e-01 6.438568654574922112e-01
6.081141233444213867e-01 6.471868557203944716e-01 6.090586781501770020e-01 6.474377939407971461e-01
6.124082803726196289e-01 6.448589236818628168e-01 6.016489267349243164e-01 6.503224397248053013e-01
6.102164983749389648e-01 6.449209842107700430e-01 6.054059863090515137e-01 6.477108211836818397e-01
6.101270318031311035e-01 6.455289635958579852e-01 6.115633249282836914e-01 6.430758159958328557e-01
6.118715405464172363e-01 6.442146406529478675e-01 6.160508990287780762e-01 6.433747013658751568e-01
6.123188138008117676e-01 6.446382040349544207e-01 6.051972508430480957e-01 6.448026437944520683e-01
6.126766800880432129e-01 6.437366119244163354e-01 6.075975894927978516e-01 6.441330310323496455e-01
6.141080856323242188e-01 6.440488361762021219e-01 6.093717217445373535e-01 6.439356868213812479e-01
6.141080856323242188e-01 6.431433883735416801e-01 6.119807958602905273e-01 6.412743100963737009e-01
6.087403893470764160e-01 6.432303429119146099e-01 6.064496040344238281e-01 6.430299832213275391e-01
6.125425100326538086e-01 6.414117992916097410e-01 6.167814731597900391e-01 6.425489136979117832e-01
6.166129708290100098e-01 6.418942945185661664e-01 6.085368394851684570e-01 6.460708251105945488e-01
6.103059649467468262e-01 6.420831849652254286e-01 6.128156781196594238e-01 6.453527226698868580e-01
6.141080856323242188e-01 6.428122494745006632e-01 6.118764281272888184e-01 6.397459102159650524e-01
6.132581830024719238e-01 6.400569704334431176e-01 6.173032522201538086e-01 6.386659717888255594e-01
6.175970435142517090e-01 6.385703451370250416e-01 6.155291199684143066e-01 6.407785755785291304e-01
6.139738559722900391e-01 6.401047757261020266e-01 6.102066636085510254e-01 6.449768727120813727e-01
6.131687164306640625e-01 6.412438757945565504e-01 6.126069426536560059e-01 6.444344346644210741e-01
6.170603036880493164e-01 6.408079580834948885e-01 6.121895313262939453e-01 6.379567747249456078e-01
6.192073822021484375e-01 6.379540128898996132e-01 6.135462522506713867e-01 6.390446959818810724e-01
6.181785464286804199e-01 6.396653298871806115e-01 6.188687086105346680e-01 6.399727940584268859e-01
6.153157949447631836e-01 6.394891912618505536e-01 6.121895313262939453e-01 6.409753111901200784e-01
6.182233095169067383e-01 6.387145627502636147e-01 6.170945763587951660e-01 6.404610036982546495e-01
6.194757819175720215e-01 6.385160672747826061e-01 6.226257681846618652e-01 6.365189462607798720e-01
6.173734068870544434e-01 6.387094993842140633e-01 6.201210618019104004e-01 6.363295624609954793e-01
6.171497702598571777e-01 6.376292491283371833e-01 6.198079586029052734e-01 6.398360616875650164e-01
6.178207397460937500e-01 6.363301550281945662e-01 6.198079586029052734e-01 6.361796993150314883e-01
6.199678182601928711e-01 6.362417732523899527e-01 6.162596344947814941e-01 6.409629898115081215e-01
6.208624243736267090e-01 6.357383506949461083e-01 6.193905472755432129e-01 6.376068324964098144e-01
6.191179156303405762e-01 6.358817501173907871e-01 6.218951940536499023e-01 6.336271646151685477e-01
6.240830421447753906e-01 6.336572670428948229e-01 6.211646795272827148e-01 6.330897358458615898e-01
6.205493211746215820e-01 6.352483442909369060e-01 6.239824891090393066e-01 6.337510598300518661e-01
6.184469461441040039e-01 6.362264412932669977e-01 6.163640022277832031e-01 6.385295607431077380e-01
6.213096976280212402e-01 6.363534189695364551e-01 6.114589571952819824e-01 6.385294908373472245e-01
6.216675639152526855e-01 6.329403647286112600e-01 6.176163554191589355e-01 6.418420562811819607e-01
6.197888851165771484e-01 6.348808230963860488e-01 6.231475472450256348e-01 6.362963864236503841e-01
6.232331395149230957e-01 6.328032326028564247e-01 6.266958713531494141e-01 6.355302238409614723e-01
6.211755275726318359e-01 6.338046619388323366e-01 6.158422231674194336e-01 6.401223748318961571e-01
6.238146424293518066e-01 6.339022810481745873e-01 6.177207231521606445e-01 6.353585458677663000e-01
6.251565814018249512e-01 6.326132377799240647e-01 6.188687086105346680e-01 6.356322968138008456e-01
6.251118183135986328e-01 6.321288757619415444e-01 6.114589571952819824e-01 6.441707581847725406e-01
