5.458042621612548828e-01 6.966656904929565686e-01 5.841160416603088379e-01 6.681190814983867243e-01
5.737609863281250000e-01 6.736386424848017640e-01 5.794197320938110352e-01 6.668852397231561646e-01
5.801574587821960449e-01 6.703732892574959523e-01 5.802546143531799316e-01 6.643266351654444346e-01
5.899981856346130371e-01 6.652653881509138500e-01 6.016489267349243164e-01 6.607296366926475040e-01
5.925478339195251465e-01 6.626084789135179287e-01 5.970569849014282227e-01 6.614458661964207620e-01
5.980944633483886719e-01 6.610565489382325133e-01 5.951784849166870117e-01 6.597194125845894375e-01
5.971998572349548340e-01 6.591003833548244595e-01 5.993529558181762695e-01 6.579206639131407464e-01
6.020307540893554688e-01 6.560303703534365871e-01 6.031100153923034668e-01 6.522138289060653848e-01
6.073537468910217285e-01 6.530200889699679934e-01 6.119807958602905273e-01 6.516401649665991558e-01
6.119162440299987793e-01 6.503519210881123502e-01 6.122938990592956543e-01 6.516944435115050727e-01
6.147342920303344727e-01 6.473514841438555711e-01 6.193905472755432129e-01 6.444812290878988437e-01
6.166129708290100098e-01 6.472757522994577739e-01 6.191818118095397949e-01 6.436266257777339961e-01
6.133923530578613281e-01 6.462161475290956192e-01 6.313921809196472168e-01 6.375680623062466301e-01
6.216228008270263672e-01 6.431097690396625488e-01 6.268002390861511230e-01 6.403069352586093776e-01
6.203703880310058594e-01 6.429483574646960298e-01 6.165727376937866211e-01 6.388001718269312734e-01
6.236357092857360840e-01 6.390024599992305543e-01 6.312878131866455078e-01 6.321238319153726914e-01
6.246197819709777832e-01 6.389359109814211068e-01 6.294093132019042969e-01 6.328584333845579390e-01
6.295401453971862793e-01 6.340046197490586399e-01 6.190774440765380859e-01 6.365018770132898629e-01
6.260958909988403320e-01 6.345113438748570811e-01 6.274264454841613770e-01 6.333890890831291864e-01
6.261406540870666504e-01 6.327395583760399012e-01 6.270089745521545410e-01 6.311732402203152903e-01
6.280193328857421875e-01 6.332493512078887221e-01 6.238781213760375977e-01 6.318080037975331020e-01
6.356235742568969727e-01 6.271075966490853304e-01 6.367146968841552734e-01 6.234227693720367780e-01
6.348183751106262207e-01 6.270243462690365810e-01 6.331663727760314941e-01 6.282890886534879815e-01
6.407675743103027344e-01 6.264970100167015499e-01 6.263828277587890625e-01 6.308568397436179476e-01
6.368759870529174805e-01 6.275220785931880929e-01 6.408891677856445312e-01 6.201066742782377350e-01
6.391572952270507812e-01 6.203730883059124235e-01 6.400542855262756348e-01 6.194136101302312181e-01
6.402755379676818848e-01 6.185769346067913066e-01 6.349405050277709961e-01 6.200858385173245724e-01
6.398282051086425781e-01 6.196958843274030793e-01 6.457942128181457520e-01 6.157807614106122207e-01
6.443460583686828613e-01 6.201665354001114627e-01 6.462116241455078125e-01 6.151794461038510020e-01
6.454643011093139648e-01 6.133588984072751993e-01 6.440200209617614746e-01 6.092512793566832174e-01
6.483718156814575195e-01 6.129214211533206003e-01 6.407848000526428223e-01 6.150446201361089438e-01
6.499373912811279297e-01 6.108921271975297218e-01 6.414110064506530762e-01 6.087159664216357235e-01
6.510109305381774902e-01 6.079644176673753009e-01 6.510123014450073242e-01 6.088949501626403915e-01
6.421542167663574219e-01 6.125147142826625757e-01 6.552911996841430664e-01 6.076910892127078689e-01
6.480587124824523926e-01 6.094303599494282908e-01 6.485075950622558594e-01 6.039780515192246790e-01
6.485954523086547852e-01 6.071019438964392334e-01 6.511166691780090332e-01 6.072914485542243446e-01
6.550366878509521484e-01 6.028705726883070160e-01 6.584220528602600098e-01 6.031943243770603313e-01
6.512792706489562988e-01 6.030828776502891175e-01 6.525777578353881836e-01 6.076438379820192637e-01
6.559759974479675293e-01 6.034678527357156819e-01 6.497599482536315918e-01 6.060318235464221548e-01
6.540078520774841309e-01 6.047466614844014821e-01 6.543518900871276855e-01 6.029148829354047390e-01
6.560654640197753906e-01 5.960313291941288227e-01 6.561260819435119629e-01 5.973046519168606627e-01
6.498926281929016113e-01 6.033684798484839629e-01 6.495512127876281738e-01 6.029665280149814066e-01
6.618357300758361816e-01 5.936422018058655770e-01 6.586307883262634277e-01 6.039288558036344234e-01
6.610305905342102051e-01 5.965621394726303706e-01 6.550824642181396484e-01 5.962895716662397483e-01
6.657720804214477539e-01 5.903163997639396809e-01 6.533082723617553711e-01 5.940844311243406173e-01
6.578994393348693848e-01 5.970535598472653804e-01 6.656230688095092773e-01 5.899153905406522291e-01
6.608964204788208008e-01 5.923570822807731062e-01 6.588394641876220703e-01 5.936920879355453984e-01
6.651458144187927246e-01 5.913974504006700439e-01 6.506991982460021973e-01 5.977330185430976828e-01
6.608516573905944824e-01 5.922709095134656154e-01 6.537257432937622070e-01 5.952594730605712536e-01
6.635802388191223145e-01 5.917546666144130052e-01 6.655187010765075684e-01 5.887497973899904480e-01
6.659509539604187012e-01 5.860562286451178604e-01 6.405760645866394043e-01 6.186363318473554473e-01
6.650116443634033203e-01 5.885687955143754646e-01 6.627008914947509766e-01 5.907693715539413803e-01
6.723027229309082031e-01 5.811644656049435032e-01 6.596744060516357422e-01 5.875821056606823634e-01
6.700214743614196777e-01 5.843656085155628510e-01 6.588394641876220703e-01 5.948749957067736016e-01
6.665324568748474121e-01 5.824892981190186170e-01 6.692757010459899902e-01 5.874261528881823402e-01
6.685900688171386719e-01 5.822417861042988863e-01 6.654143333435058594e-01 5.876255906143260654e-01
6.711397171020507812e-01 5.764640035708616939e-01 6.669797301292419434e-01 5.845067831997681207e-01
6.720790863037109375e-01 5.787663313032455070e-01 6.713629961013793945e-01 5.823834566825168979e-01
6.751654744148254395e-01 5.758598158580925386e-01 6.697975397109985352e-01 5.826818572531858864e-01
6.752549409866333008e-01 5.768586548822129956e-01 6.658317446708679199e-01 5.874659576313502329e-01
6.810252070426940918e-01 5.737307832820788267e-01 6.760593056678771973e-01 5.776048972845028162e-01
6.768205165863037109e-01 5.745360946629678445e-01 6.665623188018798828e-01 5.860213244715256620e-01
6.781177520751953125e-01 5.740524008056946403e-01 6.767898201942443848e-01 5.792709318662431217e-01
6.764627099037170410e-01 5.750437934724136335e-01 6.773115992546081543e-01 5.742167856220014022e-01
6.820540428161621094e-01 5.661530287796022742e-01 6.681277155876159668e-01 5.830693683851190245e-01
6.761048436164855957e-01 5.718419342715873599e-01 6.630139946937561035e-01 5.864111892342492860e-01
6.773573160171508789e-01 5.708333595448731312e-01 6.625965237617492676e-01 5.974139646084466460e-01
6.782966256141662598e-01 5.682314592624397864e-01 6.692757010459899902e-01 5.782631703095902909e-01
6.783413887023925781e-01 5.686185681173638873e-01 6.625965237617492676e-01 5.898530889567640267e-01
6.812936067581176758e-01 5.647643780021510684e-01 6.638488769531250000e-01 5.844958309862514634e-01
6.834406852722167969e-01 5.595381451135117423e-01 6.667710542678833008e-01 5.792187156843456863e-01
6.845589280128479004e-01 5.625857480375556774e-01 6.748069524765014648e-01 5.739455348115155564e-01
6.826802492141723633e-01 5.630547346273631071e-01 6.701106429100036621e-01 5.770845028533490018e-01
6.831722855567932129e-01 5.649132391467549530e-01 6.760593056678771973e-01 5.726026559244290493e-01
6.808910369873046875e-01 5.631844147434599268e-01 6.774159669876098633e-01 5.691408922417978689e-01
6.843352913856506348e-01 5.605305695090103679e-01 6.750156283378601074e-01 5.727371659664042269e-01
6.862587332725524902e-01 5.561133209655271248e-01 6.772072911262512207e-01 5.771205992445869182e-01
6.802648305892944336e-01 5.661864413795327788e-01 6.735545992851257324e-01 5.732344706952758884e-01
6.878690123558044434e-01 5.600241939887993237e-01 6.768941879272460938e-01 5.685503819968650285e-01
6.914027333259582520e-01 5.528486834418733231e-01 6.826341152191162109e-01 5.821190341806341539e-01
6.854088306427001953e-01 5.634193118281047852e-01 6.788770556449890137e-01 5.668050071885107899e-01
6.878243088722229004e-01 5.552354166089240595e-01 6.727196574211120605e-01 5.727934044603265606e-01
6.830828189849853516e-01 5.600785797024950829e-01 6.744938492774963379e-01 5.751486311275360030e-01
6.904186606407165527e-01 5.535082489033464892e-01 6.587351560592651367e-01 5.947899542853121169e-01
6.901055574417114258e-01 5.541447527422677100e-01 6.769985556602478027e-01 5.733672706773798033e-01
6.927446722984313965e-01 5.535782121720436155e-01 6.747025847434997559e-01 5.729055597622393359e-01
6.901503205299377441e-01 5.533673958544612637e-01 6.777290701866149902e-01 5.698335820786069039e-01
6.880032420158386230e-01 5.533837965699763828e-01 6.748069524765014648e-01 5.730652613571157739e-01
6.921184659004211426e-01 5.521450699239537352e-01 6.744938492774963379e-01 5.709008438008434938e-01
6.950706839561462402e-01 5.471559624741042516e-01 6.861824393272399902e-01 5.655871444095825762e-01
6.956521868705749512e-01 5.456703067849671962e-01 6.853474974632263184e-01 5.627852688500538658e-01
6.909106969833374023e-01 5.499442154573271901e-01 6.817992329597473145e-01 5.615523558174536634e-01
6.923868060111999512e-01 5.480764961174422467e-01 6.817992329597473145e-01 5.706013245265086908e-01
6.935051083564758301e-01 5.483636028290136410e-01 6.864954829216003418e-01 5.640840862071531125e-01
6.960099935531616211e-01 5.457297150298251465e-01 6.859737038612365723e-01 5.599336854427697796e-01
6.933261752128601074e-01 5.492177508047557666e-01 6.819035410881042480e-01 5.640783926634966861e-01
6.990517377853393555e-01 5.422677659224814928e-01 6.867042183876037598e-01 5.558081370284825296e-01
6.981570720672607422e-01 5.419793877411366312e-01 6.832602620124816895e-01 5.730425706240160899e-01
6.971729993820190430e-01 5.441460174638867997e-01 6.724066138267517090e-01 5.771484954624379604e-01
6.919842362403869629e-01 5.484709185124040376e-01 6.859737038612365723e-01 5.604746438869229186e-01
