5.606101155281066895e-01 6.833578410014672366e-01 5.926737785339355469e-01 6.657478007661153940e-01
5.920110940933227539e-01 6.670551490732501421e-01 5.960133671760559082e-01 6.604979334955448644e-01
5.887457728385925293e-01 6.645288603274676076e-01 6.096848249435424805e-01 6.571121489770276325e-01
5.997942090034484863e-01 6.603861267077387742e-01 5.993529558181762695e-01 6.617551084053439059e-01
5.985864996910095215e-01 6.600934425413896856e-01 6.018576622009277344e-01 6.577143904262583440e-01
6.048488020896911621e-01 6.562767442276491447e-01 5.772281289100646973e-01 6.706351240849200979e-01
6.031042933464050293e-01 6.555820523487431162e-01 6.105197072029113770e-01 6.496678711576269194e-01
6.081141233444213867e-01 6.517052752085631395e-01 6.210603117942810059e-01 6.485416604043844346e-01
6.149579286575317383e-01 6.495097838802101897e-01 6.186599731445312500e-01 6.472868437658543250e-01
6.133923530578613281e-01 6.482145238976334545e-01 6.278438568115234375e-01 6.439132173632161615e-01
6.130345463752746582e-01 6.491596079572280464e-01 6.070757508277893066e-01 6.500484341745011996e-01
6.142870187759399414e-01 6.461138077084248588e-01 6.279482245445251465e-01 6.368942802421635463e-01
6.227858066558837891e-01 6.397240787056652778e-01 6.246086359024047852e-01 6.403035972492103767e-01
6.222043037414550781e-01 6.404596803482240919e-01 6.257566213607788086e-01 6.368786912451106508e-01
6.257380843162536621e-01 6.376043037366602162e-01 6.286787986755371094e-01 6.390017764574797976e-01
6.262748241424560547e-01 6.381066981699710094e-01 6.265915036201477051e-01 6.394648380380063557e-01
6.260958909988403320e-01 6.365775523447653184e-01 6.286787986755371094e-01 6.345107957605677917e-01
6.267221570014953613e-01 6.332654822574443898e-01 6.229388713836669922e-01 6.381844312008575493e-01
6.273930668830871582e-01 6.328934115189562837e-01 6.376539468765258789e-01 6.296731305007918778e-01
6.310162544250488281e-01 6.337667197271672492e-01 6.336881518363952637e-01 6.291633656143867936e-01
6.331186294555664062e-01 6.300381807782693411e-01 6.247130036354064941e-01 6.318392211672807512e-01
6.316425204277038574e-01 6.292444669959327275e-01 6.364015936851501465e-01 6.291965866631292759e-01
6.358472108840942383e-01 6.282384407330463549e-01 6.412022709846496582e-01 6.257288198932877687e-01
6.411701440811157227e-01 6.241341494323743300e-01 6.424546241760253906e-01 6.228402887473547533e-01
6.379495263099670410e-01 6.246449042889486991e-01 6.380713582038879395e-01 6.222947277447495873e-01
6.400071382522583008e-01 6.221920363398395493e-01 6.439156532287597656e-01 6.188293514185025934e-01
6.379048228263854980e-01 6.212302532002375033e-01 6.490294337272644043e-01 6.190318818307326554e-01
6.472088098526000977e-01 6.159902700884736237e-01 6.428720355033874512e-01 6.170127396915979778e-01
6.404991745948791504e-01 6.169525776401703077e-01 6.462116241455078125e-01 6.189875819816940128e-01
6.482823491096496582e-01 6.153173729268099912e-01 6.413066387176513672e-01 6.141334150559567551e-01
6.445249319076538086e-01 6.165399820247048357e-01 6.497599482536315918e-01 6.088008674717327873e-01
6.461352705955505371e-01 6.110690628016948178e-01 6.514297723770141602e-01 6.086631280050673887e-01
6.523975729942321777e-01 6.093599877879622984e-01 6.520559191703796387e-01 6.120354423092989604e-01
6.534711122512817383e-01 6.065447672276403912e-01 6.558129787445068359e-01 6.054107072930126066e-01
6.511898636817932129e-01 6.087281106836063271e-01 6.380713582038879395e-01 6.158258029275487377e-01
6.558418273925781250e-01 6.051015740836704904e-01 6.571696996688842773e-01 6.080900844838916797e-01
6.542315483093261719e-01 6.048395881650272532e-01 6.587351560592651367e-01 6.029142080008225157e-01
6.600465178489685059e-01 6.007387994290848132e-01 6.518472433090209961e-01 6.046206319016121933e-01
6.589729785919189453e-01 5.996558903197436452e-01 6.514297723770141602e-01 6.022783846527717255e-01
6.602701544761657715e-01 5.988477089789413510e-01 6.545606255531311035e-01 6.078487875142591923e-01
6.619251966476440430e-01 5.968805428885628483e-01 6.547693610191345215e-01 6.011119743175781238e-01
6.604043841361999512e-01 5.955864889695533515e-01 6.608223915100097656e-01 5.974698195973011661e-01
6.668008565902709961e-01 5.935651969879807144e-01 6.575871706008911133e-01 5.965682585262799265e-01
6.624172329902648926e-01 5.950660812212755779e-01 6.645793914794921875e-01 5.912635111281280276e-01
6.665324568748474121e-01 5.916370717479666475e-01 6.552911996841430664e-01 6.037635362314993648e-01
6.671587228775024414e-01 5.907025282509661412e-01 6.527864933013916016e-01 6.030064253562229526e-01
6.742261648178100586e-01 5.872992719514443793e-01 6.608223915100097656e-01 5.932360834653380710e-01
6.654589176177978516e-01 5.890599956642986745e-01 6.577958464622497559e-01 5.901156424654970811e-01
6.663535237312316895e-01 5.873814393804717149e-01 6.593613028526306152e-01 6.036497047464525201e-01
6.702451109886169434e-01 5.848301475366723956e-01 6.560217142105102539e-01 5.987405420668412415e-01
6.729736924171447754e-01 5.799759566986533166e-01 6.703193783760070801e-01 5.864032270315668871e-01
6.656378507614135742e-01 5.874715518345664522e-01 6.690670251846313477e-01 5.849148085062102487e-01
6.696189045906066895e-01 5.849528552957331540e-01 6.630139946937561035e-01 5.895834669915551718e-01
6.714528799057006836e-01 5.812838102287118947e-01 6.673972010612487793e-01 5.836920063671302561e-01
6.752102375030517578e-01 5.781570506087354566e-01 6.648924946784973145e-01 5.848931782281963088e-01
6.754786372184753418e-01 5.759238310759471347e-01 6.681277155876159668e-01 5.833648560291490037e-01
6.748971343040466309e-01 5.777351155885112055e-01 6.642663478851318359e-01 5.878801325297609015e-01
6.784308552742004395e-01 5.704930202545900331e-01 6.694844365119934082e-01 5.867113316514451782e-01
6.744945645332336426e-01 5.743400269703055061e-01 6.683364510536193848e-01 5.851597072336176542e-01
6.801306009292602539e-01 5.723530432473655782e-01 6.632227301597595215e-01 5.913019925635832896e-01
6.764627099037170410e-01 5.740211160563893911e-01 6.819035410881042480e-01 5.728147082253155498e-01
6.792807579040527344e-01 5.700873744191286008e-01 6.735545992851257324e-01 5.755131226371210662e-01
6.799964308738708496e-01 5.691571136688925447e-01 6.764767169952392578e-01 5.819970382153178967e-01
6.799964308738708496e-01 5.721600575168949154e-01 6.739720106124877930e-01 5.781884651123370134e-01
6.832170486450195312e-01 5.642505563484958575e-01 6.615529060363769531e-01 5.944927472009262637e-01
6.799516677856445312e-01 5.698096556683989178e-01 6.744938492774963379e-01 5.741621728879976461e-01
6.816961765289306641e-01 5.673922800510124986e-01 6.652055978775024414e-01 5.905571381002198139e-01
6.825460791587829590e-01 5.649893762366164918e-01 6.787726879119873047e-01 5.669214439601097943e-01
6.835748553276062012e-01 5.657825774339384495e-01 6.753287315368652344e-01 5.729066193215759384e-01
6.888083815574645996e-01 5.598212089259587687e-01 6.712586283683776855e-01 5.795828245597303141e-01
6.865271329879760742e-01 5.604416634490865246e-01 6.796075701713562012e-01 5.738866127151907026e-01
6.819645762443542480e-01 5.645725203980954676e-01 6.736589670181274414e-01 5.697429251805199435e-01
6.901950240135192871e-01 5.566211949202728437e-01 6.801294088363647461e-01 5.698728577201387369e-01
6.882268786430358887e-01 5.597476574021901241e-01 6.792945265769958496e-01 5.734601163013174352e-01
6.905975937843322754e-01 5.554071556244196683e-01 6.859737038612365723e-01 5.673863932201096416e-01
6.886294484138488770e-01 5.594647451768643975e-01 6.777290701866149902e-01 5.695240847553347807e-01
6.930577754974365234e-01 5.537214670460260946e-01 6.854518651962280273e-01 5.597894182037993493e-01
6.961889266967773438e-01 5.500530605453523014e-01 6.804425120353698730e-01 5.696445182479017433e-01
6.869744062423706055e-01 5.574104236797134959e-01 6.781465411186218262e-01 5.718893884020044283e-01
6.891662478446960449e-01 5.526113804049175293e-01 6.740763783454895020e-01 5.676349025010515303e-01
6.946681141853332520e-01 5.524828559193293298e-01 6.867042183876037598e-01 5.638707326314962298e-01
6.956521868705749512e-01 5.460443564851118481e-01 6.755374670028686523e-01 5.714673239934471294e-01
6.981570720672607422e-01 5.504854873694595696e-01 6.872260570526123047e-01 5.633378990804743802e-01
6.957863569259643555e-01 5.489102594006528557e-01 6.921311020851135254e-01 5.580250591605721011e-01
6.947128176689147949e-01 5.480378052057446325e-01 6.809642910957336426e-01 5.656077034835201856e-01
6.975308656692504883e-01 5.476031956401360423e-01 6.778334379196166992e-01 5.678880498718305025e-01
6.929236054420471191e-01 5.519691734711542619e-01 6.921311020851135254e-01 5.609012092361617130e-01
6.988728046417236328e-01 5.457240807965310081e-01 6.945314407348632812e-01 5.550131389229363554e-01
6.939971446990966797e-01 5.475237212553927257e-01 6.860780715942382812e-01 5.655776803216314708e-01
6.974861621856689453e-01 5.422571095206225600e-01 6.899394989013671875e-01 5.599690053189778638e-01
6.977545022964477539e-01 5.415090519683607440e-01 6.906700134277343750e-01 5.569030885854659996e-01
7.001699805259704590e-01 5.411691306464508910e-01 6.767898201942443848e-01 5.638102229441215307e-01
6.997674107551574707e-01 5.423923419976111049e-01 6.900438070297241211e-01 5.623024643350806873e-01
7.039721012115478516e-01 5.387691874307006801e-01 6.899394989013671875e-01 5.540493178083960579e-01
7.002146840095520020e-01 5.379540008537926354e-01 6.734502315521240234e-01 5.749337965052203625e-01
6.982018351554870605e-01 5.420267510166704161e-01 6.951575875282287598e-01 5.538893883946394148e-01
6.955179572105407715e-01 5.434319335033480636e-01 6.857649683952331543e-01 5.589667537022771082e-01
6.988728046417236328e-01 5.424552243272910967e-01 6.938008666038513184e-01 5.525677149391851062e-01
7.045983076095581055e-01 5.381152570450278283e-01 6.916092634201049805e-01 5.599331224643967486e-01
7.054034471511840820e-01 5.379969782662062938e-01 6.912961602210998535e-01 5.515571402821652924e-01
