5.496958494186401367e-01 6.970770132309167533e-01 5.743060111999511719e-01 6.774780983169450543e-01
5.697799324989318848e-01 6.787153006581122527e-01 5.623043179512023926e-01 6.777474782930189567e-01
5.747450590133666992e-01 6.754660316946085041e-01 5.563556551933288574e-01 6.815837454109096027e-01
5.831544399261474609e-01 6.712799881071540575e-01 5.719056725502014160e-01 6.736497037770529106e-01
5.886115431785583496e-01 6.676135862912362384e-01 5.926737785339355469e-01 6.657150537801967971e-01
5.937108397483825684e-01 6.654193057188899640e-01 5.917345285415649414e-01 6.655896268839428531e-01
5.938003063201904297e-01 6.651368763349120306e-01 5.864120125770568848e-01 6.662183356693158753e-01
5.925031304359436035e-01 6.650164195176931914e-01 5.954915285110473633e-01 6.634871410417845228e-01
5.946502089500427246e-01 6.636797513810780424e-01 5.983093380928039551e-01 6.642235100605223819e-01
5.935766696929931641e-01 6.656733007012123338e-01 5.904821753501892090e-01 6.622616672436246743e-01
5.874485373497009277e-01 6.657524732767863274e-01 5.863076448440551758e-01 6.693917316824129493e-01
5.961263179779052734e-01 6.621056289509895665e-01 6.040492653846740723e-01 6.615476242512109417e-01
5.952764153480529785e-01 6.622296433197959464e-01 5.891254544258117676e-01 6.655458103786850987e-01
6.003757119178771973e-01 6.612916413350019562e-01 6.054059863090515137e-01 6.595490509894913478e-01
5.967972874641418457e-01 6.616107146606438061e-01 6.022750735282897949e-01 6.604631031711573064e-01
5.977813601493835449e-01 6.608914819743173519e-01 6.054059863090515137e-01 6.575597953482874569e-01
6.003757119178771973e-01 6.586045622612329842e-01 5.993529558181762695e-01 6.612380595601343725e-01
6.022991538047790527e-01 6.590241547943889167e-01 5.929868221282958984e-01 6.682316757671720175e-01
6.005099415779113770e-01 6.601442139036519663e-01 6.105197072029113770e-01 6.580331626477855522e-01
6.013597846031188965e-01 6.586460362693922210e-01 5.934042930603027344e-01 6.662160169851851776e-01
5.997495055198669434e-01 6.585558563401520127e-01 6.073888540267944336e-01 6.564878245232076415e-01
6.022544503211975098e-01 6.569702907034313810e-01 5.997704267501831055e-01 6.591647463535570406e-01
6.050724387168884277e-01 6.548168439732017232e-01 5.954915285110473633e-01 6.639654072185469103e-01
6.040883660316467285e-01 6.561037608198881932e-01 6.034230589866638184e-01 6.552741259579070165e-01
6.073537468910217285e-01 6.527367065835455451e-01 6.055103540420532227e-01 6.537825695111293411e-01
6.051619052886962891e-01 6.545742346618059759e-01 6.058233976364135742e-01 6.537402787280217620e-01
6.095008254051208496e-01 6.517143606350404017e-01 6.054059863090515137e-01 6.545736344814598873e-01
6.071300506591796875e-01 6.519840521470317007e-01 6.174076199531555176e-01 6.518720571543423770e-01
6.078904867172241211e-01 6.525820848083939696e-01 5.994573235511779785e-01 6.585887296168447813e-01
6.113795042037963867e-01 6.502129085632573080e-01 6.054059863090515137e-01 6.553171939154155412e-01
6.128556132316589355e-01 6.502275977968252629e-01 6.053016185760498047e-01 6.494177854451772536e-01
6.110216379165649414e-01 6.482000411420628661e-01 6.086412072181701660e-01 6.463563097615601105e-01
6.159867644309997559e-01 6.465437213259874749e-01 5.966395139694213867e-01 6.536100503050243926e-01
6.112005710601806641e-01 6.481535438348876577e-01 5.993529558181762695e-01 6.543376802203799691e-01
6.158525943756103516e-01 6.458098442935414907e-01 6.105197072029113770e-01 6.521170424832801737e-01
6.176865100860595703e-01 6.454955434453659713e-01 6.188687086105346680e-01 6.453168522687078301e-01
6.168813705444335938e-01 6.457163245099071247e-01 6.152160167694091797e-01 6.469521917273669542e-01
6.163446307182312012e-01 6.429860565760071589e-01 6.131287813186645508e-01 6.449630976942480887e-01
6.233226060867309570e-01 6.420820160999048953e-01 6.168858408927917480e-01 6.427666830061075087e-01
6.229647397994995117e-01 6.405011788103912584e-01 6.207472085952758789e-01 6.430987044780096529e-01
6.204598546028137207e-01 6.419644397259355317e-01 6.155291199684143066e-01 6.422390622053582021e-01
6.241277456283569336e-01 6.362928308214605977e-01 6.146942377090454102e-01 6.395888276051390209e-01
6.257380843162536621e-01 6.366380239070517089e-01 6.274264454841613770e-01 6.350701111663336063e-01
6.254696846008300781e-01 6.344567597456280961e-01 6.228345036506652832e-01 6.351784401138002023e-01
6.268116235733032227e-01 6.335513351172192831e-01 6.160508990287780762e-01 6.378735191536905047e-01
6.277956962585449219e-01 6.340927737282605614e-01 6.308704018592834473e-01 6.368817412711413883e-01
6.278403997421264648e-01 6.328671211355123560e-01 6.313921809196472168e-01 6.332131678837621402e-01
6.291823387145996094e-01 6.284172452291706401e-01 6.199123263359069824e-01 6.351238490021868799e-01
6.242172122001647949e-01 6.316122867314968303e-01 6.329576373100280762e-01 6.295165568123628486e-01
6.311504840850830078e-01 6.266776226057010346e-01 6.275308132171630859e-01 6.259111808078370309e-01
6.280193328857421875e-01 6.281670136045611752e-01 6.310790777206420898e-01 6.275430336995803104e-01
6.327607631683349609e-01 6.245384036076262468e-01 6.358797550201416016e-01 6.243205266067514136e-01
6.377258896827697754e-01 6.216526404436425457e-01 6.265915036201477051e-01 6.248277047560772957e-01
6.341921687126159668e-01 6.237952024741726387e-01 6.258609890937805176e-01 6.359884158302463453e-01
6.380389928817749023e-01 6.214779383019826131e-01 6.245042681694030762e-01 6.259958583809492882e-01
6.380837559700012207e-01 6.196412481547554085e-01 6.207472085952758789e-01 6.316146871113523797e-01
6.369654536247253418e-01 6.240638708957385594e-01 6.293049454689025879e-01 6.235426304186592050e-01
6.432277560234069824e-01 6.145279905326380687e-01 6.328532695770263672e-01 6.212585346232474270e-01
6.440776586532592773e-01 6.134216939641529143e-01 6.362972259521484375e-01 6.196836067923073843e-01
6.400966048240661621e-01 6.165437485818082708e-01 6.378626823425292969e-01 6.210920835581384969e-01
6.449275612831115723e-01 6.125826426003695424e-01 6.340012550354003906e-01 6.175252293973096940e-01
6.471193432807922363e-01 6.083804409391744272e-01 6.416196823120117188e-01 6.170026933293430993e-01
6.486849188804626465e-01 6.059391092669667023e-01 6.284700632095336914e-01 6.471529939159225142e-01
6.504741311073303223e-01 6.101000264732243661e-01 6.174076199531555176e-01 6.374208041109289402e-01
6.447038650512695312e-01 6.079948347313157697e-01 6.420371532440185547e-01 6.152905226749061374e-01
6.540078520774841309e-01 6.030546387207275094e-01 6.423502564430236816e-01 6.172427779024315386e-01
6.499820947647094727e-01 6.068136027107129404e-01 6.446462273597717285e-01 6.074715146961702228e-01
6.511898636817932129e-01 6.030227544483035551e-01 6.500730514526367188e-01 6.105936252854358148e-01
6.537842154502868652e-01 6.006765087360259603e-01 6.475683450698852539e-01 6.032138312567103533e-01
6.496689915657043457e-01 6.012851109144661255e-01 6.402630209922790527e-01 6.117486988570042250e-01
6.588388085365295410e-01 5.981816693588539735e-01 6.482989192008972168e-01 6.042815158223339145e-01
6.539183855056762695e-01 5.988805211492590486e-01 6.422458887100219727e-01 6.087115092358144075e-01
6.600465178489685059e-01 5.946754931358430030e-01 6.498643159866333008e-01 6.021504711318528269e-01
6.586151123046875000e-01 5.961212829157969129e-01 6.515341401100158691e-01 6.051541561996780505e-01
6.556181907653808594e-01 5.959303092180157080e-01 6.472552418708801270e-01 6.053727242175782619e-01
6.561549305915832520e-01 5.949254464934647935e-01 6.403673291206359863e-01 6.105454400495904377e-01
6.587045788764953613e-01 5.944247745640014458e-01 6.526821255683898926e-01 6.008802880153006898e-01
6.608964204788208008e-01 5.904448109804399936e-01 6.535170078277587891e-01 6.041405930371802624e-01
6.633118391036987305e-01 5.891958888794105453e-01 6.469421982765197754e-01 6.022099038798682802e-01
6.628198027610778809e-01 5.906062760278862900e-01 6.587351560592651367e-01 5.954968582312365477e-01
6.668903231620788574e-01 5.886730861314017904e-01 6.539344787597656250e-01 6.047363287470480797e-01
6.652800440788269043e-01 5.844857446792023348e-01 6.653099656105041504e-01 5.878335023394111181e-01
6.689926385879516602e-01 5.813184365387529251e-01 6.515341401100158691e-01 6.064861810075492521e-01
6.658614873886108398e-01 5.845036579278996003e-01 6.495512127876281738e-01 6.057628899271516598e-01
6.670692563056945801e-01 5.844984072695309507e-01 6.576914787292480469e-01 5.922533003230404658e-01
6.715870499610900879e-01 5.811724415574522906e-01 6.518472433090209961e-01 6.182864914232045761e-01
6.668008565902709961e-01 5.874372199217734458e-01 6.564391851425170898e-01 6.003634451302026775e-01
6.678296923637390137e-01 5.853862997606372742e-01 6.599874496459960938e-01 5.918227723286262343e-01
6.705582141876220703e-01 5.781664391241382317e-01 6.572740674018859863e-01 5.916132500713590092e-01
6.726158261299133301e-01 5.787510800860737881e-01 6.634314060211181641e-01 5.878750236490727366e-01
6.771783828735351562e-01 5.718885248196660109e-01 6.600918173789978027e-01 5.922034135120592957e-01
6.691715717315673828e-01 5.840654868434592695e-01 6.551868319511413574e-01 5.903114108296829698e-01
6.748076677322387695e-01 5.759218500880100011e-01 6.601961851119995117e-01 5.935544245702393251e-01
6.752549409866333008e-01 5.734768795996962876e-01 6.547693610191345215e-01 5.997037799242418421e-01
6.699320077896118164e-01 5.801620981970121438e-01 6.572740674018859863e-01 5.947615438949785949e-01
6.733315587043762207e-01 5.751896138736399822e-01 6.469421982765197754e-01 6.030125454382317951e-01
6.732867956161499023e-01 5.733030328044185220e-01 6.624921560287475586e-01 5.838612299128679295e-01
6.757469773292541504e-01 5.758370448895016036e-01 6.539344787597656250e-01 5.973457507314823278e-01
6.756128072738647461e-01 5.722344578176304930e-01 6.612398028373718262e-01 5.949488766032652309e-01
6.741814017295837402e-01 5.739169953269979141e-01 6.589438319206237793e-01 5.955922254264989224e-01
