4.950796067714691162e-01 3.117964575767721908e+04 5.009392499923706055e-01 5.191659683804003578e+01
4.985686242580413818e-01 2.725870798926251837e+01 4.990607500076293945e-01 1.536448415859435812e+00
4.997763335704803467e-01 1.298415112098697932e+01 5.009392499923706055e-01 2.592741926088136140e+00
4.993290305137634277e-01 1.665867280030126807e+01 5.011479854583740234e-01 8.798808619802368014e+01
5.059939026832580566e-01 1.437324962971568311e+03 5.009392499923706055e-01 1.260346005299822309e+03
5.040257573127746582e-01 3.133552418744804982e+02 5.009392499923706055e-01 1.485352236939431947e+01
5.024154782295227051e-01 1.446313140042076917e+01 5.009392499923706055e-01 1.355118272125882761e+00
5.044730901718139648e-01 4.304533599642611819e+01 4.990607500076293945e-01 2.316495343285745534e+01
5.029522180557250977e-01 7.122126458049097941e+00 5.009392499923706055e-01 8.128866926411003391e+00
5.038468241691589355e-01 1.184573487216787768e+01 4.990607500076293945e-01 5.145783758790476448e+00
5.019681453704833984e-01 6.703648285333405177e+00 4.990607500076293945e-01 8.298160671267174049e-01
5.023707151412963867e-01 1.217693994330643115e+01 5.009392499923706055e-01 7.251377744123298896e+01
4.995079636573791504e-01 1.515375432228653807e+01 5.009392499923706055e-01 7.111735033655535165e-01
5.023707151412963867e-01 8.515128690487456353e+00 4.990607500076293945e-01 7.205097610630488703e-01
5.060833692550659180e-01 1.226458732460922540e+01 5.009392499923706055e-01 6.960159848463408627e-01
4.980318546295166016e-01 9.504494586439246717e+00 5.009392499923706055e-01 6.989672002850084720e-01
5.013866424560546875e-01 1.374160727628720480e+01 5.009392499923706055e-01 1.512534377719733492e+01
5.073358416557312012e-01 9.219145107288483132e+00 4.990607500076293945e-01 6.971865695345453862e-01
5.024154782295227051e-01 1.243793597701709608e+01 4.990607500076293945e-01 6.945810637103817520e-01
4.955269396305084229e-01 1.069770436400824565e+01 5.009392499923706055e-01 2.353992755117956026e+00
4.936034977436065674e-01 1.304831248256255449e+01 4.990607500076293945e-01 5.645112716636585759e+00
5.016102790832519531e-01 1.221513501397824086e+01 4.990607500076293945e-01 7.789048076148721300e+00
4.976292848587036133e-01 1.266337477779064180e+01 4.990607500076293945e-01 9.649811194898987310e+00
5.088119506835937500e-01 1.221075672095737730e+01 4.990607500076293945e-01 3.022100552465541767e+00
5.033995509147644043e-01 9.699164543281536766e+00 5.009392499923706055e-01 5.216349796421765106e+00
5.016550421714782715e-01 1.752794999320384761e+01 5.009392499923706055e-01 1.338880496700878453e+01
5.029969811439514160e-01 1.046921314206057652e+01 4.990607500076293945e-01 1.582907877195306900e+00
4.957953095436096191e-01 8.546305585662587134e+00 4.990607500076293945e-01 6.948627371599918057e-01
5.016550421714782715e-01 8.542364326694780630e+00 4.990607500076293945e-01 7.316125213316103659e-01
5.033547878265380859e-01 1.580039164580179545e+01 5.009392499923706055e-01 7.824425827309822523e+01
4.967793822288513184e-01 6.796914003065563037e+00 5.009392499923706055e-01 7.596873467462691432e-01
4.940060973167419434e-01 1.280506609935072859e+01 5.009392499923706055e-01 6.963406026773925062e-01
4.977187216281890869e-01 7.088489018797895724e+00 4.990607500076293945e-01 6.933262366463261994e-01
4.997316300868988037e-01 1.884262508764998856e+01 5.009392499923706055e-01 4.339553481714881400e+01
5.019681453704833984e-01 9.698252800944709762e+00 5.009392499923706055e-01 8.468860429553988922e+01
4.970925152301788330e-01 1.468886279668422290e+01 5.009392499923706055e-01 7.116246465675220012e-01
4.992842972278594971e-01 1.035663508917782494e+01 5.009392499923706055e-01 6.954614408850744445e-01
4.962873458862304688e-01 7.048010252694747457e+00 5.009392499923706055e-01 1.386427778113836418e+01
4.962873458862304688e-01 1.312986918531476910e+01 5.009392499923706055e-01 1.771453160966918006e+01
5.041152238845825195e-01 9.334091435723962604e+00 4.990607500076293945e-01 6.969264072407463928e-01
4.980318546295166016e-01 1.070489735961877464e+01 4.990607500076293945e-01 6.933313986250364547e-01
5.044283270835876465e-01 1.368740108708913894e+01 4.990607500076293945e-01 7.165278794993888978e-01
5.010288357734680176e-01 1.191000379167402556e+01 5.009392499923706055e-01 6.939937626486952782e-01
4.949454367160797119e-01 9.000021450580137028e+00 5.009392499923706055e-01 7.957031368661887649e-01
5.033547878265380859e-01 1.691604081367333023e+01 5.009392499923706055e-01 1.293347451642569368e+01
4.996868968009948730e-01 1.209233065482477620e+01 5.009392499923706055e-01 8.594525031669233428e+00
5.005815029144287109e-01 1.188202036231206904e+01 5.009392499923706055e-01 1.187201396788467989e+01
4.930219948291778564e-01 1.282051887239618893e+01 5.009392499923706055e-01 7.068933214431664114e-01
4.990159273147583008e-01 1.129100028129911415e+01 4.990607500076293945e-01 6.934457513739136214e-01
4.958847761154174805e-01 8.449675809560680761e+00 5.009392499923706055e-01 6.937518203415270479e-01
5.016550421714782715e-01 1.779446770539542300e+01 4.990607500076293945e-01 3.105359044888153264e+01
4.981660544872283936e-01 1.186541850427370548e+01 4.990607500076293945e-01 1.271365636277363009e+01
4.999552667140960693e-01 1.263986532238946481e+01 4.990607500076293945e-01 5.566228911066025020e+00
5.000447034835815430e-01 1.183529929667684577e+01 4.990607500076293945e-01 1.524402896846866007e+01
4.984344244003295898e-01 1.187772866525255822e+01 4.990607500076293945e-01 1.900957681943120647e+00
5.038915872573852539e-01 5.815974839707567234e+00 5.009392499923706055e-01 6.934997436149810124e-01
4.957058429718017578e-01 1.257486745578100695e+01 5.009392499923706055e-01 6.960592172484735274e-01
5.001789331436157227e-01 1.206686035515818745e+01 5.009392499923706055e-01 7.027047449426246928e-01
4.998658001422882080e-01 1.212932831018038016e+01 5.009392499923706055e-01 1.088561455972058809e+02
4.973608851432800293e-01 1.590441055747045951e+01 4.990607500076293945e-01 6.932023195229102264e-01
4.995526969432830811e-01 1.149528573830154521e+01 5.009392499923706055e-01 7.276343843778173337e+00
5.029075145721435547e-01 1.072572906457966191e+01 5.009392499923706055e-01 6.980468759430248360e-01
5.015208721160888672e-01 1.148126053908234212e+01 4.990607500076293945e-01 4.387387733025532199e+00
5.036231875419616699e-01 1.193576457415567305e+01 4.990607500076293945e-01 1.389608190055183101e+01
4.919931888580322266e-01 1.301251033261501000e+01 4.990607500076293945e-01 7.609023312939106276e+00
5.050098299980163574e-01 1.205495982597543581e+01 4.990607500076293945e-01 1.420509169659567839e+01
4.963768124580383301e-01 1.239473324927730857e+01 4.990607500076293945e-01 3.290798125200345314e+00
5.031311511993408203e-01 1.213693827937766478e+01 4.990607500076293945e-01 7.352289499233272130e-01
4.940955340862274170e-01 1.273462568342120527e+01 4.990607500076293945e-01 3.028502985670232572e+00
5.063517689704895020e-01 1.467832076133609220e+01 5.009392499923706055e-01 2.785676483469998743e+00
4.984344244003295898e-01 1.161039560548007943e+00 5.009392499923706055e-01 2.782895988921386561e+02
4.988817274570465088e-01 8.843154809869110622e+00 4.990607500076293945e-01 3.280853124631269768e+00
5.020129084587097168e-01 1.934185654384587849e+01 5.009392499923706055e-01 6.945745817456955296e-01
4.962873458862304688e-01 8.692119142582173552e+00 5.009392499923706055e-01 6.938936512297564363e-01
4.976292848587036133e-01 1.628517279700231413e+01 4.990607500076293945e-01 6.933562939337712949e-01
5.002236366271972656e-01 1.097871206821578838e+01 4.990607500076293945e-01 6.986236541163222125e-01
5.030864477157592773e-01 1.798842107897731424e+01 5.009392499923706055e-01 1.005609939681092690e+01
4.985238909721374512e-01 1.149990361388242910e+01 5.009392499923706055e-01 1.423147270610302106e+00
4.936929643154144287e-01 5.564843411393574080e+00 5.009392499923706055e-01 7.311412604580192465e+01
4.966004788875579834e-01 1.654128608285132884e+01 4.990607500076293945e-01 6.964835496069220477e-01
5.013419389724731445e-01 9.682841898610497822e+00 5.009392499923706055e-01 2.899143893343997913e+00
4.990159273147583008e-01 1.174728583129238579e+01 4.990607500076293945e-01 8.336326782650152367e+00
4.992842972278594971e-01 1.193870531755475639e+01 4.990607500076293945e-01 2.230519474565398141e+01
4.940060973167419434e-01 1.446345842690859529e+00 4.990607500076293945e-01 5.166786745231053857e+00
4.949007034301757812e-01 2.122590650687129710e+01 5.009392499923706055e-01 2.831846575895248463e+01
5.036678910255432129e-01 1.226931726491009833e+01 4.990607500076293945e-01 7.048473765720183470e-01
5.035784840583801270e-01 1.289088374126744618e+01 4.990607500076293945e-01 6.932254031166804609e-01
5.008946061134338379e-01 1.190987156630415633e+01 4.990607500076293945e-01 6.955866622442095082e-01
4.949007034301757812e-01 1.414482639965931732e+01 5.009392499923706055e-01 6.941069643225258323e-01
5.005815029144287109e-01 1.002559353771395756e+01 5.009392499923706055e-01 7.151832293926662087e-01
4.991501271724700928e-01 1.115548414288404899e+01 4.990607500076293945e-01 7.414214871069554347e-01
5.054571628570556641e-01 1.549659257102341137e+01 5.009392499923706055e-01 7.034423855271176862e-01
4.983002245426177979e-01 7.123722625474081527e-01 5.009392499923706055e-01 8.254582813377794315e-01
5.006262063980102539e-01 1.128941533790118434e+01 5.009392499923706055e-01 7.169967807924242376e-01
4.976292848587036133e-01 2.185495377559528762e+01 4.990607500076293945e-01 1.695528637952332929e+01
5.007156729698181152e-01 1.171751340895779236e+01 5.009392499923706055e-01 6.689543575266163167e+00
5.018786787986755371e-01 1.260027545004800409e+01 5.009392499923706055e-01 1.409736226013572136e+01
5.125693082809448242e-01 1.240093772947564332e+01 5.009392499923706055e-01 7.715470455653780313e+00
4.969583153724670410e-01 1.244248374397030688e+01 5.009392499923706055e-01 1.289381514429623010e+01
4.974950850009918213e-01 1.323465013017720970e+01 4.990607500076293945e-01 2.091740103609948775e+00
