5.613705515861511230e-01 6.796784562295867804e-01 5.856814980506896973e-01 6.691158130233110235e-01
5.832886099815368652e-01 6.670858189210330247e-01 5.972657203674316406e-01 6.633521241674938951e-01
5.892825126647949219e-01 6.614366864705900628e-01 6.032143831253051758e-01 6.573043827397468952e-01
6.014492511749267578e-01 6.568830366807795196e-01 6.037361621856689453e-01 6.553382383112468235e-01
6.080694198608398438e-01 6.535927305858876268e-01 6.184512376785278320e-01 6.483722202615135322e-01
6.145553588867187500e-01 6.491832894190284753e-01 6.010227799415588379e-01 6.540526578630890819e-01
6.081588864326477051e-01 6.504980575038017410e-01 6.146942377090454102e-01 6.436489946756102087e-01
6.180443763732910156e-01 6.431298290367181147e-01 6.193905472755432129e-01 6.415246132519418776e-01
6.168813705444335938e-01 6.431398509034617073e-01 6.099979281425476074e-01 6.429068946908048643e-01
6.182233095169067383e-01 6.406204406232691717e-01 6.234606504440307617e-01 6.425558953413608165e-01
6.156736612319946289e-01 6.387521855987703390e-01 6.170945763587951660e-01 6.385204853356643007e-01
6.246645450592041016e-01 6.365078063253469809e-01 6.163640022277832031e-01 6.402721311224449652e-01
6.170155405998229980e-01 6.378931042162201415e-01 6.236693859100341797e-01 6.385107792461374165e-01
6.244856119155883789e-01 6.341457740632168161e-01 6.262784600257873535e-01 6.313993892125261409e-01
6.312399506568908691e-01 6.307133622407529172e-01 6.269046068191528320e-01 6.297321631474973591e-01
6.306136846542358398e-01 6.310035027743537972e-01 6.154247522354125977e-01 6.416475325356294501e-01
6.283771991729736328e-01 6.309066028559990880e-01 6.306616663932800293e-01 6.272827022833556976e-01
6.307926177978515625e-01 6.240484189594723841e-01 6.275308132171630859e-01 6.241887559773304783e-01
6.351762413978576660e-01 6.233285375540660311e-01 6.295136809349060059e-01 6.232601520139821050e-01
6.303005814552307129e-01 6.270050290957996930e-01 6.299310922622680664e-01 6.288023725528354424e-01
6.355788111686706543e-01 6.200813024430950060e-01 6.386975646018981934e-01 6.204040166580758742e-01
6.340579986572265625e-01 6.241038701021942581e-01 6.299310922622680664e-01 6.237696524801992215e-01
6.400071382522583008e-01 6.192350294577625425e-01 6.359841227531433105e-01 6.187716917811493245e-01
6.435408592224121094e-01 6.144163682776884183e-01 6.429764032363891602e-01 6.146007380264583153e-01
6.392914652824401855e-01 6.148757049725550594e-01 6.334794163703918457e-01 6.173742831288288047e-01
6.422884464263916016e-01 6.166023612875570770e-01 6.421415209770202637e-01 6.197988715009583593e-01
6.438092589378356934e-01 6.141694307668539299e-01 6.380713582038879395e-01 6.181928247580371627e-01
6.424226164817810059e-01 6.131019766438644547e-01 6.385931968688964844e-01 6.144209071679693768e-01
6.464931368827819824e-01 6.086292778001656245e-01 6.384888291358947754e-01 6.157458416730370310e-01
6.469404101371765137e-01 6.092575742746640932e-01 6.472552418708801270e-01 6.097375855667808153e-01
6.486849188804626465e-01 6.056214713905253566e-01 6.374452114105224609e-01 6.134102961709021473e-01
6.460905075073242188e-01 6.066080311859500807e-01 6.451680064201354980e-01 6.116646313761848752e-01
6.522634029388427734e-01 6.041145421221977285e-01 6.433938741683959961e-01 6.061773241200743012e-01
6.488190889358520508e-01 6.068316458439992900e-01 6.416196823120117188e-01 6.130691969775377004e-01
6.528001427650451660e-01 6.008333540662368355e-01 6.468378305435180664e-01 6.053319266857122294e-01
6.494005918502807617e-01 6.048065681409742211e-01 6.482989192008972168e-01 6.093863549149874936e-01
6.537395119667053223e-01 5.988971788931413132e-01 6.436026096343994141e-01 6.076022517305404991e-01
6.518607735633850098e-01 5.988371653662616367e-01 6.476727128028869629e-01 6.016454242435782529e-01
6.558865904808044434e-01 5.961173388031860698e-01 6.404716968536376953e-01 6.119217859058980746e-01
6.529790759086608887e-01 5.981495450468262698e-01 6.534126400947570801e-01 6.029208715662183193e-01
6.552156209945678711e-01 5.945867366580891433e-01 6.494469046592712402e-01 6.037264710004134338e-01
6.590177416801452637e-01 5.921124226506483401e-01 6.488206982612609863e-01 6.045634867975294702e-01
6.548130512237548828e-01 5.957305591975369241e-01 6.491338014602661133e-01 6.032137059264679468e-01
6.617015600204467773e-01 5.915188309885688334e-01 6.428720355033874512e-01 6.035818554145312431e-01
6.628198027610778809e-01 5.899577900876639136e-01 6.379670500755310059e-01 6.189393487735024291e-01
6.604043841361999512e-01 5.924827765855363859e-01 6.541432142257690430e-01 6.010370940386788874e-01
6.608069539070129395e-01 5.887035579689074982e-01 6.571696996688842773e-01 5.970767841187829550e-01
6.662193536758422852e-01 5.829959490214334794e-01 6.583176851272583008e-01 5.920527695464928852e-01
6.662193536758422852e-01 5.835141279676515635e-01 6.506991982460021973e-01 6.014848116966459157e-01
6.669797897338867188e-01 5.857937337141126966e-01 6.586307883262634277e-01 5.946435689229453425e-01
6.662193536758422852e-01 5.869301267889408535e-01 6.662492156028747559e-01 5.906759431331796151e-01
6.714528799057006836e-01 5.803445036071296359e-01 6.609267592430114746e-01 5.967442839311374314e-01
6.673823595046997070e-01 5.830240998184517132e-01 6.559173464775085449e-01 5.984947205809058035e-01
6.618357300758361816e-01 5.848291463407426782e-01 6.613441705703735352e-01 5.900249785133852010e-01
6.693952679634094238e-01 5.806612936450918916e-01 6.520559191703796387e-01 5.984364720630984680e-01
6.710055470466613770e-01 5.789271990778109833e-01 6.660404801368713379e-01 5.927347405000111813e-01
6.723921895027160645e-01 5.786111135882925360e-01 6.586307883262634277e-01 5.978667275737904463e-01
6.769994497299194336e-01 5.766031261014263887e-01 6.654143333435058594e-01 5.852645570165402322e-01
6.742261648178100586e-01 5.756257297976069554e-01 6.629096269607543945e-01 5.896560273795504736e-01
6.694846749305725098e-01 5.814563981918086100e-01 6.616572737693786621e-01 5.889366485459947009e-01
6.760153770446777344e-01 5.732594252293897741e-01 6.665623188018798828e-01 5.866532331840700332e-01
6.759706735610961914e-01 5.698363037756931648e-01 6.705280542373657227e-01 5.831972774397329307e-01
6.752102375030517578e-01 5.710236326401253448e-01 6.523690223693847656e-01 5.946406684497084205e-01
6.785203218460083008e-01 5.699336812777304750e-01 6.668753623962402344e-01 5.848916978160266789e-01
6.752102375030517578e-01 5.748219898506788939e-01 6.640576124191284180e-01 5.850075579366363909e-01
6.820540428161621094e-01 5.694989556488996296e-01 6.710498929023742676e-01 5.820661844427912346e-01
6.762390136718750000e-01 5.698043205141274381e-01 6.719891428947448730e-01 5.797585274575522973e-01
6.799516677856445312e-01 5.664944729793901512e-01 6.700062751770019531e-01 5.874478727162344427e-01
6.859903335571289062e-01 5.632790380182025602e-01 6.749113202095031738e-01 5.797719741210984878e-01
6.812041401863098145e-01 5.648372986594387690e-01 6.659361124038696289e-01 5.837858262054110847e-01
6.782966256141662598e-01 5.699437762398821272e-01 6.672928333282470703e-01 5.770162665204497943e-01
6.839327216148376465e-01 5.605993472755562701e-01 6.754330992698669434e-01 5.773776623954406384e-01
6.874217391014099121e-01 5.567866327468686816e-01 6.742851138114929199e-01 5.779362308334592413e-01
6.807121038436889648e-01 5.636846813794686994e-01 6.683364510536193848e-01 5.823837026527594052e-01
6.845142245292663574e-01 5.620819614214682680e-01 6.758505702018737793e-01 5.725671312700008064e-01
6.876006722450256348e-01 5.559482342827019030e-01 6.771029233932495117e-01 5.683556386683484840e-01
6.896582841873168945e-01 5.557824370792373569e-01 6.620747447013854980e-01 5.914996492666134698e-01
6.806674003601074219e-01 5.646133864154156967e-01 6.706324219703674316e-01 5.815385805368672445e-01
6.874217391014099121e-01 5.593531016992913107e-01 6.760593056678771973e-01 5.727417709881665875e-01
6.903291940689086914e-01 5.493844865494197371e-01 6.762679815292358398e-01 5.751296393409996988e-01
6.887189149856567383e-01 5.542388919279003234e-01 6.693800687789916992e-01 5.793669424955741887e-01
6.877348423004150391e-01 5.587539355258733798e-01 6.778334379196166992e-01 5.693204748782303426e-01
6.879584789276123047e-01 5.530866680023259763e-01 6.810686588287353516e-01 5.680997052687341009e-01
6.897924542427062988e-01 5.517866170924642377e-01 6.811730265617370605e-01 5.653906802224406558e-01
6.942655444145202637e-01 5.468288648638278682e-01 6.810686588287353516e-01 5.686299429634522618e-01
6.914027333259582520e-01 5.478154031593485129e-01 6.778334379196166992e-01 5.706458977656682086e-01
6.943997144699096680e-01 5.481310377054424698e-01 6.813817620277404785e-01 5.678900240408655264e-01
6.943550109863281250e-01 5.486719601054933504e-01 6.759549379348754883e-01 5.772180383077520904e-01
6.924315690994262695e-01 5.495557719873259694e-01 6.744938492774963379e-01 5.765269865722950637e-01
6.920737028121948242e-01 5.504394738101259232e-01 6.808599233627319336e-01 5.702642400437420989e-01
6.871980428695678711e-01 5.532119969686896122e-01 6.850344538688659668e-01 5.709577347858543206e-01
6.958311200141906738e-01 5.462837773319390022e-01 6.865998506546020508e-01 5.675443145010073964e-01
6.952943205833435059e-01 5.447241815263970111e-01 6.823210120201110840e-01 5.721180542006519820e-01
6.968598961830139160e-01 5.403447064693892576e-01 6.824253797531127930e-01 5.644390989857759333e-01
6.948470473289489746e-01 5.451510775428399791e-01 6.865998506546020508e-01 5.646979462326605637e-01
7.001252174377441406e-01 5.421293658356181044e-01 6.838864684104919434e-01 5.586725203559483877e-01
6.929236054420471191e-01 5.454832665991496965e-01 6.882696747779846191e-01 5.571694712478615363e-01
6.980676054954528809e-01 5.394538412006240069e-01 6.845126152038574219e-01 5.675739006990183633e-01
6.949364542961120605e-01 5.450942069158760672e-01 6.795032620429992676e-01 5.674869070419362727e-01
7.007961869239807129e-01 5.374546657096594959e-01 6.920267343521118164e-01 5.621664143509368383e-01
