5.183843374252319336e-01 7.016096062855593507e-01 5.609475970268249512e-01 6.820323494251524510e-01
5.514850616455078125e-01 6.864075897460462095e-01 5.794197320938110352e-01 6.762602156075971926e-01
5.656647086143493652e-01 6.797308635788454900e-01 5.678355097770690918e-01 6.776307064490137977e-01
5.645911693572998047e-01 6.779560699597692031e-01 5.658526420593261719e-01 6.729571723510019421e-01
5.715691447257995605e-01 6.754986426232645336e-01 5.584428906440734863e-01 6.816501180629495060e-01
5.776972770690917969e-01 6.738328776199161707e-01 5.750365257263183594e-01 6.705052456510413039e-01
5.762211680412292480e-01 6.733360784513234831e-01 5.713838338851928711e-01 6.717965681750449614e-01
5.766237378120422363e-01 6.718952252349096321e-01 5.854727625846862793e-01 6.701109484600090704e-01
5.809178948402404785e-01 6.700620249081733482e-01 5.863076448440551758e-01 6.700512491146375371e-01
5.833780765533447266e-01 6.689764597928252732e-01 5.849509239196777344e-01 6.682114451594901583e-01
5.846752524375915527e-01 6.704039767552497642e-01 5.896472334861755371e-01 6.696208274406770800e-01
5.855698585510253906e-01 6.683641753932149099e-01 5.846378803253173828e-01 6.694339030322936646e-01
5.844068527221679688e-01 6.679754976105191089e-01 5.769150257110595703e-01 6.686362982965714519e-01
5.863302946090698242e-01 6.673443127262889130e-01 5.854727625846862793e-01 6.669852567898458817e-01
5.870459675788879395e-01 6.667795073774893666e-01 5.842204093933105469e-01 6.661092673430883959e-01
5.876722335815429688e-01 6.663073701452411068e-01 5.964307785034179688e-01 6.653734045470589553e-01
5.857040882110595703e-01 6.666724299100499351e-01 5.883948802947998047e-01 6.661246539008216505e-01
5.864197611808776855e-01 6.653503002410584566e-01 5.994573235511779785e-01 6.652908036689424431e-01
5.874038338661193848e-01 6.662790182132075634e-01 5.950741171836853027e-01 6.672289526256034442e-01
5.891035795211791992e-01 6.644397369009541476e-01 5.433103442192077637e-01 6.859054075131408856e-01
5.859724283218383789e-01 6.663118876312857930e-01 5.872468948364257812e-01 6.649826159185617813e-01
5.901771187782287598e-01 6.643026323646099573e-01 5.939261317253112793e-01 6.638639536313984957e-01
5.963499546051025391e-01 6.631582671658770023e-01 5.950741171836853027e-01 6.626263625361530352e-01
5.931293368339538574e-01 6.630238741236352817e-01 5.940304994583129883e-01 6.639592989678921864e-01
5.932188034057617188e-01 6.641124086039589258e-01 5.859946012496948242e-01 6.667975357618393106e-01
5.903560519218444824e-01 6.624592014322299161e-01 5.822375416755676270e-01 6.645329961993703405e-01
5.903560519218444824e-01 6.634207542157168902e-01 5.958046317100524902e-01 6.640700113920149361e-01
5.927267670631408691e-01 6.625203510733361778e-01 5.899603366851806641e-01 6.623119125782236383e-01
5.940240025520324707e-01 6.622516541238717691e-01 6.015445590019226074e-01 6.619683091935572028e-01
5.920557975769042969e-01 6.623500945274167773e-01 5.946566462516784668e-01 6.621646804716013746e-01
5.893272757530212402e-01 6.611670047274044171e-01 6.027969121932983398e-01 6.600954033865159554e-01
5.913848876953125000e-01 6.617510335499580121e-01 5.962221026420593262e-01 6.612997775509770193e-01
5.967525243759155273e-01 6.602721130257109827e-01 6.025881767272949219e-01 6.601999015381131430e-01
5.934424996376037598e-01 6.619018264972026389e-01 6.038405299186706543e-01 6.609199367816600557e-01
5.944265723228454590e-01 6.598736663414127568e-01 5.998747944831848145e-01 6.593629623275538698e-01
5.960368514060974121e-01 6.590605302751970651e-01 5.951784849166870117e-01 6.628213242657422510e-01
5.919216275215148926e-01 6.598281445603908502e-01 6.005009412765502930e-01 6.573006355471363582e-01
5.939792394638061523e-01 6.583086727748597156e-01 5.962221026420593262e-01 6.616847588383462098e-01
5.948738455772399902e-01 6.586932137989789382e-01 6.007096767425537109e-01 6.583083450010439597e-01
5.974234938621520996e-01 6.569709766634164172e-01 5.891254544258117676e-01 6.602585860991672106e-01
5.938003063201904297e-01 6.584076520837383040e-01 6.017532944679260254e-01 6.581226022351487348e-01
5.981839299201965332e-01 6.573320735351922961e-01 5.884992480278015137e-01 6.602835222764593670e-01
6.016281843185424805e-01 6.577792383409138965e-01 6.029012799263000488e-01 6.567590001280834144e-01
5.994811058044433594e-01 6.582050120751617994e-01 6.030056476593017578e-01 6.565451553459581424e-01
5.997495055198669434e-01 6.561797385694387863e-01 6.086412072181701660e-01 6.568106296688995815e-01
5.961263179779052734e-01 6.567858822722408840e-01 5.983093380928039551e-01 6.576167198741293962e-01
5.989443659782409668e-01 6.565217673831856837e-01 6.007096767425537109e-01 6.607406681177636631e-01
5.979602932929992676e-01 6.558003923423304515e-01 6.024838089942932129e-01 6.564462341040068205e-01
5.980049967765808105e-01 6.558455038868393761e-01 6.081193685531616211e-01 6.542195183104648759e-01
6.020755171775817871e-01 6.534551861973392217e-01 6.047797799110412598e-01 6.542675190966205090e-01
5.993021726608276367e-01 6.548280504036085858e-01 6.022750735282897949e-01 6.572310310070959005e-01
6.025227904319763184e-01 6.535851824132161703e-01 6.095804572105407715e-01 6.537346248461493037e-01
6.020307540893554688e-01 6.530587561635173843e-01 6.006053090095520020e-01 6.551775828803214630e-01
6.034174561500549316e-01 6.526322981969553405e-01 5.968482494354248047e-01 6.549232264098532319e-01
6.026122570037841797e-01 6.532156954918207914e-01 6.085368394851684570e-01 6.518593516859374493e-01
6.027017235755920410e-01 6.525383735731135060e-01 6.116676926612854004e-01 6.519706572577640413e-01
6.015387177467346191e-01 6.526085356626000200e-01 6.071801185607910156e-01 6.527679227657990912e-01
6.012703776359558105e-01 6.527147192416666854e-01 5.992485880851745605e-01 6.534945460207849388e-01
6.033279895782470703e-01 6.517792385365459573e-01 6.085368394851684570e-01 6.522392448441416413e-01
6.054750680923461914e-01 6.508487556419638720e-01 6.121895313262939453e-01 6.503649877372252863e-01
6.021649837493896484e-01 6.527948555376431594e-01 6.103109717369079590e-01 6.510741430243578431e-01
6.041331291198730469e-01 6.515338806607766653e-01 6.072844862937927246e-01 6.515635536648092252e-01
6.054750680923461914e-01 6.510412656550630395e-01 6.113546490669250488e-01 6.510631593974143261e-01
6.034621596336364746e-01 6.500400731166416923e-01 6.101022958755493164e-01 6.514269197890365515e-01
6.086509227752685547e-01 6.494392929253754998e-01 6.145898699760437012e-01 6.509568586003130486e-01
6.070406436920166016e-01 6.500783742252670416e-01 6.198079586029052734e-01 6.493022075477707933e-01
6.033726930618286133e-01 6.498289297253698749e-01 6.103109717369079590e-01 6.525603870314413690e-01
6.084272861480712891e-01 6.487363564411414707e-01 5.902734398841857910e-01 6.623744586518800492e-01
6.081588864326477051e-01 6.490971152653184362e-01 6.089543104171752930e-01 6.501480218165355263e-01
6.067722439765930176e-01 6.489482582799221966e-01 6.071801185607910156e-01 6.484930306032340441e-01
6.091876626014709473e-01 6.483001450473623306e-01 6.159465909004211426e-01 6.480611091465273699e-01
6.063249111175537109e-01 6.484603446398892190e-01 6.116676926612854004e-01 6.472040861440685466e-01
6.109769344329833984e-01 6.465169719899782619e-01 6.162596344947814941e-01 6.458378026490917412e-01
6.070406436920166016e-01 6.466184480178759353e-01 6.159465909004211426e-01 6.473153139723289984e-01
6.088298559188842773e-01 6.467464033212318997e-01 6.152160167694091797e-01 6.460364104262773521e-01
6.076668500900268555e-01 6.473770233850655309e-01 6.086412072181701660e-01 6.496463440773855291e-01
6.090534925460815430e-01 6.456180022598528856e-01 6.155291199684143066e-01 6.475018356792415775e-01
6.120504736900329590e-01 6.462252800399362895e-01 6.120851635932922363e-01 6.446587447706082497e-01
6.112452745437622070e-01 6.459877651393424181e-01 6.137549281120300293e-01 6.468555967212096247e-01
6.106190681457519531e-01 6.455994488024545674e-01 6.103109717369079590e-01 6.463082894804184075e-01
6.098139286041259766e-01 6.442429501610634768e-01 6.133375167846679688e-01 6.490845217184243454e-01
6.078904867172241211e-01 6.460776889360447806e-01 6.105197072029113770e-01 6.426012914008074617e-01
6.121846437454223633e-01 6.448682574770236986e-01 6.118764281272888184e-01 6.466174751202912185e-01
6.167024374008178711e-01 6.427592295699393610e-01 6.158422231674194336e-01 6.422236953416663452e-01
6.138843894004821777e-01 6.444757928104302147e-01 6.123982667922973633e-01 6.444421172813841192e-01
6.134818196296691895e-01 6.440301975723583539e-01 6.153203845024108887e-01 6.448601358147360019e-01
6.111558675765991211e-01 6.429656768531956113e-01 6.153203845024108887e-01 6.469481974323864071e-01
6.110664010047912598e-01 6.443598691989279592e-01 6.136506199836730957e-01 6.442346249908625921e-01
6.133923530578613281e-01 6.428448115484640679e-01 6.138592958450317383e-01 6.462904323468598999e-01
6.125425100326538086e-01 6.414193742111855556e-01 6.154247522354125977e-01 6.438468971000635976e-01
6.138843894004821777e-01 6.401456780671689328e-01 6.190774440765380859e-01 6.406188466384201696e-01
6.153605580329895020e-01 6.424188457974638888e-01 6.089543104171752930e-01 6.419366155977513921e-01
6.141975522041320801e-01 6.420758307182761193e-01 6.037361621856689453e-01 6.577981988987079420e-01
6.142870187759399414e-01 6.413341029361356860e-01 6.021707653999328613e-01 6.480817728738300643e-01
6.138396859169006348e-01 6.408721325350140718e-01 6.121895313262939453e-01 6.428360439770108847e-01
6.112452745437622070e-01 6.403093195213233058e-01 6.151116490364074707e-01 6.399549281042270499e-01
6.165682673454284668e-01 6.393605772039931967e-01 6.203297972679138184e-01 6.368451481247664470e-01
6.105743646621704102e-01 6.410578073382825481e-01 6.160508990287780762e-01 6.427518339352178423e-01
6.158525943756103516e-01 6.396729825412806880e-01 6.202254295349121094e-01 6.398739224434695227e-01
6.171497702598571777e-01 6.388509169228923090e-01 6.125026345252990723e-01 6.435253328780395909e-01
