4.980318546295166016e-01 7.377118836534451995e-01 4.987476468086242676e-01 7.159514874810840590e-01
4.991501271724700928e-01 7.374123730969185386e-01 4.986432790756225586e-01 7.151722023965321196e-01
4.997316300868988037e-01 7.358225669560524151e-01 4.986432790756225586e-01 7.144585083606371789e-01
4.988369941711425781e-01 7.332760915280156500e-01 4.986432790756225586e-01 7.137766926329909278e-01
4.968241155147552490e-01 7.352971060691099181e-01 4.986432790756225586e-01 7.131082230210428197e-01
5.041152238845825195e-01 7.324284813147705631e-01 4.986432790756225586e-01 7.124579002179922682e-01
4.973161518573760986e-01 7.327478018679800531e-01 4.986432790756225586e-01 7.118246196282230764e-01
4.956163763999938965e-01 7.342224093045760513e-01 4.986432790756225586e-01 7.112378663420553249e-01
4.954374730587005615e-01 7.337090637415546457e-01 4.986432790756225586e-01 7.106559197207478196e-01
4.987475275993347168e-01 7.307390335272070381e-01 4.988520145416259766e-01 7.100899732951405641e-01
4.991948604583740234e-01 7.297635476540998978e-01 4.984345734119415283e-01 7.095554434439504954e-01
4.993737637996673584e-01 7.288641207524031440e-01 4.985389411449432373e-01 7.090294434391762879e-01
4.975845515727996826e-01 7.303160719185571859e-01 4.986432790756225586e-01 7.085226713379397800e-01
4.964215457439422607e-01 7.276010374452116514e-01 4.987476468086242676e-01 7.080491970337350338e-01
4.973161518573760986e-01 7.270961502174675406e-01 4.987476468086242676e-01 7.075832067638716527e-01
4.961531460285186768e-01 7.285719793519855880e-01 4.987476468086242676e-01 7.071183316520001094e-01
4.962426126003265381e-01 7.281563070853167563e-01 4.985389411449432373e-01 7.066879918271229410e-01
4.953927397727966309e-01 7.278031574995109665e-01 4.985389411449432373e-01 7.062438523388685496e-01
4.984791576862335205e-01 7.275741209303848711e-01 4.986432790756225586e-01 7.058387214593563330e-01
5.027732849121093750e-01 7.240767981140531218e-01 4.986432790756225586e-01 7.054478701035330479e-01
4.933798611164093018e-01 7.276338747520739725e-01 4.991650879383087158e-01 7.050634070319587998e-01
4.972266852855682373e-01 7.269352170793543788e-01 4.991650879383087158e-01 7.046991533064638213e-01
4.949454367160797119e-01 7.270086146697820606e-01 4.991650879383087158e-01 7.043411378645493270e-01
4.939166307449340820e-01 7.245615509802422194e-01 4.992694556713104248e-01 7.040021812410699464e-01
4.960637092590332031e-01 7.252565329798774663e-01 4.992694556713104248e-01 7.036853226259789373e-01
5.007156729698181152e-01 7.223122370415839821e-01 4.992694556713104248e-01 7.033767779071006254e-01
4.990159273147583008e-01 7.222700985840083687e-01 4.988520145416259766e-01 7.030648363828410075e-01
4.990606606006622314e-01 7.221993531816481848e-01 4.988520145416259766e-01 7.027644544024975737e-01
4.952138066291809082e-01 7.238592130379806200e-01 4.989563822746276855e-01 7.024910619800809330e-01
5.004920363426208496e-01 7.224932628318648797e-01 4.992694556713104248e-01 7.022239016829689984e-01
5.023260116577148438e-01 7.198284285975858898e-01 4.986432790756225586e-01 7.019701523936086041e-01
5.003131031990051270e-01 7.201813469954351232e-01 4.978083968162536621e-01 7.017364700884093365e-01
4.972714185714721680e-01 7.205816900544568249e-01 4.983302056789398193e-01 7.014900704336872739e-01
5.036678910255432129e-01 7.183205825119203247e-01 4.970778524875640869e-01 7.012654637971916793e-01
5.002236366271972656e-01 7.209713021871505534e-01 4.970778524875640869e-01 7.010426603536022983e-01
5.009840726852416992e-01 7.186428751175935048e-01 4.971822202205657959e-01 7.008258536025692154e-01
5.009840726852416992e-01 7.185040099673288827e-01 4.967647790908813477e-01 7.006189442332814155e-01
5.046520233154296875e-01 7.169018335004551101e-01 4.956167936325073242e-01 7.004202213150004797e-01
4.969135820865631104e-01 7.198632976880416923e-01 4.955124258995056152e-01 7.002283412488062853e-01
4.967793822288513184e-01 7.208192475176088410e-01 4.941557049751281738e-01 7.000419365491331591e-01
4.983896911144256592e-01 7.180337005575305742e-01 4.937382638454437256e-01 6.998672015954099379e-01
4.958847761154174805e-01 7.205903061410142696e-01 4.937382638454437256e-01 6.996828294875253595e-01
4.961531460285186768e-01 7.197237750097088549e-01 4.940513372421264648e-01 6.995156100562160972e-01
5.026391148567199707e-01 7.168889939731680760e-01 4.942600727081298828e-01 6.993625468213482410e-01
5.032206177711486816e-01 7.169097091200783423e-01 4.894593954086303711e-01 6.992058862079237880e-01
4.973161518573760986e-01 7.182608634249472157e-01 4.896681308746337891e-01 6.990576046440253322e-01
4.959742426872253418e-01 7.178133803331951945e-01 4.893550276756286621e-01 6.989256919263873158e-01
4.995526969432830811e-01 7.175696881241012681e-01 4.901899397373199463e-01 6.987897602557837651e-01
4.994632303714752197e-01 7.185808894437590855e-01 4.927989840507507324e-01 6.986541862628127264e-01
4.968688488006591797e-01 7.166823900690827420e-01 4.933208227157592773e-01 6.985212458471394825e-01
4.999105334281921387e-01 7.169993601047538467e-01 4.916509985923767090e-01 6.983980536958515062e-01
4.984791576862335205e-01 7.182434125414984827e-01 4.916509985923767090e-01 6.982785789783949593e-01
5.006709694862365723e-01 7.163431604980547984e-01 4.910248517990112305e-01 6.981619626339630180e-01
4.952138066291809082e-01 7.174351981509924370e-01 4.910248517990112305e-01 6.980509094145919136e-01
4.991501271724700928e-01 7.169849003954593680e-01 4.910248517990112305e-01 6.979518188387187072e-01
4.973608851432800293e-01 7.173045245601614717e-01 4.919641017913818359e-01 6.978484159893393324e-01
4.994632303714752197e-01 7.164232784615238714e-01 4.912335574626922607e-01 6.977487270405585695e-01
4.995526969432830811e-01 7.162046017747463189e-01 4.912335574626922607e-01 6.976518298434554177e-01
5.034442543983459473e-01 7.162841312743231104e-01 4.935295283794403076e-01 6.975548702922551580e-01
4.939166307449340820e-01 7.172345800292281304e-01 4.944688081741333008e-01 6.974628715991874062e-01
4.985686242580413818e-01 7.153427555215957634e-01 4.921728372573852539e-01 6.973753950461990536e-01
5.108248591423034668e-01 7.122319974185188363e-01 4.908161163330078125e-01 6.972993618261089654e-01
5.025496482849121094e-01 7.136318170442033093e-01 4.916509985923767090e-01 6.972160437887880979e-01
5.006262063980102539e-01 7.156210561561380246e-01 4.894593954086303711e-01 6.971408982188337378e-01
5.038468241691589355e-01 7.128866719824189513e-01 4.898768663406372070e-01 6.970647019226251517e-01
5.043388605117797852e-01 7.137590717876889368e-01 4.902943074703216553e-01 6.969926502704122395e-01
5.002683997154235840e-01 7.177862637178227256e-01 4.911291897296905518e-01 6.969213928118350720e-01
4.948559701442718506e-01 7.157643234330909321e-01 4.912335574626922607e-01 6.968517744125639624e-01
5.057255029678344727e-01 7.140904443382172229e-01 4.916509985923767090e-01 6.967856857379028934e-01
4.999552667140960693e-01 7.131935995152777208e-01 4.918597340583801270e-01 6.967222089061805290e-01
5.027732849121093750e-01 7.127530827123846890e-01 4.916509985923767090e-01 6.966586002500338992e-01
4.988817274570465088e-01 7.162862794410779221e-01 4.913379251956939697e-01 6.965933109071253959e-01
4.995526969432830811e-01 7.153186862510098054e-01 4.908161163330078125e-01 6.965367627576805054e-01
4.979871213436126709e-01 7.148706153139143815e-01 4.911291897296905518e-01 6.964804640121834423e-01
4.962426126003265381e-01 7.141651169817356815e-01 4.891463220119476318e-01 6.964247922538043811e-01
4.965557456016540527e-01 7.156127436597438107e-01 4.897724986076354980e-01 6.963709895010159467e-01
4.936482310295104980e-01 7.151649974181243374e-01 4.903986752033233643e-01 6.963227218438030608e-01
5.035784840583801270e-01 7.134537993848462101e-01 4.908161163330078125e-01 6.962736786917190779e-01
5.026391148567199707e-01 7.134507233948501614e-01 4.916509985923767090e-01 6.962224694065698438e-01
5.005367398262023926e-01 7.132033603757454987e-01 4.931120872497558594e-01 6.961736791170207717e-01
5.006262063980102539e-01 7.129973314767831249e-01 4.915466606616973877e-01 6.961282583498252796e-01
5.034442543983459473e-01 7.124871213271037895e-01 4.962429702281951904e-01 6.960840014843073797e-01
4.981660544872283936e-01 7.144709772405865023e-01 4.973909556865692139e-01 6.960344617637008735e-01
5.012077093124389648e-01 7.120194831844048888e-01 4.989563822746276855e-01 6.959899732848096043e-01
4.970030486583709717e-01 7.149721685111106728e-01 4.991650879383087158e-01 6.959478785588083527e-01
4.947665035724639893e-01 7.145626791305460523e-01 4.978083968162536621e-01 6.959070454582344523e-01
4.998210668563842773e-01 7.134740414272204845e-01 4.960342347621917725e-01 6.958666736933811769e-01
4.994184970855712891e-01 7.137137368084131017e-01 4.957211315631866455e-01 6.958263407070037765e-01
5.010288357734680176e-01 7.115457986735939100e-01 4.958254992961883545e-01 6.957904126917338061e-01
4.986580908298492432e-01 7.137933915427981946e-01 4.962429702281951904e-01 6.957529898825429715e-01
4.969583153724670410e-01 7.140852506823223145e-01 4.935295283794403076e-01 6.957155005764149580e-01
5.015655755996704102e-01 7.111451586364825328e-01 4.927989840507507324e-01 6.956771807988086920e-01
4.956163763999938965e-01 7.139620604445116037e-01 4.936338961124420166e-01 6.956409527946428861e-01
4.969583153724670410e-01 7.136867041023883251e-01 4.918597340583801270e-01 6.956055527737632360e-01
5.043836236000061035e-01 7.123944494672657113e-01 4.924859106540679932e-01 6.955695723447240519e-01
5.028627514839172363e-01 7.120812272615990590e-01 4.922771751880645752e-01 6.955354302045423376e-01
4.984791576862335205e-01 7.130840120940072913e-01 4.940513372421264648e-01 6.955003309065751482e-01
5.030416846275329590e-01 7.123142747572740463e-01 4.923815429210662842e-01 6.954671662153866230e-01
5.009840726852416992e-01 7.128766977759289913e-01 4.929033517837524414e-01 6.954346542392237929e-01
4.995974302291870117e-01 7.118128135541744728e-01 4.923815429210662842e-01 6.954039401934406506e-01
