4.969583153724670410e-01 7.002183164375416213e-01 4.924859106540679932e-01 6.934142824728138921e-01
5.086330175399780273e-01 6.975644231482468482e-01 5.053224563598632812e-01 6.923374064629024272e-01
5.042941570281982422e-01 6.975873661373996892e-01 5.107493400573730469e-01 6.915125869505341916e-01
5.090803503990173340e-01 6.961573668745426602e-01 5.208724737167358398e-01 6.908140146789558678e-01
5.051440596580505371e-01 6.972079088807767722e-01 5.370486378669738770e-01 6.901512348410531184e-01
5.178028345108032227e-01 6.947091926208526225e-01 5.460237860679626465e-01 6.895533886963031156e-01
5.140454173088073730e-01 6.950748581369270429e-01 5.637654066085815430e-01 6.890489605716711985e-01
5.195473432540893555e-01 6.936067762091625566e-01 5.684617161750793457e-01 6.885003130039325514e-01
5.255859494209289551e-01 6.919921452403174911e-01 5.709664225578308105e-01 6.879118430517432436e-01
5.290749669075012207e-01 6.915630755579776912e-01 5.679398775100708008e-01 6.873223859963748517e-01
5.277330279350280762e-01 6.911660023080277160e-01 5.700271129608154297e-01 6.867548717732868679e-01
5.284039974212646484e-01 6.909668893075241458e-01 5.722187161445617676e-01 6.861575203557971347e-01
5.297906398773193359e-01 6.901690029974251184e-01 5.719056725502014160e-01 6.855906310297457118e-01
5.382000207901000977e-01 6.885638184316215105e-01 5.709664225578308105e-01 6.849935023552240487e-01
5.394077897071838379e-01 6.887795150461297755e-01 5.739929080009460449e-01 6.844219411870080538e-01
5.414206385612487793e-01 6.879291506375838638e-01 5.748277902603149414e-01 6.837419190602869179e-01
5.426283478736877441e-01 6.879975513133023135e-01 5.738885402679443359e-01 6.831976994794337621e-01
5.409286022186279297e-01 6.873893668686134051e-01 5.764976143836975098e-01 6.826704027283990728e-01
5.505009889602661133e-01 6.858447084893564138e-01 5.752452611923217773e-01 6.820926563995065584e-01
5.475934743881225586e-01 6.860326992460814566e-01 5.758714079856872559e-01 6.815522930936110946e-01
5.517981648445129395e-01 6.843782944465114371e-01 5.770193934440612793e-01 6.810423060489630975e-01
5.519770979881286621e-01 6.854063552316217445e-01 5.772281289100646973e-01 6.805299893099339137e-01
5.604759454727172852e-01 6.828099465429899873e-01 5.786892175674438477e-01 6.800092423268235819e-01
5.582394003868103027e-01 6.830580964415204903e-01 5.774368643760681152e-01 6.795168293216635735e-01
5.628019571304321289e-01 6.810539405766956600e-01 5.775412321090698242e-01 6.789080569525647313e-01
5.613258481025695801e-01 6.812719007706381502e-01 5.775412321090698242e-01 6.783240359005164866e-01
5.621756911277770996e-01 6.823272291290288782e-01 5.771237611770629883e-01 6.777791195138713753e-01
5.669171810150146484e-01 6.799403931015739477e-01 5.802546143531799316e-01 6.772539380123708819e-01
5.673644542694091797e-01 6.796475814715078334e-01 5.792109966278076172e-01 6.767526821337719323e-01
5.668724179267883301e-01 6.786437564106059250e-01 5.785848498344421387e-01 6.763053360251090051e-01
5.681248903274536133e-01 6.788626502400157969e-01 5.782717466354370117e-01 6.759018487085307614e-01
5.704509019851684570e-01 6.781346140041785153e-01 5.786892175674438477e-01 6.754615305734561481e-01
5.695115327835083008e-01 6.775674144981542746e-01 5.776455998420715332e-01 6.751049927196132172e-01
5.734925866127014160e-01 6.771156143301777508e-01 5.776455998420715332e-01 6.747588164570983427e-01
5.690194964408874512e-01 6.769067342837182810e-01 5.773324966430664062e-01 6.744324385659526966e-01
5.741187930107116699e-01 6.762631587786801513e-01 5.803589820861816406e-01 6.740848293535347535e-01
5.727321505546569824e-01 6.755506091285080617e-01 5.738885402679443359e-01 6.737143539282604010e-01
5.761764049530029297e-01 6.749662160766767283e-01 5.807764530181884766e-01 6.734504986097956669e-01
5.728216171264648438e-01 6.754820876544693764e-01 5.756626725196838379e-01 6.730757642578566458e-01
5.775183439254760742e-01 6.749080151431482433e-01 5.755583643913269043e-01 6.727127945888418115e-01
5.754607319831848145e-01 6.734536564676466552e-01 5.760801434516906738e-01 6.724637447730207329e-01
5.762211680412292480e-01 6.737548016994194811e-01 5.767063498497009277e-01 6.722041834647310976e-01
5.731794834136962891e-01 6.749666480157217041e-01 5.770193934440612793e-01 6.718124878155217194e-01
5.782340168952941895e-01 6.728165746375046607e-01 5.769150257110595703e-01 6.716321102514368757e-01
5.781445503234863281e-01 6.727171354269081416e-01 5.766019821166992188e-01 6.713667962178385684e-01
5.805153250694274902e-01 6.733903108928855907e-01 5.786892175674438477e-01 6.710772719121481655e-01
5.792628526687622070e-01 6.714938431844917899e-01 5.788979530334472656e-01 6.707962398687301597e-01
5.824834704399108887e-01 6.718992573200941454e-01 5.794197320938110352e-01 6.705583819664239220e-01
5.785024166107177734e-01 6.724859785043951765e-01 5.795240998268127441e-01 6.703447150900427864e-01
5.819914340972900391e-01 6.714474584851970462e-01 5.801503062248229980e-01 6.701325998503339099e-01
5.845410823822021484e-01 6.700704193622870619e-01 5.798372030258178711e-01 6.699417207838722632e-01
5.790839195251464844e-01 6.711472225948531545e-01 5.807764530181884766e-01 6.698046860603319441e-01
5.835122466087341309e-01 6.709763932087314808e-01 5.815069675445556641e-01 6.695093568768240022e-01
5.813651680946350098e-01 6.704813342846064339e-01 5.828636884689331055e-01 6.692918763730999476e-01
5.831544399261474609e-01 6.694536143305647169e-01 5.835942625999450684e-01 6.690902615285223565e-01
5.776525139808654785e-01 6.706473321325131520e-01 5.832811594009399414e-01 6.688635060270154975e-01
5.847647190093994141e-01 6.687651975868553755e-01 5.831767916679382324e-01 6.687566758048133497e-01
5.814546346664428711e-01 6.697783986748725438e-01 5.832811594009399414e-01 6.686290492968677279e-01
5.858829617500305176e-01 6.697963708990011256e-01 5.831767916679382324e-01 6.684161718741161717e-01
5.839595794677734375e-01 6.690869741521723313e-01 5.838029384613037109e-01 6.682838722052640845e-01
5.847647190093994141e-01 6.679660052215717903e-01 5.836986303329467773e-01 6.681267559167562986e-01
5.889694094657897949e-01 6.687641518234161975e-01 5.840116739273071289e-01 6.679299871873268790e-01
5.861513614654541016e-01 6.686300108504862338e-01 5.816113352775573730e-01 6.677770507258529165e-01
5.859724283218383789e-01 6.687489983262945303e-01 5.818200707435607910e-01 6.675590244620459579e-01
5.884773731231689453e-01 6.679605001263423381e-01 5.838029384613037109e-01 6.674581465306099748e-01
5.863749980926513672e-01 6.674817184105950041e-01 5.844291448593139648e-01 6.672294892166980018e-01
5.887904763221740723e-01 6.679898869332228095e-01 5.826549530029296875e-01 6.670783969659791479e-01
5.861513614654541016e-01 6.682947846661102531e-01 5.824462771415710449e-01 6.668902144654014208e-01
5.866433978080749512e-01 6.675039067915075064e-01 5.831767916679382324e-01 6.666942357743266268e-01
5.869565010070800781e-01 6.676852405551166880e-01 5.828636884689331055e-01 6.665752409420638847e-01
5.881642699241638184e-01 6.677461628901935065e-01 5.842204093933105469e-01 6.663956782858149186e-01
5.848094224929809570e-01 6.679359483983354773e-01 5.851596593856811523e-01 6.662380053513833333e-01
5.865539312362670898e-01 6.686403496381869704e-01 5.869338512420654297e-01 6.660787225690223412e-01
5.879853367805480957e-01 6.665139595134289552e-01 5.859946012496948242e-01 6.659318093242339032e-01
5.868670344352722168e-01 6.660164570441546861e-01 5.881862044334411621e-01 6.657564633327046622e-01
5.889246463775634766e-01 6.667104633043439144e-01 5.872468948364257812e-01 6.656393267446011341e-01
5.886563062667846680e-01 6.660636609153898213e-01 5.881862044334411621e-01 6.654616896132292680e-01
5.881195068359375000e-01 6.663331941322043761e-01 5.873512625694274902e-01 6.653208617028452121e-01
5.906244516372680664e-01 6.663051563056642257e-01 5.878731012344360352e-01 6.651925491132161250e-01
5.916979908943176270e-01 6.654825849276276850e-01 5.901690721511840820e-01 6.650209308193113511e-01
5.942028760910034180e-01 6.654336176056793173e-01 5.889167189598083496e-01 6.649094222234400720e-01
5.875380039215087891e-01 6.665052879387757256e-01 5.895428657531738281e-01 6.648100914623712443e-01
5.924584269523620605e-01 6.652890664239884400e-01 5.898559689521789551e-01 6.646329901134313545e-01
5.931740999221801758e-01 6.647230643005186401e-01 5.907952189445495605e-01 6.644853004158177701e-01
5.920110940933227539e-01 6.642838723652263466e-01 5.904821753501892090e-01 6.643022566791169092e-01
5.882537364959716797e-01 6.654105001857570922e-01 5.903778076171875000e-01 6.641226561152594465e-01
5.930846333503723145e-01 6.640116573766468022e-01 5.915257930755615234e-01 6.640450132587363274e-01
5.932188034057617188e-01 6.648559327372115524e-01 5.922563076019287109e-01 6.638972198408298331e-01
5.886115431785583496e-01 6.637237233773478629e-01 5.937173962593078613e-01 6.637423323256266272e-01
5.924136638641357422e-01 6.637073456974442731e-01 5.937173962593078613e-01 6.635827042941533360e-01
5.936213731765747070e-01 6.649555251132953648e-01 5.959089994430541992e-01 6.634185768273548334e-01
5.943818092346191406e-01 6.639551323265141525e-01 5.928825139999389648e-01 6.633473066665563911e-01
5.938897728919982910e-01 6.634778687748761339e-01 5.947610139846801758e-01 6.631580055369585835e-01
5.901324152946472168e-01 6.641777253018698035e-01 5.975787639617919922e-01 6.630268421010865332e-01
5.914295911788940430e-01 6.647515256410422291e-01 5.952827930450439453e-01 6.628940978544884954e-01
5.948291420936584473e-01 6.631707182125065048e-01 5.972657203674316406e-01 6.627575133693315301e-01
5.931293368339538574e-01 6.637846594804683864e-01 5.991442203521728516e-01 6.626328586462121306e-01
5.915637612342834473e-01 6.638822649177487101e-01 5.951784849166870117e-01 6.625360879363607625e-01
5.939792394638061523e-01 6.636662148239148573e-01 5.995616912841796875e-01 6.624124733024737699e-01
5.929057002067565918e-01 6.643264259650468739e-01 5.974744558334350586e-01 6.622372099189264283e-01
