4.961531460285186768e-01 7.132086016812293483e-01 5.135670900344848633e-01 6.970114389582582337e-01
4.990159273147583008e-01 7.087815304117309756e-01 5.068879127502441406e-01 6.958174923471009965e-01
4.979871213436126709e-01 7.076517006092067907e-01 4.970778524875640869e-01 6.950111311404149061e-01
5.089908838272094727e-01 7.040235188080300466e-01 5.045919418334960938e-01 6.944012081317030294e-01
4.976292848587036133e-01 7.065134815249167755e-01 5.093926191329956055e-01 6.939495734122420600e-01
5.049651265144348145e-01 7.035551147632425062e-01 5.082446336746215820e-01 6.935345812670946630e-01
5.006262063980102539e-01 7.041817814255681984e-01 5.123147368431091309e-01 6.930930758040126927e-01
4.976739883422851562e-01 7.039665367889540448e-01 5.151325464248657227e-01 6.927138055025274799e-01
4.976292848587036133e-01 7.050622482913234679e-01 5.108537077903747559e-01 6.923902322270133469e-01
5.042493939399719238e-01 7.025574260373131930e-01 5.123147368431091309e-01 6.920664993837317702e-01
5.034890174865722656e-01 7.026384311917643899e-01 5.206637382507324219e-01 6.918381784236448118e-01
5.016102790832519531e-01 7.033477763217599321e-01 5.163848996162414551e-01 6.915910657276765905e-01
5.076042413711547852e-01 7.004215931674836471e-01 5.173241496086120605e-01 6.913542290043417360e-01
4.986580908298492432e-01 7.027293474713897092e-01 5.186808705329895020e-01 6.910922213801011793e-01
5.110931992530822754e-01 6.995346245217096692e-01 5.217073559761047363e-01 6.908170991788898929e-01
5.112274289131164551e-01 7.006684662852523671e-01 5.219160914421081543e-01 6.906031048937347760e-01
5.133745074272155762e-01 6.985773569911766234e-01 5.232728123664855957e-01 6.903954466283508395e-01
5.105116963386535645e-01 6.986379957109514205e-01 5.336046814918518066e-01 6.901460106699781605e-01
5.106906294822692871e-01 6.986847500891522067e-01 5.390315055847167969e-01 6.899546120440976926e-01
5.122115015983581543e-01 6.989581755777871663e-01 5.431016683578491211e-01 6.897617477112636397e-01
5.173555016517639160e-01 6.982725234380624535e-01 5.418493151664733887e-01 6.895426602956771234e-01
5.106906294822692871e-01 6.985762654018009554e-01 5.437278151512145996e-01 6.893507057827714668e-01
5.155662894248962402e-01 6.967968654176122101e-01 5.443540215492248535e-01 6.891607041772982445e-01
5.224547982215881348e-01 6.959825356481411651e-01 5.451889038085937500e-01 6.889268429835189167e-01
5.205314159393310547e-01 6.960084799855099646e-01 5.440409183502197266e-01 6.887513171703375514e-01
5.126140713691711426e-01 6.980590602434008085e-01 5.419536828994750977e-01 6.885500785031016813e-01
5.085883140563964844e-01 6.982066689332753207e-01 5.410143733024597168e-01 6.883482077852765002e-01
5.161924958229064941e-01 6.961617438860155938e-01 5.403882265090942383e-01 6.881345923522698138e-01
5.126587748527526855e-01 6.971678515094020812e-01 5.419536828994750977e-01 6.879416167599202714e-01
5.204419493675231934e-01 6.962458882824127393e-01 5.439365506172180176e-01 6.877746063740809435e-01
5.142243504524230957e-01 6.974114820022535577e-01 5.440409183502197266e-01 6.875795423922322902e-01
5.218285918235778809e-01 6.946255478839324926e-01 5.460237860679626465e-01 6.873860235901969595e-01
5.161477923393249512e-01 6.955693212385616331e-01 5.466499924659729004e-01 6.871809282001287711e-01
5.250492095947265625e-01 6.936126912636244590e-01 5.481110215187072754e-01 6.869814282567384689e-01
5.254517793655395508e-01 6.936450127220938899e-01 5.469630360603332520e-01 6.868152508305697124e-01
5.155662894248962402e-01 6.958202637997311646e-01 5.486328601837158203e-01 6.865947465761248480e-01
5.249150395393371582e-01 6.942776546514104474e-01 5.501983165740966797e-01 6.864215541398492881e-01
5.207997560501098633e-01 6.942063034124676957e-01 5.507200956344604492e-01 6.862419577810366933e-01
5.310431122779846191e-01 6.919513786387243570e-01 5.503026247024536133e-01 6.860504645416468650e-01
5.271962881088256836e-01 6.924770261567785301e-01 5.534335374832153320e-01 6.858922021544768821e-01
5.263016819953918457e-01 6.933271155563828225e-01 5.537465810775756836e-01 6.857194458485346145e-01
5.252281427383422852e-01 6.931705228073862246e-01 5.536422729492187500e-01 6.855090950356971247e-01
5.306852459907531738e-01 6.917057415308178747e-01 5.535379052162170410e-01 6.853380018125568851e-01
5.277330279350280762e-01 6.932981452888145046e-01 5.561469197273254395e-01 6.851832485228832592e-01
5.274199247360229492e-01 6.929498627971165670e-01 5.582342147827148438e-01 6.850209617584888111e-01
5.275988578796386719e-01 6.933822070556199257e-01 5.562512874603271484e-01 6.848967910758440025e-01
5.325639843940734863e-01 6.920149870540784898e-01 5.585472583770751953e-01 6.846751858709849703e-01
5.251833796501159668e-01 6.924545374917395746e-01 5.541640520095825195e-01 6.845533679731452548e-01
5.286723971366882324e-01 6.926175756368297964e-01 5.562512874603271484e-01 6.843456134396040946e-01
5.303274393081665039e-01 6.914665935440084121e-01 5.583385229110717773e-01 6.841757940837969176e-01
5.333243608474731445e-01 6.911665808431448621e-01 5.602170825004577637e-01 6.840207774562990783e-01
5.305063724517822266e-01 6.917183770009797117e-01 5.586516261100769043e-01 6.838862828659976190e-01
5.308194756507873535e-01 6.907781674687434315e-01 5.626174211502075195e-01 6.836497697942666152e-01
5.341742634773254395e-01 6.916457956070591884e-01 5.618868470191955566e-01 6.835534765685035152e-01
5.396761298179626465e-01 6.896224465880373966e-01 5.600083470344543457e-01 6.834798417417820016e-01
5.388709902763366699e-01 6.890356515724685993e-01 5.627217888832092285e-01 6.832858392600599240e-01
5.326981544494628906e-01 6.906011908057337889e-01 5.626174211502075195e-01 6.831581339013026444e-01
5.314009785652160645e-01 6.910059626530312693e-01 5.610519647598266602e-01 6.830215336658889136e-01
5.345768332481384277e-01 6.893551466204352884e-01 5.617824792861938477e-01 6.828564902084452992e-01
5.327429175376892090e-01 6.915096012759792687e-01 5.646002888679504395e-01 6.826735782339636849e-01
5.305510759353637695e-01 6.903754471772727275e-01 5.621999502182006836e-01 6.825466003604085952e-01
5.331454873085021973e-01 6.903157341904707645e-01 5.601127147674560547e-01 6.824345148274058026e-01
5.399445295333862305e-01 6.894731251257949500e-01 5.616781711578369141e-01 6.822487978143001452e-01
5.384237170219421387e-01 6.895188784787001923e-01 5.619912147521972656e-01 6.821076461776665045e-01
5.411970019340515137e-01 6.885077925823864797e-01 5.615738034248352051e-01 6.819123896595034040e-01
5.355162024497985840e-01 6.898611790380104747e-01 5.620955824851989746e-01 6.818041473882130443e-01
5.391393899917602539e-01 6.897622973851941230e-01 5.606344938278198242e-01 6.816593181288235215e-01
5.391840934753417969e-01 6.888040567387150315e-01 5.607388615608215332e-01 6.815446807058737066e-01
5.394524931907653809e-01 6.891286179042070970e-01 5.606344938278198242e-01 6.813873652126962721e-01
5.368133783340454102e-01 6.880151854471734385e-01 5.600083470344543457e-01 6.812354404501814731e-01
5.342637300491333008e-01 6.902224690996484613e-01 5.604258179664611816e-01 6.811219244430269937e-01
5.389604568481445312e-01 6.890304327480352153e-01 5.628261566162109375e-01 6.810127090646389547e-01
5.433887839317321777e-01 6.872179772052297020e-01 5.604258179664611816e-01 6.808281670878710834e-01
5.385578870773315430e-01 6.877621839075912513e-01 5.612607002258300781e-01 6.806709953624404674e-01
5.419126749038696289e-01 6.881295133520055618e-01 5.597996115684509277e-01 6.805085011450190402e-01
5.419126749038696289e-01 6.877954689478229522e-01 5.605301856994628906e-01 6.804075802798261741e-01
5.407496690750122070e-01 6.876155094610683083e-01 5.635566711425781250e-01 6.801944767674880099e-01
5.459831953048706055e-01 6.872816313505386576e-01 5.642871856689453125e-01 6.800716570861352617e-01
5.420916080474853516e-01 6.872987787824641481e-01 5.637654066085815430e-01 6.799752073033172861e-01
5.437466502189636230e-01 6.864317616424143731e-01 5.631392002105712891e-01 6.797948221751280995e-01
5.454016923904418945e-01 6.868143693281854034e-01 5.627217888832092285e-01 6.796667064139449987e-01
5.415548682212829590e-01 6.867684692512323608e-01 5.638697743415832520e-01 6.795542505632933272e-01
5.479065775871276855e-01 6.855952199978401218e-01 5.621999502182006836e-01 6.793568125972417882e-01
5.421363115310668945e-01 6.863818106678607478e-01 5.636610388755798340e-01 6.792329215003164444e-01
5.416442751884460449e-01 6.878079076874638043e-01 5.639741420745849609e-01 6.791365698020360719e-01
5.458489656448364258e-01 6.865452332730411777e-01 5.644959211349487305e-01 6.790194146520184271e-01
5.454911589622497559e-01 6.862422409371583543e-01 5.676267743110656738e-01 6.788738368822024860e-01
5.457147955894470215e-01 6.855339126161181795e-01 5.657482743263244629e-01 6.787503497681670606e-01
5.472356677055358887e-01 6.856804770675962724e-01 5.671049952507019043e-01 6.786112622984812326e-01
5.467436313629150391e-01 6.866865592131697893e-01 5.671049952507019043e-01 6.784731869009834604e-01
5.463410019874572754e-01 6.850681350469631781e-01 5.656439065933227539e-01 6.784091323981128463e-01
5.510377287864685059e-01 6.841948200347151010e-01 5.663744807243347168e-01 6.782644568592390844e-01
5.524691343307495117e-01 6.848384111314494982e-01 5.666875243186950684e-01 6.781327900869615899e-01
5.488012433052062988e-01 6.857090777522401037e-01 5.670006275177001953e-01 6.779954430704150381e-01
5.442833900451660156e-01 6.866457008317280453e-01 5.662701129913330078e-01 6.778876554042853053e-01
5.509482622146606445e-01 6.843824546246265461e-01 5.666875243186950684e-01 6.777554836036316921e-01
5.550635457038879395e-01 6.833403786961945725e-01 5.675224661827087402e-01 6.776274397263221116e-01
5.480408072471618652e-01 6.850958541502230048e-01 5.702358484268188477e-01 6.774554560289480776e-01
5.488906502723693848e-01 6.850856626517957126e-01 5.711750984191894531e-01 6.773720486157623899e-01
5.552424192428588867e-01 6.833040552374757270e-01 5.667918920516967773e-01 6.773118570437637320e-01
