5.099749565124511719e-01 6.948080258562262523e-01 5.010436177253723145e-01 6.935923383918193297e-01
5.075147747993469238e-01 6.956211998138899233e-01 5.008348822593688965e-01 6.935888334744858552e-01
5.111826658248901367e-01 6.957795336072016834e-01 5.010436177253723145e-01 6.935848739022278941e-01
5.033995509147644043e-01 6.962772616974930440e-01 5.011479854583740234e-01 6.935809173158006269e-01
5.116299986839294434e-01 6.946850245424237569e-01 5.011479854583740234e-01 6.935771402275604514e-01
5.014761090278625488e-01 6.965360273123001322e-01 5.011479854583740234e-01 6.935731317623252679e-01
5.022812485694885254e-01 6.960615567112463653e-01 5.011479854583740234e-01 6.935696124632406701e-01
5.106459259986877441e-01 6.944782762285165445e-01 5.012523531913757324e-01 6.935658724490647575e-01
5.037126541137695312e-01 6.957632359227248209e-01 5.012523531913757324e-01 6.935621558612186099e-01
5.082752108573913574e-01 6.959662024291006777e-01 5.012523531913757324e-01 6.935582033927494283e-01
5.067990422248840332e-01 6.952813612602118942e-01 5.012523531913757324e-01 6.935543537612649523e-01
5.039362907409667969e-01 6.957432879363302236e-01 5.012523531913757324e-01 6.935502701899473044e-01
5.092145204544067383e-01 6.953581787537836956e-01 5.017741322517395020e-01 6.935466111664283506e-01
5.070674419403076172e-01 6.958988008163848882e-01 5.017741322517395020e-01 6.935428194849407868e-01
5.077384114265441895e-01 6.958203509937865849e-01 5.016698241233825684e-01 6.935391452461263651e-01
5.074253082275390625e-01 6.958122904600578806e-01 5.015654563903808594e-01 6.935353222009758012e-01
5.102880597114562988e-01 6.951835014074001506e-01 5.018784999847412109e-01 6.935316147323541403e-01
5.078725814819335938e-01 6.959617441424446049e-01 5.021916031837463379e-01 6.935277553347152235e-01
5.052782297134399414e-01 6.958536975689619819e-01 5.022959709167480469e-01 6.935238549814322084e-01
5.047861933708190918e-01 6.964629727391912217e-01 5.022959709167480469e-01 6.935199985323009519e-01
5.063517689704895020e-01 6.954818360279532152e-01 5.021916031837463379e-01 6.935159809478412818e-01
5.074700117111206055e-01 6.957002211756048160e-01 5.020872354507446289e-01 6.935119342639733953e-01
5.048756599426269531e-01 6.960950525806466338e-01 5.018784999847412109e-01 6.935079016881555702e-01
5.077831745147705078e-01 6.954796850350700721e-01 5.018784999847412109e-01 6.935039266517828427e-01
5.090355873107910156e-01 6.955833267090593131e-01 5.018784999847412109e-01 6.934999573009293927e-01
5.042941570281982422e-01 6.960826937084569899e-01 5.018784999847412109e-01 6.934959604555518409e-01
5.116299986839294434e-01 6.952407366369038888e-01 5.019828677177429199e-01 6.934921478856905797e-01
5.075147747993469238e-01 6.953567234896913529e-01 5.019828677177429199e-01 6.934886247299081319e-01
5.076489448547363281e-01 6.962227854090526913e-01 5.019828677177429199e-01 6.934848608290867800e-01
5.114063620567321777e-01 6.942270917294383059e-01 5.019828677177429199e-01 6.934811283168104135e-01
5.061281323432922363e-01 6.960720029344795723e-01 5.019828677177429199e-01 6.934774131721157531e-01
5.157899260520935059e-01 6.939705263674632585e-01 5.019828677177429199e-01 6.934736162778655233e-01
5.133297443389892578e-01 6.949360633732530879e-01 5.019828677177429199e-01 6.934698402844299281e-01
5.049203634262084961e-01 6.963550067903487850e-01 5.019828677177429199e-01 6.934660888992154604e-01
5.058149695396423340e-01 6.958041661411475953e-01 5.017741322517395020e-01 6.934624874151417151e-01
5.076489448547363281e-01 6.953870299080442408e-01 5.017741322517395020e-01 6.934585930957248845e-01
5.076042413711547852e-01 6.955998274375211343e-01 5.016698241233825684e-01 6.934548806382778707e-01
5.109143257141113281e-01 6.950629517118754874e-01 5.014610886573791504e-01 6.934511722739069572e-01
5.074700117111206055e-01 6.953443474261102875e-01 5.014610886573791504e-01 6.934471207753871713e-01
5.106906294822692871e-01 6.949519134096775463e-01 5.014610886573791504e-01 6.934432954162178531e-01
5.124351382255554199e-01 6.953010802129061529e-01 5.014610886573791504e-01 6.934395164120696897e-01
5.121667385101318359e-01 6.949781508112149453e-01 5.015654563903808594e-01 6.934358355546639263e-01
5.102880597114562988e-01 6.951837101782940564e-01 5.015654563903808594e-01 6.934321307857308492e-01
5.061728358268737793e-01 6.954594827184610306e-01 5.015654563903808594e-01 6.934281607008607740e-01
5.141348838806152344e-01 6.943598094108515140e-01 5.016698241233825684e-01 6.934245060067961708e-01
5.087672472000122070e-01 6.954073017900671561e-01 5.015654563903808594e-01 6.934206531157799391e-01
5.106011629104614258e-01 6.947157264480993133e-01 5.015654563903808594e-01 6.934170318630189511e-01
5.074253082275390625e-01 6.952556751456493433e-01 5.014610886573791504e-01 6.934132727395266871e-01
5.071122050285339355e-01 6.958546340838808186e-01 5.014610886573791504e-01 6.934092868173129531e-01
5.089908838272094727e-01 6.950045081792309842e-01 5.014610886573791504e-01 6.934055949869795121e-01
5.112721323966979980e-01 6.950176910970990996e-01 5.014610886573791504e-01 6.934019536793891714e-01
5.105564594268798828e-01 6.944835257137753626e-01 5.014610886573791504e-01 6.933980728086512890e-01
5.135981440544128418e-01 6.946915548610056446e-01 5.014610886573791504e-01 6.933943495773318144e-01
5.046967267990112305e-01 6.956184904740436714e-01 5.020872354507446289e-01 6.933906420838282791e-01
5.045177936553955078e-01 6.961565133944715988e-01 5.025047063827514648e-01 6.933867846518612099e-01
5.085883140563964844e-01 6.953105910836658854e-01 5.020872354507446289e-01 6.933830544411625496e-01
5.058149695396423340e-01 6.956622567921636469e-01 5.020872354507446289e-01 6.933793924940176989e-01
5.079620480537414551e-01 6.951390780837788386e-01 5.019828677177429199e-01 6.933755539971934168e-01
5.042941570281982422e-01 6.955232740429694305e-01 5.019828677177429199e-01 6.933717291356625845e-01
5.076489448547363281e-01 6.945343678572200030e-01 5.019828677177429199e-01 6.933678043607729435e-01
5.161030888557434082e-01 6.943107547135488611e-01 5.022959709167480469e-01 6.933640686636104444e-01
5.109143257141113281e-01 6.953431289062492748e-01 5.021916031837463379e-01 6.933602811249629516e-01
5.118983983993530273e-01 6.944235265308297267e-01 5.021916031837463379e-01 6.933565114888585734e-01
5.094381570816040039e-01 6.946474246122176233e-01 5.021916031837463379e-01 6.933526929846588471e-01
5.106906294822692871e-01 6.941926638349307233e-01 5.021916031837463379e-01 6.933490423587885809e-01
5.059044361114501953e-01 6.956861495310472376e-01 5.021916031837463379e-01 6.933451791915383744e-01
5.084093809127807617e-01 6.952544995189502419e-01 5.021916031837463379e-01 6.933410894619450593e-01
5.144032835960388184e-01 6.941481107653605376e-01 5.021916031837463379e-01 6.933371244405460709e-01
5.094381570816040039e-01 6.959387646482464440e-01 5.021916031837463379e-01 6.933332599545540820e-01
5.101091265678405762e-01 6.953686588905561017e-01 5.025047063827514648e-01 6.933295786617146295e-01
5.118983983993530273e-01 6.949807636681087919e-01 5.025047063827514648e-01 6.933257763058824352e-01
5.076042413711547852e-01 6.951089518550982449e-01 5.025047063827514648e-01 6.933219885059748178e-01
5.099301934242248535e-01 6.946327761495491027e-01 5.026090741157531738e-01 6.933184563802592404e-01
5.091698169708251953e-01 6.950941546207720645e-01 5.027134418487548828e-01 6.933146214415498720e-01
5.090803503990173340e-01 6.951932927473944979e-01 5.027134418487548828e-01 6.933107424245152917e-01
5.085883140563964844e-01 6.953231208566306165e-01 5.029221177101135254e-01 6.933069662320242577e-01
5.162819623947143555e-01 6.942560947694298434e-01 5.028178095817565918e-01 6.933030940201954095e-01
5.099301934242248535e-01 6.950750787349010418e-01 5.028178095817565918e-01 6.932993385170228562e-01
5.076937079429626465e-01 6.948504822692284089e-01 5.028178095817565918e-01 6.932954783604852178e-01
5.087224841117858887e-01 6.955037432890881499e-01 5.031308531761169434e-01 6.932916216500938367e-01
5.126140713691711426e-01 6.941241048320415663e-01 5.031308531761169434e-01 6.932878113071646586e-01
5.058597326278686523e-01 6.959235456382723006e-01 5.031308531761169434e-01 6.932838551064071098e-01
5.095276236534118652e-01 6.945171715279431224e-01 5.031308531761169434e-01 6.932802099545597452e-01
5.067543387413024902e-01 6.952876572980930536e-01 5.031308531761169434e-01 6.932764300671033775e-01
5.110931992530822754e-01 6.943929235076494733e-01 5.031308531761169434e-01 6.932726752357427635e-01
5.075147747993469238e-01 6.949948098988413259e-01 5.031308531761169434e-01 6.932687044666197007e-01
5.093487501144409180e-01 6.954341548716452825e-01 5.031308531761169434e-01 6.932647453297953177e-01
5.122115015983581543e-01 6.945482810679606267e-01 5.031308531761169434e-01 6.932610032130970268e-01
5.110484957695007324e-01 6.950417157361877818e-01 5.032352209091186523e-01 6.932570866368006346e-01
5.146269202232360840e-01 6.943075912522168602e-01 5.032352209091186523e-01 6.932530840312580711e-01
5.142243504524230957e-01 6.943791236726429839e-01 5.032352209091186523e-01 6.932491721825270181e-01
5.105116963386535645e-01 6.947435073635833680e-01 5.032352209091186523e-01 6.932450226119106773e-01
5.131508111953735352e-01 6.941813354757523369e-01 5.032352209091186523e-01 6.932408123169629954e-01
5.114957690238952637e-01 6.950081187873774491e-01 5.032352209091186523e-01 6.932367576708801105e-01
5.102433562278747559e-01 6.953445483265036087e-01 5.032352209091186523e-01 6.932328297359862113e-01
5.130166411399841309e-01 6.947316199002527837e-01 5.032352209091186523e-01 6.932289066281852596e-01
5.108695626258850098e-01 6.948642557732511715e-01 5.032352209091186523e-01 6.932248994816919696e-01
5.050098299980163574e-01 6.955808333813942035e-01 5.032352209091186523e-01 6.932209406061278223e-01
5.136876106262207031e-01 6.952123798204675742e-01 5.032352209091186523e-01 6.932171234455518638e-01
5.119878053665161133e-01 6.945044087433691615e-01 5.032352209091186523e-01 6.932131997530257550e-01
