4.990159273147583008e-01 1.847425223165984107e+02 4.990607500076293945e-01 1.010278689565202725e+00
4.992842972278594971e-01 2.320942879490998312e+00 4.990607500076293945e-01 1.436980534386122166e+00
5.044730901718139648e-01 1.483063882569077396e+00 5.009392499923706055e-01 1.157885984547375680e+00
4.958400428295135498e-01 1.429054822493461163e+00 4.990607500076293945e-01 2.399269061306527728e+00
5.034442543983459473e-01 1.682088449221430304e+00 5.009392499923706055e-01 6.958591218433607395e-01
4.977187216281890869e-01 1.352833975660372223e+00 5.009392499923706055e-01 2.873629011408169287e+00
4.957505762577056885e-01 1.650375670259680128e+00 5.009392499923706055e-01 6.932898911870464254e-01
5.021917819976806641e-01 8.637705084078425299e-01 5.009392499923706055e-01 7.643613121226395801e-01
5.001789331436157227e-01 8.917838872641479231e-01 4.990607500076293945e-01 8.962776130187787293e-01
4.951243400573730469e-01 1.230053230994800018e+00 5.009392499923706055e-01 2.175689408386507484e+00
4.975398182868957520e-01 1.627994641077755267e+00 5.009392499923706055e-01 1.409219172622435456e+00
4.964215457439422607e-01 8.951174419304620544e-01 5.009392499923706055e-01 7.100572284739491424e-01
5.033995509147644043e-01 9.280801628522826752e-01 4.990607500076293945e-01 8.963310420824177616e-01
4.988369941711425781e-01 8.363446297767572757e-01 5.009392499923706055e-01 1.647284284908969054e+00
5.037573575973510742e-01 8.389380698576023310e-01 5.009392499923706055e-01 1.090613092206211610e+00
4.978976547718048096e-01 7.889424087131443608e-01 4.990607500076293945e-01 6.934402974929323449e-01
4.984791576862335205e-01 8.369004186246151722e-01 4.990607500076293945e-01 9.478017293294669354e-01
4.988369941711425781e-01 8.203144599572770312e-01 5.009392499923706055e-01 8.634276084401268925e-01
4.950349032878875732e-01 7.442369295864375012e-01 4.990607500076293945e-01 6.957134801145635761e-01
5.052782297134399414e-01 7.538941322978652826e-01 4.990607500076293945e-01 7.105656085320888327e-01
4.987027943134307861e-01 7.373125538307261362e-01 5.009392499923706055e-01 7.142928062165064818e-01
4.999105334281921387e-01 7.296358456144949045e-01 4.990607500076293945e-01 6.959719786288668386e-01
4.974503517150878906e-01 7.623031002866451633e-01 5.009392499923706055e-01 8.630555808929828432e-01
5.012524724006652832e-01 7.296007991178365959e-01 4.990607500076293945e-01 8.609873173730007156e-01
4.962426126003265381e-01 7.384820893276226039e-01 5.009392499923706055e-01 7.507770528153372425e-01
4.964215457439422607e-01 7.286223922545378429e-01 5.009392499923706055e-01 8.871408346873239648e-01
5.011630058288574219e-01 7.290003200958614649e-01 4.990607500076293945e-01 7.145257006231963137e-01
4.995526969432830811e-01 7.131431538722962094e-01 5.009392499923706055e-01 7.845186804262040958e-01
5.008946061134338379e-01 7.282704731329840975e-01 5.009392499923706055e-01 7.232205900238242169e-01
5.005815029144287109e-01 7.257965196861865254e-01 5.009392499923706055e-01 6.934769649118452950e-01
5.023260116577148438e-01 7.136137741348742569e-01 5.009392499923706055e-01 7.139567557393422526e-01
5.013419389724731445e-01 7.069321788686143693e-01 4.990607500076293945e-01 7.049850321119599528e-01
4.940508008003234863e-01 7.040537210648932787e-01 4.990607500076293945e-01 7.026564739014703465e-01
4.975398182868957520e-01 7.062432041938626615e-01 4.990607500076293945e-01 7.270403322235972077e-01
4.971372485160827637e-01 7.133585140175716655e-01 5.009392499923706055e-01 6.936524172984740444e-01
5.011182427406311035e-01 7.007626392777778213e-01 4.990607500076293945e-01 6.935424805185138597e-01
5.023707151412963867e-01 6.983889418033095708e-01 4.990607500076293945e-01 6.937834368546306196e-01
5.013866424560546875e-01 7.034525497588046683e-01 4.990607500076293945e-01 6.991056286325735281e-01
5.030864477157592773e-01 6.969359751826088578e-01 5.009392499923706055e-01 6.932360379986015619e-01
4.986580908298492432e-01 6.984528517825463467e-01 5.009392499923706055e-01 6.945484133409672856e-01
5.001341700553894043e-01 6.958481556807418755e-01 4.990607500076293945e-01 6.958102225461102464e-01
5.006709694862365723e-01 6.971130008282868662e-01 5.009392499923706055e-01 6.940517312324363530e-01
4.981660544872283936e-01 6.957197852244764169e-01 5.009392499923706055e-01 6.937051998178039858e-01
5.038021206855773926e-01 6.950376375584509381e-01 4.990607500076293945e-01 6.931560839225244797e-01
5.052334666252136230e-01 7.042291456182605547e-01 4.990607500076293945e-01 6.931663021193344987e-01
4.942297339439392090e-01 6.964933939090162118e-01 4.990607500076293945e-01 6.931821414782890489e-01
4.986133575439453125e-01 6.952257358786841923e-01 5.009392499923706055e-01 6.935360965512784581e-01
5.017445087432861328e-01 6.960518882491759651e-01 4.990607500076293945e-01 6.932057737557680843e-01
5.027732849121093750e-01 6.945627485624386033e-01 4.990607500076293945e-01 6.933364116356781626e-01
4.935587644577026367e-01 6.955056913766265447e-01 5.009392499923706055e-01 6.961910303015720336e-01
5.014314055442810059e-01 6.955470290907509456e-01 4.990607500076293945e-01 6.947774198602172380e-01
5.038468241691589355e-01 6.950987680458727835e-01 5.009392499923706055e-01 6.954000544458459609e-01
4.982107579708099365e-01 6.965709339849295301e-01 5.009392499923706055e-01 6.936649560331178410e-01
4.985238909721374512e-01 6.946948449328838038e-01 5.009392499923706055e-01 6.938870908745742305e-01
5.038021206855773926e-01 6.942241034347355066e-01 5.009392499923706055e-01 6.932060662054413402e-01
5.011630058288574219e-01 6.939152327627290395e-01 4.990607500076293945e-01 6.932060938865798327e-01
4.989264607429504395e-01 6.947008137690997565e-01 5.009392499923706055e-01 6.931844617921856244e-01
5.019234418869018555e-01 6.944249800992451371e-01 5.009392499923706055e-01 6.935612502712169558e-01
4.965557456016540527e-01 6.961991939994298662e-01 4.990607500076293945e-01 6.932027970069983835e-01
5.009840726852416992e-01 6.970817029934744946e-01 5.009392499923706055e-01 6.939739523588852599e-01
5.060386657714843750e-01 6.955191953000068317e-01 5.009392499923706055e-01 6.931820523139207157e-01
5.009840726852416992e-01 6.947207853669961075e-01 4.990607500076293945e-01 6.938905644531265793e-01
5.009393692016601562e-01 6.955381246537934992e-01 5.009392499923706055e-01 6.976408324692499052e-01
4.995974302291870117e-01 6.957295859173555641e-01 5.009392499923706055e-01 6.932403571519590857e-01
5.057702660560607910e-01 6.947471598624159750e-01 4.990607500076293945e-01 6.932714822719798775e-01
4.966899156570434570e-01 6.975038378049700505e-01 5.009392499923706055e-01 6.972954522665147925e-01
4.986133575439453125e-01 6.960313275581737624e-01 4.990607500076293945e-01 6.933714362381147023e-01
5.004473328590393066e-01 6.951602672630483593e-01 4.990607500076293945e-01 6.944170264778742885e-01
4.997316300868988037e-01 6.956362127191287881e-01 5.009392499923706055e-01 6.937672740306866093e-01
4.987922608852386475e-01 6.966799466676928398e-01 4.990607500076293945e-01 6.938732448934986641e-01
4.960637092590332031e-01 6.973901130918911395e-01 4.990607500076293945e-01 6.972037846771865777e-01
4.977634549140930176e-01 6.966873134455883187e-01 5.009392499923706055e-01 6.931946711807951411e-01
5.056807994842529297e-01 6.949764990618881866e-01 5.009392499923706055e-01 6.985634459729633816e-01
4.993737637996673584e-01 6.966266850491802387e-01 5.009392499923706055e-01 6.938296622534282365e-01
5.028180480003356934e-01 6.952768909651769746e-01 4.990607500076293945e-01 6.931970614377752637e-01
5.033995509147644043e-01 6.978224659034317767e-01 4.990607500076293945e-01 6.973241846538043021e-01
4.989711940288543701e-01 6.970683827684313050e-01 5.009392499923706055e-01 6.936592077989962579e-01
4.960189759731292725e-01 6.985310170406902053e-01 5.009392499923706055e-01 7.007346675406416203e-01
4.975845515727996826e-01 6.962635253917170974e-01 4.990607500076293945e-01 6.959745142335956869e-01
4.988817274570465088e-01 6.972810792398274060e-01 5.009392499923706055e-01 6.959374199653064474e-01
4.946770370006561279e-01 6.969677652329829831e-01 5.009392499923706055e-01 6.938994690212917371e-01
5.034442543983459473e-01 6.978304182977620451e-01 4.990607500076293945e-01 7.028021438712492852e-01
4.950796067714691162e-01 6.972060925334739867e-01 5.009392499923706055e-01 6.931457363646007508e-01
4.990606606006622314e-01 6.953266195714271625e-01 5.009392499923706055e-01 6.948901614921870751e-01
4.975845515727996826e-01 7.038441692744070721e-01 5.009392499923706055e-01 6.931458852331415788e-01
5.026391148567199707e-01 7.030782920342905085e-01 5.009392499923706055e-01 7.016276392352478464e-01
5.076042413711547852e-01 7.204485466941393801e-01 4.990607500076293945e-01 6.931557072351034465e-01
4.984791576862335205e-01 7.039934300975352333e-01 5.009392499923706055e-01 6.934810458954429047e-01
4.955269396305084229e-01 7.019034028266576408e-01 4.990607500076293945e-01 6.942536664815268654e-01
5.024154782295227051e-01 7.034055078193868216e-01 5.009392499923706055e-01 6.941353648347362570e-01
5.025049448013305664e-01 6.956573073990679479e-01 5.009392499923706055e-01 6.931455250797577960e-01
5.008499026298522949e-01 6.977088210684686542e-01 5.009392499923706055e-01 6.936121933073570167e-01
5.028180480003356934e-01 7.045528739610795732e-01 4.990607500076293945e-01 6.934791259316754886e-01
4.998210668563842773e-01 7.057194471956472759e-01 4.990607500076293945e-01 6.942987884914817442e-01
4.949007034301757812e-01 6.977723952503446236e-01 4.990607500076293945e-01 7.001040375847280561e-01
5.029075145721435547e-01 6.986752380666120255e-01 5.009392499923706055e-01 7.053301033931892450e-01
5.010288357734680176e-01 7.083469683037479925e-01 5.009392499923706055e-01 6.968071987722990190e-01
4.979871213436126709e-01 7.017056632924962845e-01 4.990607500076293945e-01 6.933699983864730632e-01
5.039810538291931152e-01 7.014940396940415601e-01 4.990607500076293945e-01 7.030007077442831376e-01
5.014761090278625488e-01 7.062195950916103637e-01 5.009392499923706055e-01 6.944205146621149627e-01
