5.045177936553955078e-01 1.576992991753822348e+00 5.009392499923706055e-01 6.966669939176893811e-01
5.024601817131042480e-01 7.128680282062271889e-01 5.009392499923706055e-01 6.933108652416835049e-01
4.948559701442718506e-01 7.029742099535361000e-01 5.009392499923706055e-01 6.933339868301490183e-01
5.012077093124389648e-01 7.037007840572561124e-01 5.009392499923706055e-01 6.932193544582294642e-01
4.982554912567138672e-01 7.166005789135154735e-01 5.009392499923706055e-01 9.565503235974009977e-01
5.020576119422912598e-01 7.176727655215902058e-01 4.990607500076293945e-01 6.936034120166757466e-01
5.012971758842468262e-01 7.057048756036674586e-01 4.990607500076293945e-01 7.202348694301701215e-01
5.008051395416259766e-01 7.066014299966031365e-01 4.990607500076293945e-01 6.935330565028985372e-01
5.011630058288574219e-01 7.023734122616038800e-01 4.990607500076293945e-01 6.959937590692815146e-01
4.980765879154205322e-01 7.035439461389665361e-01 5.009392499923706055e-01 6.939179824528727281e-01
5.006262063980102539e-01 7.033949714906528872e-01 5.009392499923706055e-01 6.972388479336893985e-01
4.944534003734588623e-01 7.031177366264050876e-01 4.990607500076293945e-01 6.966364722962520295e-01
5.004473328590393066e-01 7.030619359076140107e-01 4.990607500076293945e-01 6.933171132043318696e-01
4.977187216281890869e-01 7.039313443361017164e-01 4.990607500076293945e-01 6.997427749399899310e-01
5.038915872573852539e-01 7.005186278228363594e-01 4.990607500076293945e-01 6.987905111051108120e-01
4.981660544872283936e-01 7.019243832137038730e-01 4.990607500076293945e-01 7.268247859409819878e-01
4.952138066291809082e-01 7.058992911844054197e-01 4.990607500076293945e-01 7.003760462612429460e-01
5.019681453704833984e-01 7.081442705035145835e-01 5.009392499923706055e-01 6.941639028444490656e-01
5.009840726852416992e-01 7.044531394467411500e-01 5.009392499923706055e-01 6.962414763959606789e-01
5.022365450859069824e-01 7.034829324186328003e-01 5.009392499923706055e-01 7.108914902652636592e-01
5.016997456550598145e-01 7.014086680221182091e-01 5.009392499923706055e-01 6.931517205913140245e-01
4.998658001422882080e-01 7.000661435505213248e-01 4.990607500076293945e-01 7.024170493586927577e-01
4.975398182868957520e-01 7.120791292399578643e-01 5.009392499923706055e-01 6.961568673352214187e-01
4.977187216281890869e-01 7.047909448197583471e-01 4.990607500076293945e-01 6.954150586057570305e-01
4.981213212013244629e-01 7.164537330543148119e-01 4.990607500076293945e-01 1.585544974264982088e+00
5.052334666252136230e-01 1.184789928773111178e+00 4.990607500076293945e-01 6.956406919698928659e-01
5.015655755996704102e-01 7.020471530942632432e-01 5.009392499923706055e-01 6.944850055690200419e-01
4.998210668563842773e-01 6.989200101979710089e-01 5.009392499923706055e-01 6.936753685452997642e-01
4.967793822288513184e-01 6.990573932412571523e-01 4.990607500076293945e-01 6.944114709915634176e-01
4.987027943134307861e-01 6.991556395164519877e-01 4.990607500076293945e-01 7.290097401276980360e-01
5.019681453704833984e-01 7.040435239995266326e-01 5.009392499923706055e-01 7.002204159708964593e-01
5.026391148567199707e-01 6.987105576205837609e-01 4.990607500076293945e-01 7.024189362792674363e-01
4.968688488006591797e-01 6.983234639307706049e-01 5.009392499923706055e-01 6.931703040406241856e-01
4.901145100593566895e-01 6.981817641418636144e-01 4.990607500076293945e-01 6.933757169115795094e-01
4.977634549140930176e-01 7.091787197355678973e-01 5.009392499923706055e-01 6.983764770881439876e-01
4.994184970855712891e-01 7.076727542516305647e-01 5.009392499923706055e-01 7.433836547822301188e-01
4.973161518573760986e-01 7.036240148531514027e-01 5.009392499923706055e-01 6.953968637249858809e-01
5.025496482849121094e-01 7.064777159652464444e-01 4.990607500076293945e-01 6.933038027071052323e-01
5.015655755996704102e-01 1.208445555367352986e+00 5.009392499923706055e-01 3.079146721715893165e+01
5.012971758842468262e-01 2.245129309128853379e+01 4.990607500076293945e-01 4.569680148239948281e+00
5.032653212547302246e-01 1.196762337083572492e+00 5.009392499923706055e-01 7.057442477241584466e-01
4.987475275993347168e-01 7.362368164004484683e-01 5.009392499923706055e-01 6.956705543323589147e-01
5.016102790832519531e-01 7.362192640003396571e-01 4.990607500076293945e-01 6.952655844762065662e-01
4.988369941711425781e-01 7.135841387353529797e-01 5.009392499923706055e-01 6.931464525534101195e-01
4.997763335704803467e-01 7.791702292924874707e-01 4.990607500076293945e-01 6.959192354229740696e-01
5.014761090278625488e-01 7.126860771095588909e-01 4.990607500076293945e-01 6.931885924276591782e-01
5.038915872573852539e-01 7.287964124887739148e-01 5.009392499923706055e-01 6.975327287280617128e-01
5.004025697708129883e-01 7.314690517427926419e-01 5.009392499923706055e-01 6.949556333066725378e-01
4.974950850009918213e-01 7.099002967539446152e-01 4.990607500076293945e-01 6.958614337471675793e-01
4.927088916301727295e-01 7.109382550881488960e-01 5.009392499923706055e-01 6.949236201010823288e-01
4.892199039459228516e-01 7.120090236837012254e-01 4.990607500076293945e-01 6.965672015471986445e-01
5.017445087432861328e-01 7.116708599469554475e-01 5.009392499923706055e-01 6.931745520565659735e-01
4.943639338016510010e-01 7.045855650664613057e-01 5.009392499923706055e-01 6.931512928337474344e-01
4.967793822288513184e-01 7.026435962771021559e-01 5.009392499923706055e-01 6.931774253463028890e-01
5.014314055442810059e-01 3.001602776555218011e+00 5.009392499923706055e-01 3.321289411692896820e+00
4.968688488006591797e-01 1.136717959707891135e+00 4.990607500076293945e-01 6.938642118724097640e-01
5.019681453704833984e-01 7.070525170844278451e-01 4.990607500076293945e-01 6.933966885402291780e-01
5.010288357734680176e-01 7.022514033454073656e-01 5.009392499923706055e-01 6.945015273768975206e-01
5.003578662872314453e-01 7.027432355135919684e-01 4.990607500076293945e-01 6.938450340935045091e-01
4.982107579708099365e-01 7.021281485758904539e-01 4.990607500076293945e-01 6.932779231192895963e-01
5.040705204010009766e-01 7.009699572005027024e-01 4.990607500076293945e-01 6.933415005610646942e-01
5.004025697708129883e-01 7.011709417911180520e-01 5.009392499923706055e-01 6.946633333727900705e-01
4.977634549140930176e-01 7.025387267090378307e-01 4.990607500076293945e-01 6.932110017959819404e-01
4.992395639419555664e-01 7.022739150460578506e-01 4.990607500076293945e-01 6.943223580167527942e-01
4.978081881999969482e-01 7.004477679676138768e-01 4.990607500076293945e-01 6.941954601510186285e-01
4.985238909721374512e-01 6.978963394671822140e-01 5.009392499923706055e-01 6.934231785064797204e-01
4.975845515727996826e-01 6.993808045458080880e-01 4.990607500076293945e-01 6.932069537436084117e-01
4.945875704288482666e-01 6.987118557839385735e-01 5.009392499923706055e-01 6.935843946142004057e-01
4.996868968009948730e-01 6.997576638973554974e-01 4.990607500076293945e-01 6.931562986535135806e-01
4.970925152301788330e-01 6.969387953173477035e-01 4.990607500076293945e-01 6.967645856687704198e-01
5.000447034835815430e-01 6.965733957346105232e-01 4.990607500076293945e-01 6.943947920419059061e-01
4.978529214859008789e-01 6.978229985592894202e-01 5.009392499923706055e-01 6.939014148622583145e-01
4.957505762577056885e-01 6.982867436089911228e-01 5.009392499923706055e-01 6.933708850786547417e-01
5.039810538291931152e-01 6.960936542976988717e-01 5.009392499923706055e-01 6.949747094802481984e-01
5.004473328590393066e-01 6.961712205766202866e-01 5.009392499923706055e-01 6.953896931406601256e-01
5.022812485694885254e-01 6.966511665505658035e-01 4.990607500076293945e-01 6.948595171282272442e-01
4.998210668563842773e-01 6.961998786903234038e-01 4.990607500076293945e-01 6.936913130801397598e-01
4.988369941711425781e-01 6.957201564070960575e-01 4.990607500076293945e-01 6.962469864354405846e-01
5.004920363426208496e-01 6.964193622207232037e-01 5.009392499923706055e-01 6.931823796356080258e-01
4.941402673721313477e-01 6.959410021846420547e-01 4.990607500076293945e-01 6.961102693545199172e-01
5.027732849121093750e-01 6.958061964743507133e-01 4.990607500076293945e-01 6.960672904618521173e-01
4.977634549140930176e-01 6.978794690918082022e-01 5.009392499923706055e-01 7.008666243490458969e-01
4.993737637996673584e-01 6.962103794951582936e-01 4.990607500076293945e-01 6.979942567237507056e-01
5.012524724006652832e-01 6.963004403217551985e-01 5.009392499923706055e-01 6.948159850731047138e-01
4.981660544872283936e-01 6.964997083860511307e-01 5.009392499923706055e-01 6.931456482701549016e-01
5.012077093124389648e-01 6.973374342423557248e-01 5.009392499923706055e-01 6.937709352313737865e-01
4.952138066291809082e-01 6.962509831837878638e-01 5.009392499923706055e-01 6.937511738345409906e-01
4.966004788875579834e-01 6.981561497683004269e-01 4.990607500076293945e-01 6.932618306365397887e-01
4.999552667140960693e-01 6.960108388427929116e-01 4.990607500076293945e-01 6.935392273315879041e-01
4.978529214859008789e-01 6.982238165784935280e-01 5.009392499923706055e-01 6.939586189987017040e-01
4.971819519996643066e-01 7.051188505960718222e-01 4.990607500076293945e-01 7.005500453445563380e-01
4.944534003734588623e-01 6.981484833994797690e-01 4.990607500076293945e-01 7.208161358294867815e-01
5.001341700553894043e-01 7.014677408855360952e-01 4.990607500076293945e-01 6.932563936130609061e-01
5.012971758842468262e-01 7.002743753898035273e-01 4.990607500076293945e-01 6.972247122399519714e-01
5.021470785140991211e-01 6.982897787854291938e-01 5.009392499923706055e-01 7.042739842560564734e-01
5.002236366271972656e-01 7.038574021667546310e-01 5.009392499923706055e-01 7.341549644587657131e-01
4.959742426872253418e-01 7.070051706696819371e-01 5.009392499923706055e-01 6.940038604418834467e-01
4.964662790298461914e-01 7.082777454913206094e-01 5.009392499923706055e-01 6.933490957927166409e-01
5.016550421714782715e-01 7.012127017394697015e-01 4.990607500076293945e-01 7.201805561998646521e-01
4.975845515727996826e-01 7.042436810464631769e-01 4.990607500076293945e-01 6.936113578968171600e-01
