5.544820427894592285e-01 6.869240814510324533e-01 5.849509239196777344e-01 6.691946841510445498e-01
5.794417858123779297e-01 6.729160624468426555e-01 5.853683948516845703e-01 6.671167508069371088e-01
5.915637612342834473e-01 6.652753416040242396e-01 5.841160416603088379e-01 6.623619987058430025e-01
5.887010097503662109e-01 6.650754221544898925e-01 5.889167189598083496e-01 6.600140238375535873e-01
5.979155302047729492e-01 6.604525403593366484e-01 6.025881767272949219e-01 6.593123633710756826e-01
5.988101363182067871e-01 6.585467322010498670e-01 5.992485880851745605e-01 6.555265467143511771e-01
6.053408384323120117e-01 6.538343690848985590e-01 6.102066636085510254e-01 6.488328222267016887e-01
6.037752628326416016e-01 6.547016051912333268e-01 6.139636635780334473e-01 6.488361014276774474e-01
6.075326800346374512e-01 6.525518849190796722e-01 6.112502813339233398e-01 6.508031588485508889e-01
6.167024374008178711e-01 6.469900219016860854e-01 6.274264454841613770e-01 6.466710044207539809e-01
6.134818196296691895e-01 6.471640798567360742e-01 6.213734149932861328e-01 6.422040508152223603e-01
6.125425100326538086e-01 6.473646502862528962e-01 6.191818118095397949e-01 6.444522291701811900e-01
6.192073822021484375e-01 6.446142943286367055e-01 6.082237362861633301e-01 6.471764026666528835e-01
6.222043037414550781e-01 6.419355311319512314e-01 6.240868568420410156e-01 6.389401804253791450e-01
6.222043037414550781e-01 6.406125368063512182e-01 6.275308132171630859e-01 6.343130424659154665e-01
6.241725087165832520e-01 6.395187163250586337e-01 6.340012550354003906e-01 6.324246559852698679e-01
6.272141933441162109e-01 6.378074141409555420e-01 6.252348423004150391e-01 6.344538158973307418e-01
6.224279999732971191e-01 6.364635667853799639e-01 6.221039295196533203e-01 6.385470276037155113e-01
6.256933212280273438e-01 6.358804057228435447e-01 6.297224164009094238e-01 6.328426530330819588e-01
6.249328851699829102e-01 6.350198846785619633e-01 6.275308132171630859e-01 6.329279025047364060e-01
6.332975625991821289e-01 6.319089876366207337e-01 6.236693859100341797e-01 6.333499598343867998e-01
6.325371265411376953e-01 6.309228065957065423e-01 6.318096518516540527e-01 6.324338295270146570e-01
6.272141933441162109e-01 6.320913497269911030e-01 6.284700632095336914e-01 6.309606027090581826e-01
6.325818300247192383e-01 6.286258478351517409e-01 6.322270631790161133e-01 6.281570938628293632e-01
6.350867748260498047e-01 6.248029791555884671e-01 6.324357986450195312e-01 6.276212880293429164e-01
6.387099623680114746e-01 6.259136896565127284e-01 6.418284177780151367e-01 6.201828323184909175e-01
6.360708475112915039e-01 6.222469283677444229e-01 6.322270631790161133e-01 6.254253832339942143e-01
6.400519013404846191e-01 6.245188782713796405e-01 6.426633000373840332e-01 6.192744374026388776e-01
6.402308344841003418e-01 6.235640075109069036e-01 6.404716968536376953e-01 6.181666100729334978e-01
6.443012952804565430e-01 6.178205400401395320e-01 6.381757259368896484e-01 6.229446872344123198e-01
6.392914652824401855e-01 6.178867002786816442e-01 6.374452114105224609e-01 6.231400244570902691e-01
6.389335989952087402e-01 6.189454274562331548e-01 6.378626823425292969e-01 6.228707126699243313e-01
6.483270525932312012e-01 6.133477563486049444e-01 6.403673291206359863e-01 6.139454765972726102e-01
6.485059857368469238e-01 6.139490756371682734e-01 6.392193436622619629e-01 6.159093764773293511e-01
6.497136950492858887e-01 6.101345175663587250e-01 6.482989192008972168e-01 6.108726931374696134e-01
6.426910161972045898e-01 6.145059460603096158e-01 6.471509337425231934e-01 6.089063760408701675e-01
6.510556340217590332e-01 6.085167329049874230e-01 6.401586532592773438e-01 6.096527242779955502e-01
6.482823491096496582e-01 6.118462319279382999e-01 6.471509337425231934e-01 6.056733051910949683e-01
6.532921791076660156e-01 6.052653493469997148e-01 6.481945514678955078e-01 6.047659928752394665e-01
6.543210148811340332e-01 6.060933173395990359e-01 6.568565964698791504e-01 6.034219767350140762e-01
6.583467721939086914e-01 6.013199865636724706e-01 6.445418596267700195e-01 6.101703529341985233e-01
6.514135003089904785e-01 6.024085509689619533e-01 6.463159918785095215e-01 6.105362301304753103e-01
6.537842154502868652e-01 6.028875386721334051e-01 6.514297723770141602e-01 6.070676353773476475e-01
6.534711122512817383e-01 6.024020959213736148e-01 6.468378305435180664e-01 6.050428277240419428e-01
6.627750992774963379e-01 5.966912596633980881e-01 6.620747447013854980e-01 5.965251586950290896e-01
6.625514626502990723e-01 5.961408359694297943e-01 6.562304496765136719e-01 6.044282990217557661e-01
6.631776690483093262e-01 5.955997892837231467e-01 6.453767418861389160e-01 6.121546605563417121e-01
6.601806879043579102e-01 5.933290991187628594e-01 6.608223915100097656e-01 6.006674573083581326e-01
6.651011109352111816e-01 5.889221903334621588e-01 6.502817869186401367e-01 5.949400745361788090e-01
6.645643115043640137e-01 5.885642747329585811e-01 6.607180237770080566e-01 5.949695507809753536e-01
6.581230759620666504e-01 5.951224981533390634e-01 6.688582897186279297e-01 5.851510718878513151e-01
6.703345775604248047e-01 5.842676340819130676e-01 6.630139946937561035e-01 5.930785673367805488e-01
6.676059961318969727e-01 5.871301046166869098e-01 6.610311269760131836e-01 5.924061495733768945e-01
6.668903231620788574e-01 5.880175216463729981e-01 6.617616415023803711e-01 5.896380200089454959e-01
6.665324568748474121e-01 5.877795810668748899e-01 6.669797301292419434e-01 5.900646494788980290e-01
6.713634133338928223e-01 5.835883227928654327e-01 6.577958464622497559e-01 5.910237783978612436e-01
6.724816560745239258e-01 5.874010916791975179e-01 6.660404801368713379e-01 5.800377325831512776e-01
6.709160804748535156e-01 5.801090934682263667e-01 6.689626574516296387e-01 5.851506126795350538e-01
6.714081168174743652e-01 5.810533788959675316e-01 6.589438319206237793e-01 5.903389412086309518e-01
6.693505048751831055e-01 5.859140931205558678e-01 6.712586283683776855e-01 5.799297422662057500e-01
6.760153770446777344e-01 5.788857980584134477e-01 6.678146719932556152e-01 5.834373014128997337e-01
6.769547462463378906e-01 5.777729976729644168e-01 6.563348174095153809e-01 5.919735495493273492e-01
6.780729889869689941e-01 5.741541686926572297e-01 6.757462024688720703e-01 5.812575846966461235e-01
6.774467825889587402e-01 5.735870225844602599e-01 6.669797301292419434e-01 5.832942676703434248e-01
6.795938611030578613e-01 5.768025255540250029e-01 6.679190397262573242e-01 5.823880638192426851e-01
6.774467825889587402e-01 5.729640521992935831e-01 6.646837592124938965e-01 5.903833533373438192e-01
6.761048436164855957e-01 5.759303084019579133e-01 6.653099656105041504e-01 5.861908822561251453e-01
6.811146736145019531e-01 5.708950356456840014e-01 6.711542606353759766e-01 5.750869116686599947e-01
6.822329759597778320e-01 5.681968583448945287e-01 6.752243638038635254e-01 5.755833921465339786e-01
6.794149279594421387e-01 5.696094530621418350e-01 6.810686588287353516e-01 5.728460825626697783e-01
6.850062608718872070e-01 5.636312093477083840e-01 6.712586283683776855e-01 5.812116567487881635e-01
6.842011213302612305e-01 5.656097018669662413e-01 6.648924946784973145e-01 5.789856431728562791e-01
6.825907826423645020e-01 5.647850566440157927e-01 6.757462024688720703e-01 5.713005907424579810e-01
6.827697157859802246e-01 5.650195252342926633e-01 6.683364510536193848e-01 5.802581820476032659e-01
6.841116547584533691e-01 5.666871441031295920e-01 6.757462024688720703e-01 5.734436983257016340e-01
6.859456300735473633e-01 5.637561685658456501e-01 6.865998506546020508e-01 5.722010444559699760e-01
6.888978481292724609e-01 5.598775340781738663e-01 6.847213506698608398e-01 5.706762329095391717e-01
6.879137754440307617e-01 5.595665582925438697e-01 6.754330992698669434e-01 5.774507635422525542e-01
6.889873147010803223e-01 5.604942859040323855e-01 6.739720106124877930e-01 5.731629517525776984e-01
6.910449266433715820e-01 5.583614582963398743e-01 6.725109815597534180e-01 5.770732709048213005e-01
6.878690123558044434e-01 5.634876502543491039e-01 6.780421733856201172e-01 5.686165568251819735e-01
6.925657391548156738e-01 5.564861202692170661e-01 6.799206733703613281e-01 5.793005814385100427e-01
6.880032420158386230e-01 5.629830294611799513e-01 6.735545992851257324e-01 5.751472331242928338e-01
6.892109513282775879e-01 5.567820762175953453e-01 6.819035410881042480e-01 5.689991091766229969e-01
6.906870603561401367e-01 5.582068747752338966e-01 6.878522038459777832e-01 5.615372854716293993e-01
6.922973990440368652e-01 5.549526653236045437e-01 6.833646297454833984e-01 5.669449242090437435e-01
6.892109513282775879e-01 5.546940343071553592e-01 6.819035410881042480e-01 5.625703788779021775e-01
6.900608539581298828e-01 5.578087208245005035e-01 6.719891428947448730e-01 5.741758212444055820e-01
6.909554600715637207e-01 5.558868367634853813e-01 6.744938492774963379e-01 5.661954967718337839e-01
6.943550109863281250e-01 5.498665663568507167e-01 6.806512475013732910e-01 5.627161601196373208e-01
6.963231563568115234e-01 5.484950355285607149e-01 6.883740425109863281e-01 5.654694504788613241e-01
6.982018351554870605e-01 5.466110825453318611e-01 6.890001893043518066e-01 5.617449503058408178e-01
6.964573264122009277e-01 5.513063108138266388e-01 6.886871457099914551e-01 5.597230166762886538e-01
6.991411447525024414e-01 5.459388649342076238e-01 6.834689974784851074e-01 5.637478709743406480e-01
6.957416534423828125e-01 5.474173318062128812e-01 6.929659843444824219e-01 5.625700175675090176e-01
6.955179572105407715e-01 5.460970629667164511e-01 6.908787488937377930e-01 5.597905576465473931e-01
6.943102478981018066e-01 5.496270139244251451e-01 6.822166442871093750e-01 5.810127728942340308e-01
6.970388293266296387e-01 5.451925458987425532e-01 6.930703520774841309e-01 5.605059416128383987e-01
6.958758234977722168e-01 5.491858099884371347e-01 6.802337765693664551e-01 5.776626965965265814e-01
6.996331810951232910e-01 5.460744020358290207e-01 6.899394989013671875e-01 5.612653174024114788e-01
