4.980318546295166016e-01 2.755659159916119982e+00 4.966604113578796387e-01 6.962907883474508397e-01
5.025049448013305664e-01 7.414265802154431650e-01 4.990607500076293945e-01 3.705274149959009389e+00
5.028180480003356934e-01 7.870742538828908730e-01 5.014610886573791504e-01 6.941286301816885773e-01
4.934245944023132324e-01 7.216859432788841344e-01 5.009392499923706055e-01 6.931938364420671128e-01
4.972266852855682373e-01 7.156761923401956382e-01 5.009392499923706055e-01 7.056712914150160554e-01
5.060833692550659180e-01 6.950069770848821271e-01 5.009392499923706055e-01 6.932645986259816651e-01
5.002683997154235840e-01 7.078924096319580972e-01 4.990607500076293945e-01 6.932945559378631550e-01
5.001789331436157227e-01 6.942259627605171790e-01 4.990607500076293945e-01 6.935955194211708141e-01
4.963320791721343994e-01 7.482936198648687531e-01 4.987476468086242676e-01 6.948818340850906328e-01
4.991948604583740234e-01 6.942068606929673313e-01 4.987476468086242676e-01 6.933712444731398028e-01
5.017892122268676758e-01 6.974552995106213515e-01 5.012523531913757324e-01 7.472795722529873563e-01
4.973161518573760986e-01 7.010305530697741316e-01 4.990607500076293945e-01 6.932096023869100954e-01
4.982107579708099365e-01 6.969233503770819738e-01 5.009392499923706055e-01 7.124395145177592203e-01
4.991053938865661621e-01 7.832812294483952886e-01 5.009392499923706055e-01 7.489689685835069222e-01
4.985238909721374512e-01 6.971961622866093000e-01 5.009392499923706055e-01 7.015524083203001915e-01
5.019234418869018555e-01 6.957059803984206869e-01 4.990607500076293945e-01 6.934251230411453415e-01
5.038021206855773926e-01 7.021201460897698032e-01 5.009392499923706055e-01 6.936553698122513989e-01
4.986133575439453125e-01 6.988169397964825169e-01 5.009392499923706055e-01 6.942829033249082737e-01
5.029075145721435547e-01 6.947460196956279921e-01 5.009392499923706055e-01 6.935085083716250320e-01
5.005815029144287109e-01 7.134833524427210971e-01 4.990607500076293945e-01 6.966599860362532315e-01
5.035784840583801270e-01 6.942006632283070910e-01 4.984345734119415283e-01 7.214683055429811365e-01
5.015208721160888672e-01 6.968890275185639638e-01 4.990607500076293945e-01 6.936900883794850925e-01
4.959295094013214111e-01 6.965753443340513273e-01 4.990607500076293945e-01 6.936414519970662829e-01
5.012971758842468262e-01 6.958051512014846729e-01 5.009392499923706055e-01 7.023576600793954849e-01
4.964662790298461914e-01 6.963127615264541603e-01 4.990607500076293945e-01 7.055871108458600105e-01
5.004920363426208496e-01 6.980954069510237892e-01 5.009392499923706055e-01 6.931755872067367763e-01
5.039362907409667969e-01 6.954300796693415609e-01 5.009392499923706055e-01 6.932766595530723830e-01
5.016997456550598145e-01 6.936683877569380652e-01 4.990607500076293945e-01 6.933976429236803352e-01
5.008499026298522949e-01 6.942025063225143455e-01 5.009392499923706055e-01 6.948773459212761461e-01
4.986133575439453125e-01 6.943217513599214685e-01 5.009392499923706055e-01 6.931645565778421503e-01
5.015655755996704102e-01 6.937826807564199116e-01 4.990607500076293945e-01 6.933483378147188292e-01
4.984344244003295898e-01 6.941275006331107944e-01 5.009392499923706055e-01 6.933461586186443482e-01
4.986580908298492432e-01 6.937814480525945626e-01 4.990607500076293945e-01 6.934990709073307613e-01
5.017892122268676758e-01 6.937979000436745869e-01 4.990607500076293945e-01 6.932612421666374258e-01
5.000894665718078613e-01 6.936730206556622758e-01 5.009392499923706055e-01 6.931688180175810121e-01
5.026391148567199707e-01 6.939548363005630938e-01 5.009392499923706055e-01 6.931789793343167139e-01
5.025496482849121094e-01 6.934008443157197998e-01 5.009392499923706055e-01 6.993461607692386117e-01
5.043836236000061035e-01 6.938169275014381965e-01 4.990607500076293945e-01 6.970195075311582666e-01
4.973161518573760986e-01 6.935449929714287975e-01 5.009392499923706055e-01 6.931687870769106530e-01
4.994632303714752197e-01 6.943253877018320530e-01 5.009392499923706055e-01 6.931920940108150520e-01
5.037573575973510742e-01 6.935299466325592910e-01 4.990607500076293945e-01 6.932419287563739152e-01
5.005367398262023926e-01 6.937084187866643381e-01 5.009392499923706055e-01 6.931915775865186147e-01
4.989711940288543701e-01 6.935979191978367542e-01 4.990607500076293945e-01 6.932331781824255801e-01
4.976739883422851562e-01 6.936019015218346517e-01 5.009392499923706055e-01 6.959036775656468610e-01
5.029522180557250977e-01 6.943592656744381753e-01 5.009392499923706055e-01 6.932056132051647168e-01
5.094829201698303223e-01 6.930758319721812555e-01 4.990607500076293945e-01 6.941182226334502436e-01
4.946770370006561279e-01 6.940078521952216528e-01 4.990607500076293945e-01 6.932538129098478885e-01
4.991948604583740234e-01 6.936100992560919609e-01 5.009392499923706055e-01 6.985235342499708233e-01
4.957505762577056885e-01 6.936839468407917098e-01 5.009392499923706055e-01 6.931940327355519127e-01
5.039362907409667969e-01 6.938400279859200381e-01 4.990607500076293945e-01 6.933465533081362153e-01
4.979871213436126709e-01 6.935831599296109484e-01 4.990607500076293945e-01 6.931656139724514665e-01
5.021470785140991211e-01 6.941162477048954393e-01 5.009392499923706055e-01 6.932724831721848169e-01
5.021917819976806641e-01 6.941978246224206339e-01 5.009392499923706055e-01 6.936055746787128662e-01
4.990606606006622314e-01 6.939725235229869948e-01 5.009392499923706055e-01 6.931968841665200332e-01
5.001341700553894043e-01 6.941669081336250269e-01 5.009392499923706055e-01 6.931470464102487128e-01
5.007156729698181152e-01 6.943745345415807124e-01 4.990607500076293945e-01 6.933904776018812166e-01
5.011630058288574219e-01 6.935823134348758634e-01 4.990607500076293945e-01 6.934083454222251808e-01
5.022365450859069824e-01 6.936182024483604769e-01 5.009392499923706055e-01 6.931459500256671458e-01
5.007156729698181152e-01 6.943401695470899915e-01 4.990607500076293945e-01 6.933871310704238233e-01
4.951690733432769775e-01 6.935313124310289457e-01 4.990607500076293945e-01 6.933056174203414690e-01
4.981660544872283936e-01 6.938057688272667445e-01 4.990607500076293945e-01 6.931526003165574545e-01
4.974056184291839600e-01 6.936001024938990289e-01 4.990607500076293945e-01 6.933682749774505716e-01
4.943192005157470703e-01 6.939293755297372135e-01 5.009392499923706055e-01 6.931460417155507203e-01
4.990606606006622314e-01 6.934285656265590791e-01 4.990607500076293945e-01 6.948576657390375111e-01
4.983449578285217285e-01 6.936794114061664018e-01 5.009392499923706055e-01 6.940277790605238195e-01
4.946323037147521973e-01 6.939064518435736906e-01 5.009392499923706055e-01 6.932023718371517207e-01
4.996868968009948730e-01 6.937559860766648878e-01 5.009392499923706055e-01 6.932098637466215241e-01
4.911433160305023193e-01 6.935090066324856029e-01 4.990607500076293945e-01 6.941078650481117274e-01
5.012077093124389648e-01 6.935786595709700908e-01 4.990607500076293945e-01 6.932854263251521099e-01
5.043388605117797852e-01 6.936905525050194310e-01 4.990607500076293945e-01 6.931771251334698514e-01
4.987027943134307861e-01 6.938677977888544346e-01 5.009392499923706055e-01 6.931460867642709189e-01
4.983449578285217285e-01 6.934866585593292276e-01 5.009392499923706055e-01 6.931566447983751322e-01
4.994632303714752197e-01 6.936347862863224689e-01 5.009392499923706055e-01 6.932027212788679504e-01
5.008946061134338379e-01 6.936100500281370262e-01 4.990607500076293945e-01 6.931662582649464888e-01
4.980765879154205322e-01 6.935383091034328373e-01 4.990607500076293945e-01 6.933584651925125408e-01
5.008946061134338379e-01 6.944642686890796224e-01 4.990607500076293945e-01 6.931572122928171265e-01
4.961978793144226074e-01 6.933968166456940807e-01 4.990607500076293945e-01 7.510402549709016551e-01
4.985686242580413818e-01 6.950252660380042968e-01 5.009392499923706055e-01 6.933448209416216423e-01
5.028180480003356934e-01 6.937355333757562192e-01 5.009392499923706055e-01 6.931465937956418077e-01
4.971372485160827637e-01 6.935075439778012329e-01 5.009392499923706055e-01 6.931468504153470711e-01
5.024154782295227051e-01 6.936540392584569226e-01 4.990607500076293945e-01 6.932257652979408880e-01
4.990606606006622314e-01 6.935084767281038953e-01 5.009392499923706055e-01 6.938300728175864629e-01
4.939613640308380127e-01 6.937926380701281426e-01 4.990607500076293945e-01 6.932811770775550997e-01
5.008499026298522949e-01 6.934734497263982389e-01 4.990607500076293945e-01 6.932120369959166029e-01
5.008051395416259766e-01 6.941144445284169739e-01 5.009392499923706055e-01 6.936470047712475218e-01
4.972266852855682373e-01 6.935856177760356678e-01 5.009392499923706055e-01 6.932263859152868468e-01
4.982107579708099365e-01 6.937206843539627243e-01 4.990607500076293945e-01 6.975783290307672191e-01
4.995526969432830811e-01 6.936803485289693150e-01 5.009392499923706055e-01 6.932782806973943890e-01
5.045625567436218262e-01 6.933238934075647286e-01 4.990607500076293945e-01 6.931776606546417030e-01
4.983002245426177979e-01 6.938611605146486339e-01 5.009392499923706055e-01 6.933265028580124500e-01
4.960189759731292725e-01 6.937411471436160104e-01 5.009392499923706055e-01 6.932023176940889098e-01
4.974950850009918213e-01 6.935811846899120336e-01 4.990607500076293945e-01 6.931474632322104368e-01
5.032206177711486816e-01 6.936562267137269533e-01 5.009392499923706055e-01 6.931653842127812881e-01
4.997316300868988037e-01 6.938024876390294082e-01 5.009392499923706055e-01 6.933526864407132395e-01
4.985238909721374512e-01 6.936600831310444359e-01 4.990607500076293945e-01 6.972486262305547244e-01
5.046072602272033691e-01 6.935685022207039863e-01 5.009392499923706055e-01 6.934653996450870217e-01
4.974950850009918213e-01 6.937406203746369071e-01 4.990607500076293945e-01 6.947656027884056007e-01
4.997763335704803467e-01 6.939844995987695109e-01 4.990607500076293945e-01 6.934045156962785894e-01
5.024154782295227051e-01 6.936677938220879858e-01 5.009392499923706055e-01 6.932187138233769641e-01
5.032206177711486816e-01 6.937689888795131044e-01 5.009392499923706055e-01 6.946318999159886154e-01
