5.466988682746887207e-01 7.008078382936225870e-01 5.830724239349365234e-01 6.703274101361031967e-01
5.738503932952880859e-01 6.772299171197945222e-01 5.953871607780456543e-01 6.670906570106527322e-01
5.783682465553283691e-01 6.734741826052315083e-01 5.985180735588073730e-01 6.664507609149206147e-01
5.888799428939819336e-01 6.679013074350860224e-01 5.929868221282958984e-01 6.666664458396066584e-01
5.889246463775634766e-01 6.669353236984024713e-01 5.942391753196716309e-01 6.634729543401064467e-01
5.887457728385925293e-01 6.675410645126251818e-01 5.913170576095581055e-01 6.654696867874534405e-01
5.943371057510375977e-01 6.642666312764765602e-01 6.044667363166809082e-01 6.631314455032150113e-01
5.959921479225158691e-01 6.631714635318497475e-01 6.020663976669311523e-01 6.635091248545907927e-01
5.921452641487121582e-01 6.651362243737831692e-01 6.011270880699157715e-01 6.648883945607014789e-01
5.909375548362731934e-01 6.670214883819166607e-01 5.777499675750732422e-01 6.699812146896262366e-01
5.974234938621520996e-01 6.623715861344042777e-01 5.943435430526733398e-01 6.646466094201951558e-01
5.990338325500488281e-01 6.630611308872177423e-01 6.021707653999328613e-01 6.611487933624464741e-01
5.991680026054382324e-01 6.624076658955497798e-01 5.993529558181762695e-01 6.677645739845183837e-01
5.921900272369384766e-01 6.642784018340787133e-01 5.992485880851745605e-01 6.643066289553785086e-01
6.028806567192077637e-01 6.601896995528906409e-01 6.086412072181701660e-01 6.591274431890894459e-01
6.022544503211975098e-01 6.590619986354611104e-01 6.030056476593017578e-01 6.587761836369434576e-01
6.013597846031188965e-01 6.605636830043229990e-01 6.060321331024169922e-01 6.604584859572529831e-01
6.068617105484008789e-01 6.582686463309264102e-01 6.045710444450378418e-01 6.623137570004751229e-01
6.040883660316467285e-01 6.595451813687747133e-01 5.945522785186767578e-01 6.628154671358877925e-01
6.008677482604980469e-01 6.607686751621271171e-01 6.037361621856689453e-01 6.625188112109620109e-01
6.094113588333129883e-01 6.573686915937871911e-01 5.991442203521728516e-01 6.590304993881459517e-01
6.065038442611694336e-01 6.583150008066457337e-01 6.031100153923034668e-01 6.600674835432797094e-01
6.021202206611633301e-01 6.576112056166696362e-01 6.020663976669311523e-01 6.606007980245360844e-01
6.051172018051147461e-01 6.580195998885290942e-01 5.942391753196716309e-01 6.648078308526470526e-01
6.044015288352966309e-01 6.577970665178181076e-01 5.991442203521728516e-01 6.578410285620469589e-01
6.072642803192138672e-01 6.535991434975032544e-01 6.041536331176757812e-01 6.553434648212225211e-01
6.085167527198791504e-01 6.560171379090038446e-01 5.898559689521789551e-01 6.631059258821686564e-01
6.109321713447570801e-01 6.531641722727939969e-01 6.050928831100463867e-01 6.640453261862316880e-01
6.095902919769287109e-01 6.539566215813575889e-01 6.129200458526611328e-01 6.574050061042362447e-01
6.094113588333129883e-01 6.541062025888210174e-01 6.129200458526611328e-01 6.543721200105566682e-01
6.071748137474060059e-01 6.542145126641042419e-01 6.092673540115356445e-01 6.541673847489903881e-01
6.149579286575317383e-01 6.507902998556538421e-01 6.105197072029113770e-01 6.558797371658694475e-01
6.105743646621704102e-01 6.531740449839530394e-01 6.131287813186645508e-01 6.504283490546235447e-01
6.111558675765991211e-01 6.507404225630630812e-01 6.092673540115356445e-01 6.516608436354961453e-01
6.161209344863891602e-01 6.499189553586715018e-01 6.074932217597961426e-01 6.514127355133459973e-01
6.117373704910278320e-01 6.499203289743185064e-01 6.212690472602844238e-01 6.491377916746113863e-01
6.101270318031311035e-01 6.508659950243720349e-01 6.176163554191589355e-01 6.466403050553050091e-01
6.144658923149108887e-01 6.486008394423570245e-01 6.131287813186645508e-01 6.487737641257896870e-01
6.162551641464233398e-01 6.460768313287600373e-01 6.175119876861572266e-01 6.452806925156548967e-01
6.223832368850708008e-01 6.436093213690865511e-01 6.157378554344177246e-01 6.474477651969696712e-01
6.202809214591979980e-01 6.440350298144391639e-01 6.178250908851623535e-01 6.469281404507580824e-01
6.183127760887145996e-01 6.450801209764417399e-01 6.170945763587951660e-01 6.467539305055944876e-01
6.219359636306762695e-01 6.425029704856155544e-01 6.072844862937927246e-01 6.463514892374689902e-01
6.201914548873901367e-01 6.428280853909486003e-01 6.200166940689086914e-01 6.446799099806130862e-01
6.252460479736328125e-01 6.418105967784102361e-01 6.185556054115295410e-01 6.432120070480349394e-01
6.230989694595336914e-01 6.412457414977899006e-01 6.193905472755432129e-01 6.422999931934406659e-01
6.226069331169128418e-01 6.407961798580201762e-01 6.114589571952819824e-01 6.459821904534165382e-01
6.237251758575439453e-01 6.389338253840796122e-01 6.226257681846618652e-01 6.439984488576818711e-01
6.259169578552246094e-01 6.383938120481771339e-01 6.214777827262878418e-01 6.415498606149947491e-01
6.269457936286926270e-01 6.403748605285012330e-01 6.227301359176635742e-01 6.383248430855014144e-01
6.310610175132751465e-01 6.345896646020493526e-01 6.260697245597839355e-01 6.363825979050652393e-01
6.247539520263671875e-01 6.351939181369454790e-01 6.294093132019042969e-01 6.381204054988119934e-01
6.265879273414611816e-01 6.350891062645562801e-01 6.253391504287719727e-01 6.379742923073519201e-01
6.307031512260437012e-01 6.332008748963984246e-01 6.284700632095336914e-01 6.369970915736049566e-01
6.354446411132812500e-01 6.329607069865602620e-01 6.281569600105285645e-01 6.349695380633272324e-01
6.341921687126159668e-01 6.331912433126357653e-01 6.324357986450195312e-01 6.351822359256867889e-01
6.248434185981750488e-01 6.382654344786000689e-01 6.269046068191528320e-01 6.347906351014831472e-01
6.354446411132812500e-01 6.295222396137335474e-01 6.301398277282714844e-01 6.333628825966188813e-01
6.392467617988586426e-01 6.273596053964700658e-01 6.263828277587890625e-01 6.372554121697230345e-01
6.335211992263793945e-01 6.280211368300744335e-01 6.356710791587829590e-01 6.317995465316844639e-01
6.350867748260498047e-01 6.271423313971346003e-01 6.282613277435302734e-01 6.358125591123807707e-01
6.400966048240661621e-01 6.241839275118660213e-01 6.350448727607727051e-01 6.248968609114375905e-01
6.354446411132812500e-01 6.263288076181150466e-01 6.324357986450195312e-01 6.254942489675578976e-01
6.388888955116271973e-01 6.213912660564969714e-01 6.310790777206420898e-01 6.274783259342816555e-01
6.359366774559020996e-01 6.248260428150858026e-01 6.288874745368957520e-01 6.281550045402580773e-01
6.393809318542480469e-01 6.220680244132346104e-01 6.369233727455139160e-01 6.236989713864693474e-01
6.432277560234069824e-01 6.194320093499758872e-01 6.378626823425292969e-01 6.276580366504089792e-01
6.468509435653686523e-01 6.163483526331726692e-01 6.368190646171569824e-01 6.262020546343450844e-01
6.376364231109619141e-01 6.184805355743466793e-01 6.245042681694030762e-01 6.319627009038262244e-01
6.396493315696716309e-01 6.186750000311066477e-01 6.391150355339050293e-01 6.207319369049366653e-01
6.458221673965454102e-01 6.143689739787315807e-01 6.286787986755371094e-01 6.253056988365788271e-01
6.411254405975341797e-01 6.154576613472620972e-01 6.337925195693969727e-01 6.321345619457645615e-01
6.470746397972106934e-01 6.131330224306943411e-01 6.399499177932739258e-01 6.179368768273800772e-01
6.434513926506042480e-01 6.124297817270835109e-01 6.355667114257812500e-01 6.275490985561626989e-01
6.468509435653686523e-01 6.110213811334844758e-01 6.480901837348937988e-01 6.121071001802100842e-01
6.442565917968750000e-01 6.133707644880127541e-01 6.406804323196411133e-01 6.179992264582602202e-01
6.499820947647094727e-01 6.074928276802051830e-01 6.485075950622558594e-01 6.128512131622901871e-01
6.512345671653747559e-01 6.073055677495844407e-01 6.408891677856445312e-01 6.122661052678776139e-01
6.505635976791381836e-01 6.063351644708636634e-01 6.376539468765258789e-01 6.182487347359399976e-01
6.507872343063354492e-01 6.057614606892962605e-01 6.480901837348937988e-01 6.172133127922952989e-01
6.502951979637145996e-01 6.082465564933738911e-01 6.458985805511474609e-01 6.199580720610071705e-01
6.490874886512756348e-01 6.067306306136488470e-01 6.401586532592773438e-01 6.132547612156407091e-01
6.491322517395019531e-01 6.093927406735744068e-01 6.396368145942687988e-01 6.173080415547553823e-01
6.547682881355285645e-01 6.036250388223426411e-01 6.503861546516418457e-01 6.074529567632712679e-01
6.515029668807983398e-01 6.032960966887980225e-01 6.489250659942626953e-01 6.083715469348009997e-01
6.614331603050231934e-01 5.964485517361228784e-01 6.473596096038818359e-01 6.140920098329033516e-01
6.582573056221008301e-01 5.974526815389686885e-01 6.474639773368835449e-01 6.187115098882184361e-01
6.576310396194458008e-01 6.014987749988565113e-01 6.625965237617492676e-01 6.049908986048816439e-01
6.553497910499572754e-01 5.999753981012845294e-01 6.504905223846435547e-01 6.089522037519041753e-01
6.576758027076721191e-01 5.975428109711623526e-01 6.450636386871337891e-01 6.116757022515887376e-01
6.587493419647216797e-01 5.944805810630247045e-01 6.422458887100219727e-01 6.148609422960601423e-01
6.600912213325500488e-01 5.925716046763140898e-01 6.526821255683898926e-01 6.051615061080174440e-01
6.678743958473205566e-01 5.886920086278282227e-01 6.504905223846435547e-01 6.010377108739726193e-01
6.570048332214355469e-01 5.962699154746150532e-01 6.561260819435119629e-01 6.001739912629251439e-01
6.631329655647277832e-01 5.874984350437383318e-01 6.516385078430175781e-01 5.998852076671785660e-01
6.666666865348815918e-01 5.896834791250531449e-01 6.456898450851440430e-01 6.099804296943395210e-01
6.624172329902648926e-01 5.906812376830120614e-01 6.462116241455078125e-01 6.026491614852114154e-01
6.607621908187866211e-01 5.871922935904576590e-01 6.614485383033752441e-01 5.900216672520527394e-01
6.681874990463256836e-01 5.824533882775019267e-01 6.462116241455078125e-01 6.131726826961590993e-01
6.642959117889404297e-01 5.884624034736893883e-01 6.588394641876220703e-01 6.034744821568168716e-01
