5.640991330146789551e-01 6.819189610517948363e-01 5.931955575942993164e-01 6.678833518588600526e-01
5.874485373497009277e-01 6.658063346530397331e-01 6.008140444755554199e-01 6.599942884796523579e-01
5.968419909477233887e-01 6.627590507188920732e-01 5.911083221435546875e-01 6.586762627637652301e-01
6.030595898628234863e-01 6.577198218842870148e-01 6.000834703445434570e-01 6.559788456816086910e-01
6.049382686614990234e-01 6.556109631396423998e-01 5.912126898765563965e-01 6.603882251067491049e-01
6.074879169464111328e-01 6.516648851858949376e-01 6.078063249588012695e-01 6.542231995286584834e-01
6.099033951759338379e-01 6.497414262889003034e-01 6.110415458679199219e-01 6.509434655324274344e-01
6.153157949447631836e-01 6.467635543258102304e-01 6.089543104171752930e-01 6.499299676476527621e-01
6.180890798568725586e-01 6.460884316681236861e-01 6.240868568420410156e-01 6.390847165881654579e-01
6.214439272880554199e-01 6.438136229277894307e-01 6.179294586181640625e-01 6.432468058594680294e-01
6.213991641998291016e-01 6.417332890528987255e-01 6.168858408927917480e-01 6.390076420969516002e-01
6.220254302024841309e-01 6.412621523340436003e-01 6.249217391014099121e-01 6.364468123489320783e-01
6.256038546562194824e-01 6.379426966137526911e-01 6.248173713684082031e-01 6.362818059282296934e-01
6.254696846008300781e-01 6.360779696957842289e-01 6.308704018592834473e-01 6.334410199937877683e-01
6.230989694595336914e-01 6.357426413761991801e-01 6.182425618171691895e-01 6.437037768306226315e-01
6.275272965431213379e-01 6.338112010237441085e-01 6.324357986450195312e-01 6.249668873617928444e-01
6.296296119689941406e-01 6.327231244401868571e-01 6.422458887100219727e-01 6.254768691314732676e-01
6.349973082542419434e-01 6.293084481189493706e-01 6.302441954612731934e-01 6.250999570888160495e-01
6.359366774559020996e-01 6.272595419421309604e-01 6.364015936851501465e-01 6.221593903539773818e-01
6.336553692817687988e-01 6.261436134486147997e-01 6.415153145790100098e-01 6.205185681761891114e-01
6.364287137985229492e-01 6.254669321012061856e-01 6.310790777206420898e-01 6.256889060055679241e-01
6.396940350532531738e-01 6.215891741025552086e-01 6.365059614181518555e-01 6.235255872723056703e-01
6.443460583686828613e-01 6.203901748641016400e-01 6.444374918937683105e-01 6.248675033160874248e-01
6.438092589378356934e-01 6.179787267468060952e-01 6.433938741683959961e-01 6.140569521126282293e-01
6.431382894515991211e-01 6.159954907792181134e-01 6.434982419013977051e-01 6.132567871888379152e-01
6.464483737945556641e-01 6.164806455954986442e-01 6.429764032363891602e-01 6.168067055936895526e-01
6.489533185958862305e-01 6.121675219299499426e-01 6.422458887100219727e-01 6.186778007556889003e-01
6.481034159660339355e-01 6.121778845424450388e-01 6.441243886947631836e-01 6.197840831917229565e-01
6.472088098526000977e-01 6.102392331157650007e-01 6.408891677856445312e-01 6.179963217302145706e-01
6.502951979637145996e-01 6.073525328609721274e-01 6.545606255531311035e-01 6.076949897899280861e-01
6.522186398506164551e-01 6.073989305604567956e-01 6.488206982612609863e-01 6.114439967031445322e-01
6.521291732788085938e-01 6.046992911595440168e-01 6.510123014450073242e-01 6.075477496215631046e-01
6.575415730476379395e-01 6.015864250420628334e-01 6.492381691932678223e-01 6.048045427857448031e-01
6.589729785919189453e-01 6.023967967495804654e-01 6.524733901023864746e-01 6.054561698618374788e-01
6.608964204788208008e-01 5.980748513086598939e-01 6.561260819435119629e-01 6.000327177546362911e-01
6.616567969322204590e-01 5.955639310590395974e-01 6.536213755607604980e-01 6.058025894944341072e-01
6.615226268768310547e-01 5.966688666707993249e-01 6.567522287368774414e-01 5.965016939848555300e-01
6.589282751083374023e-01 5.950449877677694843e-01 6.617616415023803711e-01 6.019297101084112311e-01
6.643853783607482910e-01 5.916558466778392145e-01 6.579002141952514648e-01 5.972287984935408245e-01
6.648774147033691406e-01 5.927148634642176450e-01 6.636401414871215820e-01 5.899882806141175662e-01
6.653247475624084473e-01 5.886924903707184686e-01 6.581089496612548828e-01 5.949695902312630569e-01
6.672481894493103027e-01 5.889878554663262600e-01 6.619703769683837891e-01 5.933331446716317847e-01
6.683217287063598633e-01 5.852946923806727764e-01 6.658317446708679199e-01 5.917455650052704241e-01
6.676507592201232910e-01 5.855716885917193748e-01 6.590481996536254883e-01 5.950832685556374235e-01
6.713186502456665039e-01 5.839345427334980965e-01 6.649968624114990234e-01 5.927252104376432573e-01
6.678743958473205566e-01 5.834977640451269876e-01 6.576914787292480469e-01 5.922391376946222197e-01
6.652352809906005859e-01 5.892348953043332616e-01 6.700062751770019531e-01 5.866195351488777687e-01
6.706476807594299316e-01 5.822845528901722245e-01 6.652055978775024414e-01 5.932772836862340027e-01
6.713186502456665039e-01 5.830293659192118394e-01 6.645793914794921875e-01 5.875982806270044767e-01
6.774020195007324219e-01 5.753779861256866912e-01 6.623877882957458496e-01 5.829927934606994322e-01
6.756575703620910645e-01 5.726447753284288344e-01 6.621791124343872070e-01 5.855966488545186754e-01
6.762837767601013184e-01 5.729540836024015205e-01 6.619703769683837891e-01 5.849533007901835946e-01
6.780729889869689941e-01 5.716487640002734238e-01 6.721978783607482910e-01 5.763945447779029729e-01
6.811146736145019531e-01 5.716944580471436943e-01 6.645793914794921875e-01 5.925519543409696333e-01
6.800411343574523926e-01 5.743654415632620802e-01 6.723022460937500000e-01 5.787003984955899627e-01
6.799516677856445312e-01 5.684600389799335796e-01 6.659361124038696289e-01 5.805293089585571442e-01
6.782072186470031738e-01 5.711512884165439452e-01 6.765810847282409668e-01 5.776581949467102239e-01
6.835301518440246582e-01 5.664909284599864980e-01 6.796075701713562012e-01 5.760061294120329967e-01
6.885399818420410156e-01 5.644891434714883749e-01 6.709455251693725586e-01 5.752928059550471707e-01
6.804884672164916992e-01 5.641987105775847500e-01 6.740763783454895020e-01 5.779873589786600485e-01
6.818751096725463867e-01 5.651502002541847203e-01 6.802337765693664551e-01 5.730872768570500764e-01
6.839327216148376465e-01 5.660153362806036315e-01 6.781465411186218262e-01 5.742726762915324468e-01
6.879584789276123047e-01 5.607690448346345224e-01 6.748069524765014648e-01 5.782826329616235217e-01
6.830828189849853516e-01 5.660542161483034240e-01 6.749113202095031738e-01 5.783066199184633271e-01
6.828591823577880859e-01 5.608781460978559119e-01 6.771029233932495117e-01 5.746769370626642059e-01
6.890767812728881836e-01 5.556124900103596165e-01 6.756418347358703613e-01 5.781089472039162569e-01
6.826355457305908203e-01 5.628939954363013642e-01 6.729283928871154785e-01 5.802126316829157027e-01
6.882268786430358887e-01 5.571178161494312331e-01 6.701106429100036621e-01 5.765201289527875916e-01
6.900608539581298828e-01 5.536403209051008467e-01 6.897307634353637695e-01 5.684111963679959745e-01
6.941760778427124023e-01 5.507169147044563839e-01 6.739720106124877930e-01 5.794012735019867799e-01
6.918947696685791016e-01 5.531166935675172480e-01 6.838864684104919434e-01 5.670648842981578230e-01
6.931025385856628418e-01 5.510742860566441026e-01 6.826341152191162109e-01 5.656857405194557487e-01
6.939971446990966797e-01 5.509119516921440196e-01 6.805468797683715820e-01 5.703362936616267476e-01
6.913580298423767090e-01 5.524905934852528677e-01 6.840952038764953613e-01 5.661561163774091465e-01
6.943102478981018066e-01 5.454384737939180772e-01 6.885827779769897461e-01 5.608077762122444243e-01
6.954284906387329102e-01 5.491606993482415211e-01 6.917136311531066895e-01 5.596283552940741757e-01
6.989622712135314941e-01 5.459571275083552333e-01 6.909831166267395020e-01 5.554998257020350438e-01
6.939971446990966797e-01 5.503734650200649003e-01 6.833646297454833984e-01 5.675049641639448028e-01
6.937287449836730957e-01 5.489202950994280794e-01 6.763723492622375488e-01 5.700701993558282554e-01
6.964126229286193848e-01 5.479253131538325272e-01 6.761636137962341309e-01 5.784524902250393064e-01
6.939971446990966797e-01 5.483369474804322685e-01 6.784595847129821777e-01 5.736072576138052659e-01
6.969493627548217773e-01 5.460105492616941225e-01 6.870173215866088867e-01 5.656733912979727830e-01
6.994095444679260254e-01 5.405087881010192108e-01 6.962012052536010742e-01 5.511339060997968442e-01
6.999015808105468750e-01 5.396389741017963981e-01 6.819035410881042480e-01 5.780395423413019484e-01
6.991411447525024414e-01 5.420187191921390646e-01 6.930703520774841309e-01 5.587825131824384339e-01
6.967704296112060547e-01 5.435677594672718715e-01 6.705280542373657227e-01 5.766174414664960723e-01
7.025854587554931641e-01 5.408413495183908015e-01 6.921311020851135254e-01 5.567715004773857723e-01
7.012882232666015625e-01 5.380629985047530317e-01 6.884784102439880371e-01 5.621505305777509953e-01
7.036589980125427246e-01 5.362893979010631140e-01 6.868085861206054688e-01 5.632051515494624905e-01
7.064322829246520996e-01 5.344531365148196267e-01 6.917136311531066895e-01 5.582474482952739514e-01
6.995437741279602051e-01 5.377571385498443046e-01 6.954706907272338867e-01 5.547408633753642127e-01
7.034353017807006836e-01 5.357650667615601048e-01 6.898351311683654785e-01 5.617147116665053286e-01
7.023170590400695801e-01 5.343082173605642193e-01 6.943227052688598633e-01 5.579990989180054761e-01
7.052692770957946777e-01 5.334617771964141886e-01 6.831558942794799805e-01 5.568777000548271738e-01
7.083109617233276367e-01 5.341265212233238246e-01 6.944270730018615723e-01 5.521098935910142558e-01
7.071927189826965332e-01 5.310074367811564722e-01 6.849300861358642578e-01 5.590982587669418580e-01
7.122920155525207520e-01 5.307019344701133789e-01 6.980797052383422852e-01 5.451960082070063107e-01
7.083557248115539551e-01 5.277250610687882482e-01 6.843038797378540039e-01 5.618864505382052954e-01
7.034353017807006836e-01 5.365104796176606294e-01 6.932790875434875488e-01 5.554444549962539446e-01
7.101001739501953125e-01 5.282741606843388560e-01 6.948444843292236328e-01 5.498483206876955132e-01
