5.411970019340515137e-01 6.983643948530592338e-01 5.804633498191833496e-01 6.705905984822008170e-01
5.703166723251342773e-01 6.805136833405917018e-01 5.900647044181823730e-01 6.668475905133547377e-01
5.788602828979492188e-01 6.730983920953934607e-01 5.968482494354248047e-01 6.635528101201496609e-01
5.809178948402404785e-01 6.687418169850717353e-01 5.957002639770507812e-01 6.619826308796634695e-01
5.920110940933227539e-01 6.664527953470898991e-01 6.087455749511718750e-01 6.592361496948444533e-01
5.933082699775695801e-01 6.636461255950948379e-01 6.040492653846740723e-01 6.584989262931010279e-01
5.996153354644775391e-01 6.621514521252599428e-01 6.043623685836791992e-01 6.576971038725002439e-01
5.967525243759155273e-01 6.616436215862432357e-01 6.098935604095458984e-01 6.572047063563367653e-01
6.024333238601684570e-01 6.593488971200349713e-01 6.062408685684204102e-01 6.559935450628540110e-01
6.014045476913452148e-01 6.588426358927168547e-01 6.065539717674255371e-01 6.556574639187205955e-01
6.030148267745971680e-01 6.570433580207790669e-01 6.060321331024169922e-01 6.544157093189822971e-01
6.059671044349670410e-01 6.560270745759787525e-01 6.128156781196594238e-01 6.533024674341738613e-01
6.020307540893554688e-01 6.561357106051647348e-01 6.093717217445373535e-01 6.532271584024311739e-01
6.056539416313171387e-01 6.553009263537911133e-01 6.103109717369079590e-01 6.519605161078263489e-01
6.098586320877075195e-01 6.544118357869289637e-01 6.118764281272888184e-01 6.508578119783554605e-01
6.102164983749389648e-01 6.520317750660501455e-01 6.093717217445373535e-01 6.500698057676103092e-01
6.116479039192199707e-01 6.515568978971180147e-01 6.134418845176696777e-01 6.488579792932587242e-01
6.099033951759338379e-01 6.516762881228654880e-01 6.180338263511657715e-01 6.476412970246911982e-01
6.141080856323242188e-01 6.504843037080244583e-01 6.157378554344177246e-01 6.485487908417286729e-01
6.154052615165710449e-01 6.503585236915899737e-01 6.133375167846679688e-01 6.464555917042975608e-01
6.142422556877136230e-01 6.485476530308500465e-01 6.189730763435363770e-01 6.456346145454514573e-01
6.147342920303344727e-01 6.467659650238837266e-01 6.142767667770385742e-01 6.453496030242377168e-01
6.191626191139221191e-01 6.456211492123299367e-01 6.218951940536499023e-01 6.454670898876019303e-01
6.162104010581970215e-01 6.462897602998628477e-01 6.182425618171691895e-01 6.423080738962778646e-01
6.182680130004882812e-01 6.439025981692001466e-01 6.187643408775329590e-01 6.420467336051923768e-01
6.238146424293518066e-01 6.431365801345728661e-01 6.222082972526550293e-01 6.414664382975376888e-01
6.223385334014892578e-01 6.424489403415140076e-01 6.189730763435363770e-01 6.400684731237028524e-01
6.231436729431152344e-01 6.424726825704043520e-01 6.217908859252929688e-01 6.402565386916868606e-01
6.222937703132629395e-01 6.417295023609644877e-01 6.255478858947753906e-01 6.389206980046586715e-01
6.204598546028137207e-01 6.416127697409190755e-01 6.240868568420410156e-01 6.382092382285321497e-01
6.219359636306762695e-01 6.400653808845093717e-01 6.273220777511596680e-01 6.365526670007262133e-01
6.222043037414550781e-01 6.400415224537565617e-01 6.277394890785217285e-01 6.370945142395832983e-01
6.237698793411254883e-01 6.384917780567652690e-01 6.282613277435302734e-01 6.352396364551425867e-01
6.247092485427856445e-01 6.377437323955713611e-01 6.273220777511596680e-01 6.375996531163244940e-01
6.240830421447753906e-01 6.389621980694927261e-01 6.265915036201477051e-01 6.348552013757308154e-01
6.262748241424560547e-01 6.367798142387095517e-01 6.341056227684020996e-01 6.332880494316394104e-01
6.273930668830871582e-01 6.359096222048391533e-01 6.307660341262817383e-01 6.332709688504337686e-01
6.271247267723083496e-01 6.360273234190252367e-01 6.328532695770263672e-01 6.314509980267011269e-01
6.345947384834289551e-01 6.340944943817938828e-01 6.300354599952697754e-01 6.326221177882029867e-01
6.303005814552307129e-01 6.338872617228253903e-01 6.280525922775268555e-01 6.325435357262012559e-01
6.289139389991760254e-01 6.349765896413253063e-01 6.325401663780212402e-01 6.314267655972573001e-01
6.341474056243896484e-01 6.308503324986783900e-01 6.390106678009033203e-01 6.286400147878757894e-01
6.301216483116149902e-01 6.310751721926805002e-01 6.330620050430297852e-01 6.285278424418462295e-01
6.344605684280395508e-01 6.301267926329084945e-01 6.329576373100280762e-01 6.295361896816262792e-01
6.329844594001770020e-01 6.296216617395848925e-01 6.318096518516540527e-01 6.281194635757297862e-01
6.308820843696594238e-01 6.308466664131009427e-01 6.281569600105285645e-01 6.290847902207403752e-01
6.337448358535766602e-01 6.298432133453308879e-01 6.342099905014038086e-01 6.268358663536267583e-01
6.341474056243896484e-01 6.316729082598799838e-01 6.365059614181518555e-01 6.250626783832780031e-01
6.368759870529174805e-01 6.265661065385217388e-01 6.357753872871398926e-01 6.247547680538896309e-01
6.316872239112854004e-01 6.303162404240553185e-01 6.395324468612670898e-01 6.244126964127985069e-01
6.363839507102966309e-01 6.263331102864178046e-01 6.414110064506530762e-01 6.246604774496397061e-01
6.375917196273803711e-01 6.259186159180153419e-01 6.381757259368896484e-01 6.230195965629558019e-01
6.388888955116271973e-01 6.269711402879245554e-01 6.441243886947631836e-01 6.220812691922626980e-01
6.377705931663513184e-01 6.245749471950753362e-01 6.361928582191467285e-01 6.223413115676373897e-01
6.353998780250549316e-01 6.258572698449977878e-01 6.379670500755310059e-01 6.216728417939568763e-01
6.358024477958679199e-01 6.217080579501056414e-01 6.446462273597717285e-01 6.198434750960629680e-01
6.398282051086425781e-01 6.238982302811090230e-01 6.402630209922790527e-01 6.206109980232057399e-01
6.411254405975341797e-01 6.235133806651127486e-01 6.454811096191406250e-01 6.189155816360047968e-01
6.417516469955444336e-01 6.214083494472896207e-01 6.406804323196411133e-01 6.195832842378172778e-01
6.420200467109680176e-01 6.199192324655600217e-01 6.468378305435180664e-01 6.169154606440748756e-01
6.445249319076538086e-01 6.194821272047373872e-01 6.503861546516418457e-01 6.179721558225899081e-01
6.447933316230773926e-01 6.213877783369391450e-01 6.493425369262695312e-01 6.172319796333679554e-01
6.443907618522644043e-01 6.194544294840705900e-01 6.446462273597717285e-01 6.170648217101705191e-01
6.456879377365112305e-01 6.190215520578071784e-01 6.452723741531372070e-01 6.166606782448612600e-01
6.426015496253967285e-01 6.192605021196564419e-01 6.457942128181457520e-01 6.152873672739346267e-01
6.461799740791320801e-01 6.183074058584587807e-01 6.528908610343933105e-01 6.160067284288845979e-01
6.470298767089843750e-01 6.166763600541218526e-01 6.476727128028869629e-01 6.154355773147475173e-01
6.448380947113037109e-01 6.173774001742970974e-01 6.449592709541320801e-01 6.151125481322273769e-01
6.450617313385009766e-01 6.167291660580999091e-01 6.484032273292541504e-01 6.132024665934834307e-01
6.463142037391662598e-01 6.159874424671610837e-01 6.495512127876281738e-01 6.129816702999170142e-01
6.461799740791320801e-01 6.150879540945084489e-01 6.470465660095214844e-01 6.148654587879431865e-01
6.485507488250732422e-01 6.144346981936734675e-01 6.494469046592712402e-01 6.101700733858019809e-01
6.510109305381774902e-01 6.117130458344285371e-01 6.544562578201293945e-01 6.105236019577618967e-01
6.499373912811279297e-01 6.135241612911992437e-01 6.534126400947570801e-01 6.086565121258755706e-01
6.516819000244140625e-01 6.125227245646313046e-01 6.540388464927673340e-01 6.103761769042734819e-01
6.547235846519470215e-01 6.119980791276715681e-01 6.556042432785034180e-01 6.080233287870996373e-01
6.532474756240844727e-01 6.106395542696264611e-01 6.559173464775085449e-01 6.083324386366372183e-01
6.526212096214294434e-01 6.107263756920259246e-01 6.575871706008911133e-01 6.070771036330206982e-01
6.548130512237548828e-01 6.085458938348995428e-01 6.542475223541259766e-01 6.058136777623016611e-01
6.516819000244140625e-01 6.092626970214011228e-01 6.499686837196350098e-01 6.086465752440787247e-01
6.553945541381835938e-01 6.085903804531291872e-01 6.532039046287536621e-01 6.050161971376076808e-01
6.548130512237548828e-01 6.081830925198355997e-01 6.591525673866271973e-01 6.049090585288611210e-01
6.571390032768249512e-01 6.052237637441003626e-01 6.559173464775085449e-01 6.039053872740858253e-01
6.591966152191162109e-01 6.042610168734311449e-01 6.579002141952514648e-01 6.037980326778130680e-01
6.563786268234252930e-01 6.059368263845431590e-01 6.538301110267639160e-01 6.023669849604561533e-01
6.559312939643859863e-01 6.059342961465764565e-01 6.505948901176452637e-01 6.072267472582255632e-01
6.575863361358642578e-01 6.061078935920243271e-01 6.570653319358825684e-01 6.048050315164619217e-01
6.556181907653808594e-01 6.071239997052745307e-01 6.525777578353881836e-01 6.037419228234287560e-01
6.545446515083312988e-01 6.058159593841346835e-01 6.591525673866271973e-01 6.041139142917855143e-01
6.603149175643920898e-01 6.030547308205150836e-01 6.567522287368774414e-01 6.005199100721905214e-01
6.578099727630615234e-01 6.013545089468458338e-01 6.568565964698791504e-01 5.997793085016255299e-01
6.588835120201110840e-01 6.019894576473683312e-01 6.544562578201293945e-01 6.007041703109525788e-01
6.622830629348754883e-01 5.991308078993665687e-01 6.556042432785034180e-01 6.008104170520777165e-01
6.590177416801452637e-01 6.031815155735380518e-01 6.604049205780029297e-01 5.996245151271751839e-01
6.620594263076782227e-01 5.994604834078632871e-01 6.564391851425170898e-01 6.017124210337561063e-01
6.600465178489685059e-01 6.013973330231381365e-01 6.557086110115051270e-01 6.000293897477700922e-01
6.610305905342102051e-01 5.986165990448100160e-01 6.564391851425170898e-01 5.984939830185251886e-01
6.633118391036987305e-01 5.979203550349324603e-01 6.635357737541198730e-01 5.975319276993619200e-01
6.587045788764953613e-01 6.018406350340905764e-01 6.605092883110046387e-01 5.970757997028515174e-01
6.646985411643981934e-01 5.970414373140511266e-01 6.600918173789978027e-01 5.996756540338074037e-01
