5.705850720405578613e-01 6.781370356761613483e-01 5.585472583770751953e-01 6.768521070977985277e-01
5.868670344352722168e-01 6.664570501525108881e-01 6.002922058105468750e-01 6.591448453691403087e-01
6.003757119178771973e-01 6.607866972114302406e-01 5.989354848861694336e-01 6.597111384123657274e-01
6.015387177467346191e-01 6.581099915534316391e-01 6.013358235359191895e-01 6.579247711969302692e-01
6.063249111175537109e-01 6.559145920262564600e-01 6.020663976669311523e-01 6.544509164676415303e-01
6.094560623168945312e-01 6.517108270362229616e-01 5.998747944831848145e-01 6.563271958403487094e-01
6.092324256896972656e-01 6.495043209209534485e-01 6.185556054115295410e-01 6.453370268049779535e-01
6.113795042037963867e-01 6.479162929693260686e-01 6.137549281120300293e-01 6.469790374055781612e-01
6.187153458595275879e-01 6.443498188149504591e-01 6.215821504592895508e-01 6.385064240388744761e-01
6.160762310028076172e-01 6.452722588044454977e-01 6.254435181617736816e-01 6.448314485632534732e-01
6.219359636306762695e-01 6.415534280647124943e-01 6.301398277282714844e-01 6.356286478301375054e-01
6.238593459129333496e-01 6.388328435447011566e-01 6.207472085952758789e-01 6.381675936787095660e-01
6.238593459129333496e-01 6.384439591453676677e-01 6.310790777206420898e-01 6.337825922671401768e-01
6.286903023719787598e-01 6.345981533102068584e-01 6.326445341110229492e-01 6.330068058794412478e-01
6.248434185981750488e-01 6.346805032644614597e-01 6.305572986602783203e-01 6.314556438050521470e-01
6.268116235733032227e-01 6.336804566623955859e-01 6.304529309272766113e-01 6.306006271563947552e-01
6.311057209968566895e-01 6.299153043900007631e-01 6.322270631790161133e-01 6.246649875468686108e-01
6.357129812240600586e-01 6.259914650582609763e-01 6.293049454689025879e-01 6.276179924933852350e-01
6.314635872840881348e-01 6.266574541706372292e-01 6.372364759445190430e-01 6.236076566850037306e-01
6.366523504257202148e-01 6.251494108105541958e-01 6.306616663932800293e-01 6.283610812608992902e-01
6.361603140830993652e-01 6.229494657173504368e-01 6.354623436927795410e-01 6.215059197016186143e-01
6.344605684280395508e-01 6.228349849563055152e-01 6.408891677856445312e-01 6.258228537409820103e-01
6.348631381988525391e-01 6.237230984293128389e-01 6.333750486373901367e-01 6.319516460648212375e-01
6.411701440811157227e-01 6.193138413447176749e-01 6.414110064506530762e-01 6.187835123986348274e-01
6.436303257942199707e-01 6.200997707967064176e-01 6.353579759597778320e-01 6.233230451904540059e-01
6.447038650512695312e-01 6.158833714989563335e-01 6.282613277435302734e-01 6.327124101536877321e-01
6.427357196807861328e-01 6.153121646923591648e-01 6.388019323348999023e-01 6.150675240699594593e-01
6.437645554542541504e-01 6.112608249252736714e-01 6.433938741683959961e-01 6.140670241157040188e-01
6.512345671653747559e-01 6.095111136104578442e-01 6.373408436775207520e-01 6.182481715709524650e-01
6.514135003089904785e-01 6.088032545226911285e-01 6.495512127876281738e-01 6.083254454479762874e-01
6.538289785385131836e-01 6.070784580453731927e-01 6.440200209617614746e-01 6.102126024630790679e-01
6.543210148811340332e-01 6.041540321563220184e-01 6.484032273292541504e-01 6.170155671612750359e-01
6.548130512237548828e-01 6.042318092004240748e-01 6.493425369262695312e-01 6.047041589097572611e-01
6.528001427650451660e-01 6.033236131959874848e-01 6.469421982765197754e-01 6.049339564999616226e-01
6.519502401351928711e-01 5.996133029343595489e-01 6.585264205932617188e-01 6.004211375868113709e-01
6.593308448791503906e-01 5.973042923151262729e-01 6.592569351196289062e-01 6.020481161473066889e-01
6.579889059066772461e-01 5.987312972044386283e-01 6.512210369110107422e-01 6.056019165052598519e-01
6.642512083053588867e-01 5.941500827352824698e-01 6.515341401100158691e-01 6.007983501533257220e-01
6.595544815063476562e-01 5.926846927853385294e-01 6.550824642181396484e-01 5.990323227274469975e-01
6.629092693328857422e-01 5.950694242750602658e-01 6.546649932861328125e-01 6.026130735538269834e-01
6.633118391036987305e-01 5.900018195343221805e-01 6.631183624267578125e-01 5.980702687519076077e-01
6.652352809906005859e-01 5.884645192412831793e-01 6.577958464622497559e-01 5.926602005436036880e-01
6.649221777915954590e-01 5.906043885901268720e-01 6.610311269760131836e-01 5.934894370699297372e-01
6.626409292221069336e-01 5.888633088469185095e-01 6.609267592430114746e-01 5.976526313722817507e-01
6.699320077896118164e-01 5.845284277690205865e-01 6.628052592277526855e-01 5.910539355737832734e-01
6.666219234466552734e-01 5.837695503367105188e-01 6.572740674018859863e-01 5.895403196233918175e-01
6.678296923637390137e-01 5.854925431469767405e-01 6.653099656105041504e-01 5.902432132752597482e-01
6.744945645332336426e-01 5.778919408585436734e-01 6.639532446861267090e-01 5.912312066049920656e-01
6.699320077896118164e-01 5.812394188563370090e-01 6.542475223541259766e-01 5.906795423032346060e-01
6.722580194473266602e-01 5.813765036737712499e-01 6.667710542678833008e-01 5.854696435859670922e-01
6.745840311050415039e-01 5.786017720399421194e-01 6.740763783454895020e-01 5.821856968190370907e-01
6.761048436164855957e-01 5.753694004546681118e-01 6.724066138267517090e-01 5.860344479686655506e-01
6.763732433319091797e-01 5.748057815785014846e-01 6.754330992698669434e-01 5.776014523326019612e-01
6.774467825889587402e-01 5.715455154247287561e-01 6.692757010459899902e-01 5.858540386552478774e-01
6.776704192161560059e-01 5.745288827142427390e-01 6.730327606201171875e-01 5.791440027612555497e-01
6.771783828735351562e-01 5.715682938478995334e-01 6.699019074440002441e-01 5.829789668004364822e-01
6.784308552742004395e-01 5.704452262664442275e-01 6.754330992698669434e-01 5.764955970942912122e-01
6.793701648712158203e-01 5.695365920414927619e-01 6.657273769378662109e-01 5.822629498504841017e-01
6.817856431007385254e-01 5.673026058387620196e-01 6.744938492774963379e-01 5.818104722683475893e-01
6.799069643020629883e-01 5.682406577340476383e-01 6.714673638343811035e-01 5.805962735142048414e-01
6.798622012138366699e-01 5.671600066052073785e-01 6.779378056526184082e-01 5.790155696311541922e-01
6.792359948158264160e-01 5.696203599122880989e-01 6.773115992546081543e-01 5.740234900356906422e-01
6.821435093879699707e-01 5.638920058609441233e-01 6.786683201789855957e-01 5.762105857721327995e-01
6.810252070426940918e-01 5.645950131050310183e-01 6.802337765693664551e-01 5.683843010130269491e-01
6.906870603561401367e-01 5.541661201595812214e-01 6.689626574516296387e-01 5.766470299287619339e-01
6.867060065269470215e-01 5.585800063356258782e-01 6.816948652267456055e-01 5.696723678867943175e-01
6.850509643554687500e-01 5.607353582708967110e-01 6.745982170104980469e-01 5.744170187858768095e-01
6.861245036125183105e-01 5.601071558264846262e-01 6.849300861358642578e-01 5.704202556804186530e-01
6.893004179000854492e-01 5.555209489857538818e-01 6.840952038764953613e-01 5.712575738799768876e-01
6.878243088722229004e-01 5.588089454779793241e-01 6.801294088363647461e-01 5.766778063410832322e-01
6.916264295578002930e-01 5.516178110115513844e-01 6.765810847282409668e-01 5.822742329189211086e-01
6.837537884712219238e-01 5.612624585041954273e-01 6.814861297607421875e-01 5.768517520775553464e-01
6.914921998977661133e-01 5.545617074632840371e-01 6.839908361434936523e-01 5.679666123766412555e-01
6.910001635551452637e-01 5.509880199311222304e-01 6.791901588439941406e-01 5.747090506046058644e-01
6.966809630393981934e-01 5.489266611399730156e-01 6.910874843597412109e-01 5.625961253598745770e-01
6.989175081253051758e-01 5.463967030025761451e-01 6.829472184181213379e-01 5.660931863010464360e-01
6.955627202987670898e-01 5.460307464059552807e-01 6.837821006774902344e-01 5.669865913640927957e-01
6.969046592712402344e-01 5.478021429228769890e-01 6.876435279846191406e-01 5.632565449608365471e-01
6.929236054420471191e-01 5.483751263723408709e-01 6.927572488784790039e-01 5.575781720860520929e-01
7.017802596092224121e-01 5.436216513657105009e-01 6.776247024536132812e-01 5.748040330258223918e-01
6.938182115554809570e-01 5.490431258537236126e-01 6.910874843597412109e-01 5.593747910142466973e-01
6.963678598403930664e-01 5.454723453304169967e-01 6.892089247703552246e-01 5.580094469735678020e-01
7.005278468132019043e-01 5.421891189587736415e-01 6.909831166267395020e-01 5.561659510014724805e-01
7.000805139541625977e-01 5.452215751310776071e-01 6.930703520774841309e-01 5.657137704154341362e-01
6.988728046417236328e-01 5.407411483729497315e-01 6.895220279693603516e-01 5.619647850250805154e-01
7.015119194984436035e-01 5.389484897093261839e-01 6.816948652267456055e-01 5.725165752348385650e-01
7.021381258964538574e-01 5.371073627753469859e-01 6.935921311378479004e-01 5.611252485772707521e-01
7.007961869239807129e-01 5.419906745935557657e-01 6.906700134277343750e-01 5.568491124430022809e-01
7.037037014961242676e-01 5.396315905590948203e-01 6.846169829368591309e-01 5.648602051417430658e-01
7.054482102394104004e-01 5.349106278972349804e-01 6.939052343368530273e-01 5.558543237483319910e-01
7.070584893226623535e-01 5.336505379291185402e-01 6.971404552459716797e-01 5.523999556572495306e-01
7.050903439521789551e-01 5.311341968988727569e-01 6.979753971099853516e-01 5.539764979765973152e-01
7.057166099548339844e-01 5.331301573010074346e-01 6.942183375358581543e-01 5.500745752787843390e-01
7.109500765800476074e-01 5.269427088819648164e-01 7.020455002784729004e-01 5.477321999502490213e-01
7.122920155525207520e-01 5.266955609845440645e-01 6.861824393272399902e-01 5.618033369307576796e-01
7.067006826400756836e-01 5.324816140810307852e-01 6.981840729713439941e-01 5.566706190624806094e-01
7.092055678367614746e-01 5.285583820682580036e-01 6.963055729866027832e-01 5.528088812289618792e-01
7.096529006958007812e-01 5.307111469870454679e-01 6.967230439186096191e-01 5.547379255792438402e-01
7.108159065246582031e-01 5.267587649969407426e-01 7.109162807464599609e-01 5.380599654260793674e-01
7.110842466354370117e-01 5.229626515615943827e-01 6.926528811454772949e-01 5.598304433306082739e-01
