4.989711940288543701e-01 7.535977544590876676e+01 5.009392499923706055e-01 1.771145880831927588e+00
5.046967267990112305e-01 1.640160245830544872e+00 4.990607500076293945e-01 7.554371562862017830e-01
5.070227384567260742e-01 1.029098657402247374e+00 4.990607500076293945e-01 1.172344745810358857e+00
5.015208721160888672e-01 1.055005590974122054e+00 5.009392499923706055e-01 1.514652785168040472e+00
4.948559701442718506e-01 1.717006603460828895e+00 4.990607500076293945e-01 9.714932535267453151e-01
5.006709694862365723e-01 7.750238061889720420e-01 5.009392499923706055e-01 1.037956623985284210e+00
5.026838183403015137e-01 7.830253214118604310e-01 4.990607500076293945e-01 9.374707373167422420e-01
4.980765879154205322e-01 7.496322904893251149e-01 5.009392499923706055e-01 6.942451828657224544e-01
4.995079636573791504e-01 7.500626309695664906e-01 5.009392499923706055e-01 7.964380209318060455e-01
4.949007034301757812e-01 8.131052428824164791e-01 4.990607500076293945e-01 6.993650396042889739e-01
5.002236366271972656e-01 7.337025093848855706e-01 5.009392499923706055e-01 7.615234747581903774e-01
4.933798611164093018e-01 7.221803589442225002e-01 5.009392499923706055e-01 7.578548937071790670e-01
4.995079636573791504e-01 7.359734028924405091e-01 4.990607500076293945e-01 6.968277600358459001e-01
4.951243400573730469e-01 7.063947597158298786e-01 5.009392499923706055e-01 7.191210100631379998e-01
5.063517689704895020e-01 7.184481764441207341e-01 4.990607500076293945e-01 7.068167191735141852e-01
5.019681453704833984e-01 7.068581083503855389e-01 5.009392499923706055e-01 7.010899621692388006e-01
4.999552667140960693e-01 7.016410468131873968e-01 5.009392499923706055e-01 6.942149907555815735e-01
4.987027943134307861e-01 7.007923452238593587e-01 4.990607500076293945e-01 6.943365538998601538e-01
5.042493939399719238e-01 7.013780230869225418e-01 4.990607500076293945e-01 6.950761602432985464e-01
4.974503517150878906e-01 7.002050527137344549e-01 5.009392499923706055e-01 6.995476382407234128e-01
5.028180480003356934e-01 7.016579493957590952e-01 5.009392499923706055e-01 6.950844893050427409e-01
5.067990422248840332e-01 6.995735116626905503e-01 4.990607500076293945e-01 6.946786169815700740e-01
5.017892122268676758e-01 6.953013785560691051e-01 5.009392499923706055e-01 6.931641244659392243e-01
5.045177936553955078e-01 6.968682382737700909e-01 5.009392499923706055e-01 6.974309522108851356e-01
5.021023154258728027e-01 6.973943093058077025e-01 4.990607500076293945e-01 6.959987674643266509e-01
4.991501271724700928e-01 6.980805896138607691e-01 4.990607500076293945e-01 6.970652403923047746e-01
5.055913329124450684e-01 6.983210739114242838e-01 5.009392499923706055e-01 6.939642438309299166e-01
4.999105334281921387e-01 6.962470487013424636e-01 4.990607500076293945e-01 6.938827313876206881e-01
4.995974302291870117e-01 6.971709019042742206e-01 4.990607500076293945e-01 6.935083181244474648e-01
4.970477819442749023e-01 6.978768764017391213e-01 4.990607500076293945e-01 6.932331684909168734e-01
5.053229331970214844e-01 6.971728037499553832e-01 5.009392499923706055e-01 6.935482674813474580e-01
4.953927397727966309e-01 6.982163552906031079e-01 4.990607500076293945e-01 6.942870718431084498e-01
5.082752108573913574e-01 6.959116833114863399e-01 5.009392499923706055e-01 6.933365145224267279e-01
5.023260116577148438e-01 6.961483785175727190e-01 4.990607500076293945e-01 6.931587513143546708e-01
5.020576119422912598e-01 6.989753936949132385e-01 4.990607500076293945e-01 6.976141469932951589e-01
5.011630058288574219e-01 6.971049955373672669e-01 4.990607500076293945e-01 6.935050471345061140e-01
5.001789331436157227e-01 6.980343722320238031e-01 5.009392499923706055e-01 6.931870691563783993e-01
5.012971758842468262e-01 6.976762854001414826e-01 5.009392499923706055e-01 6.947117049617922424e-01
4.998658001422882080e-01 7.002550720166041964e-01 5.009392499923706055e-01 6.931462431098294186e-01
4.990159273147583008e-01 6.987301043500881992e-01 4.990607500076293945e-01 6.948464929348391328e-01
5.003578662872314453e-01 6.987780556309348690e-01 4.990607500076293945e-01 6.949012200634804293e-01
4.986133575439453125e-01 6.988247662841324814e-01 5.009392499923706055e-01 6.938119933267297146e-01
4.984791576862335205e-01 7.004830280449164670e-01 5.009392499923706055e-01 6.937876345966484948e-01
5.027732849121093750e-01 6.971377614018400282e-01 4.990607500076293945e-01 6.934624219134813972e-01
4.993290305137634277e-01 6.978409321774393659e-01 5.009392499923706055e-01 6.938032766917233696e-01
5.001789331436157227e-01 7.055729523309123286e-01 5.009392499923706055e-01 6.934248672176617223e-01
4.919484555721282959e-01 6.996175702131376406e-01 4.990607500076293945e-01 6.946937728341201490e-01
4.991053938865661621e-01 6.989003361220605948e-01 4.990607500076293945e-01 6.979453926841840961e-01
4.969135820865631104e-01 6.999499177245936954e-01 4.990607500076293945e-01 6.969376605255224177e-01
4.964215457439422607e-01 7.010374128189298393e-01 4.990607500076293945e-01 6.954437000122978274e-01
4.982554912567138672e-01 7.003803421035181831e-01 4.990607500076293945e-01 7.001899927076977725e-01
4.989711940288543701e-01 6.994361136995801420e-01 4.990607500076293945e-01 6.931609284701115703e-01
5.020129084587097168e-01 6.978784243948323862e-01 5.009392499923706055e-01 6.981429228999623815e-01
5.041152238845825195e-01 7.039104710433197187e-01 4.990607500076293945e-01 6.939403202110231428e-01
5.029075145721435547e-01 7.025685804882892960e-01 5.009392499923706055e-01 6.982258330479317321e-01
4.974503517150878906e-01 7.020868772064601249e-01 5.009392499923706055e-01 6.947873302925307026e-01
4.985238909721374512e-01 7.000154467660512081e-01 4.990607500076293945e-01 6.935586207372315126e-01
5.015655755996704102e-01 6.975590211693727394e-01 5.009392499923706055e-01 6.957772435860304361e-01
5.025496482849121094e-01 6.984359683536591756e-01 5.009392499923706055e-01 6.931818942141866335e-01
4.983002245426177979e-01 6.988934551289521790e-01 5.009392499923706055e-01 6.934594060005661031e-01
5.015655755996704102e-01 6.992035349466054761e-01 5.009392499923706055e-01 6.973608529435844083e-01
5.005815029144287109e-01 6.997100046675370777e-01 5.009392499923706055e-01 7.105503171850310329e-01
4.943639338016510010e-01 7.037122794992702879e-01 5.009392499923706055e-01 6.974773989592631951e-01
5.004920363426208496e-01 7.055444970692307249e-01 5.009392499923706055e-01 7.327542024697821788e-01
5.019234418869018555e-01 7.061433597164731291e-01 5.009392499923706055e-01 6.964251849900653379e-01
5.010735392570495605e-01 7.000105747555466218e-01 5.009392499923706055e-01 7.003713825181441255e-01
5.035784840583801270e-01 7.001389167159075555e-01 4.990607500076293945e-01 7.094063722024852581e-01
4.978976547718048096e-01 7.044729087258477795e-01 5.009392499923706055e-01 6.957540144454559261e-01
5.039362907409667969e-01 7.080915865882775329e-01 5.009392499923706055e-01 6.937729003682711060e-01
5.055466294288635254e-01 7.134666407464506088e-01 5.009392499923706055e-01 7.069263813068165092e-01
4.981660544872283936e-01 7.064380414329374247e-01 4.990607500076293945e-01 6.979058168920239114e-01
4.996421635150909424e-01 7.116096259592513684e-01 4.990607500076293945e-01 7.045403229272134693e-01
4.983896911144256592e-01 7.044397310464961537e-01 5.009392499923706055e-01 6.939806991045471829e-01
4.978976547718048096e-01 7.041936144566020017e-01 4.990607500076293945e-01 6.981773238121355973e-01
5.000894665718078613e-01 7.039237745675445135e-01 4.990607500076293945e-01 7.269701970019187831e-01
4.984791576862335205e-01 7.308737610977180665e-01 4.990607500076293945e-01 1.375500375829890487e+00
5.006709694862365723e-01 1.452375894636688924e+00 4.990607500076293945e-01 7.618475301831530988e-01
5.006709694862365723e-01 7.265062312103806041e-01 5.009392499923706055e-01 7.090050891754000606e-01
4.970030486583709717e-01 7.059027472299973516e-01 4.990607500076293945e-01 6.987689359654366550e-01
5.043388605117797852e-01 7.052636803380276653e-01 4.990607500076293945e-01 6.931730277900082227e-01
4.966899156570434570e-01 7.070305026223822065e-01 5.009392499923706055e-01 6.941110051964648475e-01
5.005367398262023926e-01 7.060865733294606761e-01 4.990607500076293945e-01 6.932475079800385354e-01
5.032653212547302246e-01 7.033691411369025204e-01 5.009392499923706055e-01 6.994365843744224653e-01
4.986580908298492432e-01 7.041723236860198964e-01 4.990607500076293945e-01 7.004398980137700459e-01
4.961084127426147461e-01 7.109609238682076393e-01 5.009392499923706055e-01 6.946556787853125359e-01
4.981213212013244629e-01 7.145987772455282272e-01 5.009392499923706055e-01 6.959899536032090328e-01
4.958847761154174805e-01 7.102343781644104848e-01 5.009392499923706055e-01 8.071272626870660272e-01
4.984791576862335205e-01 7.616997733378926272e-01 4.990607500076293945e-01 7.162685607649592612e-01
4.919931888580322266e-01 7.092997363821341716e-01 4.990607500076293945e-01 6.933924850131644169e-01
4.935140311717987061e-01 7.046382621311932937e-01 5.009392499923706055e-01 7.129109904801415043e-01
5.021023154258728027e-01 8.918445416929300373e-01 5.009392499923706055e-01 7.722306893977112230e-01
4.991501271724700928e-01 3.868247729419360681e+00 4.990607500076293945e-01 8.971244153113535624e-01
5.024154782295227051e-01 7.465000721866104083e-01 5.009392499923706055e-01 6.943469396266527260e-01
5.001341700553894043e-01 7.181538007706856908e-01 4.990607500076293945e-01 6.935367841009952850e-01
5.078725814819335938e-01 7.084348393928431298e-01 5.009392499923706055e-01 7.076296309692280406e-01
5.072463750839233398e-01 7.060896687504216729e-01 5.009392499923706055e-01 6.990732765974070340e-01
5.073805451393127441e-01 7.027655761961562053e-01 5.009392499923706055e-01 6.931456542293753520e-01
4.991053938865661621e-01 7.049311944102746308e-01 5.009392499923706055e-01 7.004088430980928148e-01
5.005367398262023926e-01 7.034010240229239264e-01 5.009392499923706055e-01 7.059961196351614010e-01
5.000000000000000000e-01 7.135919292618537746e-01 4.990607500076293945e-01 7.134707442058498827e-01
