4.825550317764282227e-01 6.999567837872132658e-01 4.924859106540679932e-01 6.957703308779470408e-01
4.938718974590301514e-01 6.987442367937296561e-01 4.966604113578796387e-01 6.953695618242889953e-01
4.957953095436096191e-01 6.978608069404503844e-01 5.014610886573791504e-01 6.949876812101032364e-01
5.000447034835815430e-01 6.971376460851422818e-01 5.025047063827514648e-01 6.946331756121428835e-01
4.939613640308380127e-01 6.977746385776372184e-01 5.016698241233825684e-01 6.942803527537031449e-01
4.978976547718048096e-01 6.968349876056567638e-01 5.028178095817565918e-01 6.939419341147058384e-01
4.934245944023132324e-01 6.970961966056434811e-01 5.046963095664978027e-01 6.936228319091255479e-01
4.995974302291870117e-01 6.959996301834774357e-01 5.078271627426147461e-01 6.933229858480647323e-01
5.014761090278625488e-01 6.965590183029748417e-01 5.086620450019836426e-01 6.930281342730545413e-01
5.031311511993408203e-01 6.957086467597880519e-01 5.103318691253662109e-01 6.927747843136644601e-01
4.981213212013244629e-01 6.956449631907514197e-01 5.148194432258605957e-01 6.925123754062226800e-01
5.041152238845825195e-01 6.949361780927313381e-01 5.172197818756103516e-01 6.922720670575663870e-01
5.029075145721435547e-01 6.949386292097713413e-01 5.194113850593566895e-01 6.920252100855541766e-01
5.098854899406433105e-01 6.946280943001504893e-01 5.232728123664855957e-01 6.917801863762511605e-01
5.047861933708190918e-01 6.943875374084168550e-01 5.249425768852233887e-01 6.915492832200359485e-01
5.116747021675109863e-01 6.941633843249425118e-01 5.238989591598510742e-01 6.913288190628088525e-01
5.106906294822692871e-01 6.937950497280188644e-01 5.283865332603454590e-01 6.911161171695778815e-01
5.157004594802856445e-01 6.934479114876639372e-01 5.301607251167297363e-01 6.908730642702504143e-01
5.170871615409851074e-01 6.927956675753693672e-01 5.331872105598449707e-01 6.906395341180058267e-01
5.180264711380004883e-01 6.927674973793801483e-01 5.365267992019653320e-01 6.904051502670084384e-01
5.150742530822753906e-01 6.927563791028458207e-01 5.433103442192077637e-01 6.901613758541402799e-01
5.172660350799560547e-01 6.924546654033711945e-01 5.440409183502197266e-01 6.899260774556492670e-01
5.222759246826171875e-01 6.919372920956716744e-01 5.438321828842163086e-01 6.896690716700671908e-01
5.220969915390014648e-01 6.912802976963877688e-01 5.440409183502197266e-01 6.894265171556427374e-01
5.286276340484619141e-01 6.909352376094591852e-01 5.435190796852111816e-01 6.891761228949161433e-01
5.295670032501220703e-01 6.907083403341116590e-01 5.496764779090881348e-01 6.889269008837520802e-01
5.335032939910888672e-01 6.905918758123243961e-01 5.500939488410949707e-01 6.886679479384616442e-01
5.334585905075073242e-01 6.902830365156739090e-01 5.511375665664672852e-01 6.884092021227330438e-01
5.319377183914184570e-01 6.904990239867713209e-01 5.486328601837158203e-01 6.881379238052821590e-01
5.302826762199401855e-01 6.903607747405047235e-01 5.479023456573486328e-01 6.878711040172763580e-01
5.331901907920837402e-01 6.896111216842008007e-01 5.578167438507080078e-01 6.875936325893748924e-01
5.360529422760009766e-01 6.897094360104313315e-01 5.583385229110717773e-01 6.873390383596983400e-01
5.386473536491394043e-01 6.887538482452211230e-01 5.572949051856994629e-01 6.870644776937085974e-01
5.400786995887756348e-01 6.884712515757791529e-01 5.539553165435791016e-01 6.868132085223905836e-01
5.426283478736877441e-01 6.880522723444503219e-01 5.591734647750854492e-01 6.865354788698997401e-01
5.437466502189636230e-01 6.871550542699520481e-01 5.604258179664611816e-01 6.862271520171328021e-01
5.471014380455017090e-01 6.882989626917052073e-01 5.594865083694458008e-01 6.859749428689965178e-01
5.482197403907775879e-01 6.870456803226795417e-01 5.561469197273254395e-01 6.857214949121557268e-01
5.401681661605834961e-01 6.873397372301756070e-01 5.558338761329650879e-01 6.854706249712803068e-01
5.484433770179748535e-01 6.864981419456988032e-01 5.593822002410888672e-01 6.851905358905111543e-01
5.492485165596008301e-01 6.863514879859395901e-01 5.565643906593322754e-01 6.849805308368653867e-01
5.462515950202941895e-01 6.868606617250645474e-01 5.559382438659667969e-01 6.847790458634810395e-01
5.428520441055297852e-01 6.863138981658074567e-01 5.590690970420837402e-01 6.845207991666719671e-01
5.529164671897888184e-01 6.855954836276162423e-01 5.602170825004577637e-01 6.842782868519876605e-01
5.588209033012390137e-01 6.849923653857697969e-01 5.563556551933288574e-01 6.841139332085157676e-01
5.474593043327331543e-01 6.853558632934598771e-01 5.636610388755798340e-01 6.838589352945324551e-01
5.550187826156616211e-01 6.852194448877348965e-01 5.600083470344543457e-01 6.836828923852427131e-01
5.539900064468383789e-01 6.847587979784760526e-01 5.597996115684509277e-01 6.834942541349359191e-01
5.541688799858093262e-01 6.848226590816909320e-01 5.592778325080871582e-01 6.833179568701959194e-01
5.600286126136779785e-01 6.842686837336782180e-01 5.605301856994628906e-01 6.831724700064829570e-01
5.579710006713867188e-01 6.840715602101612447e-01 5.593822002410888672e-01 6.829744087980426093e-01
5.617284178733825684e-01 6.830895300797943381e-01 5.609475970268249512e-01 6.827909424792150128e-01
5.592681765556335449e-01 6.828507339086274941e-01 5.600083470344543457e-01 6.826134555724487907e-01
5.589998364448547363e-01 6.830052849132615123e-01 5.608432292938232422e-01 6.824390139765890151e-01
5.606548786163330078e-01 6.826881357437171172e-01 5.597996115684509277e-01 6.822519885102783510e-01
5.625335574150085449e-01 6.828515799981064172e-01 5.610519647598266602e-01 6.820673631790709068e-01
5.637860298156738281e-01 6.821975603281097422e-01 5.604258179664611816e-01 6.819155246075347954e-01
5.625782608985900879e-01 6.825005035746778415e-01 5.602170825004577637e-01 6.817542462701265960e-01
5.601628422737121582e-01 6.828431505213314878e-01 5.607388615608215332e-01 6.816169929962221374e-01
5.613258481025695801e-01 6.820665598022295217e-01 5.608432292938232422e-01 6.814686933680482728e-01
5.643227696418762207e-01 6.817855230596074900e-01 5.613650679588317871e-01 6.813192723987246957e-01
5.630255937576293945e-01 6.821452083816296197e-01 5.613650679588317871e-01 6.811900218228312820e-01
5.618178844451904297e-01 6.814721844814441987e-01 5.608432292938232422e-01 6.810653355867573033e-01
5.641885995864868164e-01 6.818013531105060476e-01 5.606344938278198242e-01 6.809622896561118299e-01
5.598944425582885742e-01 6.824280859682210210e-01 5.610519647598266602e-01 6.808223725733739684e-01
5.667829513549804688e-01 6.816460691681699435e-01 5.612607002258300781e-01 6.806550586405240022e-01
5.629361271858215332e-01 6.817151652314108468e-01 5.607388615608215332e-01 6.804961728119098829e-01
5.633386969566345215e-01 6.808148861507287153e-01 5.604258179664611816e-01 6.803624113176839350e-01
5.681695938110351562e-01 6.808855625955592128e-01 5.602170825004577637e-01 6.802175238843601868e-01
5.629361271858215332e-01 6.812117534239191530e-01 5.615738034248352051e-01 6.800878495817715974e-01
5.635176301002502441e-01 6.809208663765359271e-01 5.607388615608215332e-01 6.799251497899084784e-01
5.701825022697448730e-01 6.792980917644619865e-01 5.607388615608215332e-01 6.797972072193453341e-01
5.668724179267883301e-01 6.802053850182140371e-01 5.604258179664611816e-01 6.796557554196425155e-01
5.713902115821838379e-01 6.786765537890749878e-01 5.605301856994628906e-01 6.795297443704997331e-01
5.661119818687438965e-01 6.800287081487577101e-01 5.616781711578369141e-01 6.793345667653530873e-01
5.696009993553161621e-01 6.800589309777017588e-01 5.613650679588317871e-01 6.791356528907597223e-01
5.662462115287780762e-01 6.797888194283979724e-01 5.609475970268249512e-01 6.789861715205699477e-01
5.671408176422119141e-01 6.787997384386169619e-01 5.618868470191955566e-01 6.787841547334201309e-01
5.677223205566406250e-01 6.797016965807561872e-01 5.614694356918334961e-01 6.786566640807700779e-01
5.687958598136901855e-01 6.788999311270025316e-01 5.612607002258300781e-01 6.784815811533639884e-01
5.681248903274536133e-01 6.791560335265094395e-01 5.619912147521972656e-01 6.783260984376984215e-01
5.715244412422180176e-01 6.792393907768651262e-01 5.618868470191955566e-01 6.782043476588440756e-01
5.687063932418823242e-01 6.796421298167640845e-01 5.611563324928283691e-01 6.780832904386908666e-01
5.731794834136962891e-01 6.785515417223391132e-01 5.676267743110656738e-01 6.782951794519624933e-01
5.717480778694152832e-01 6.775541541976949356e-01 5.624086856842041016e-01 6.777459921331252524e-01
5.757291316986083984e-01 6.776185821475869675e-01 5.630348324775695801e-01 6.776351342244030240e-01
5.707640051841735840e-01 6.783258828883905744e-01 5.657482743263244629e-01 6.775794947254362155e-01
5.739846229553222656e-01 6.771672949912105333e-01 5.608432292938232422e-01 6.774969539993667134e-01
5.718822479248046875e-01 6.778040520085655274e-01 5.648090243339538574e-01 6.772482695123691609e-01
5.667382478713989258e-01 6.786554635776179678e-01 5.616781711578369141e-01 6.771604292478822229e-01
5.716139078140258789e-01 6.777939108685445690e-01 5.594865083694458008e-01 6.770915583762016077e-01
5.748792290687561035e-01 6.756415252908224423e-01 5.595908761024475098e-01 6.769226103728709365e-01
5.725532174110412598e-01 6.781628885002976004e-01 5.624086856842041016e-01 6.767481097819735281e-01
5.735820531845092773e-01 6.762108611151920190e-01 5.673137307167053223e-01 6.766369856366830637e-01
5.728216171264648438e-01 6.767421295997345654e-01 5.656439065933227539e-01 6.764080899788377232e-01
5.693773627281188965e-01 6.770641050178348719e-01 5.661657452583312988e-01 6.762533583364365164e-01
5.734478235244750977e-01 6.769618254843455807e-01 5.652264952659606934e-01 6.761728165742375563e-01
5.734925866127014160e-01 6.769625636690480563e-01 5.678355097770690918e-01 6.760781752344113826e-01
5.767579078674316406e-01 6.759210290561572521e-01 5.610519647598266602e-01 6.760637563719577026e-01
5.736715197563171387e-01 6.761574976067569187e-01 5.671049952507019043e-01 6.756187749665406583e-01
