5.677223205566406250e-01 6.833047758788537429e-01 5.682529807090759277e-01 6.776411953984609049e-01
5.805153250694274902e-01 6.694110757572149240e-01 5.997704267501831055e-01 6.642935192179416637e-01
5.936213731765747070e-01 6.641237040200799191e-01 6.093717217445373535e-01 6.592496393792341980e-01
5.970656871795654297e-01 6.612814652469721777e-01 6.130244135856628418e-01 6.563996318187327317e-01
6.007335782051086426e-01 6.587368390559723563e-01 6.043623685836791992e-01 6.560185446517250440e-01
6.062802076339721680e-01 6.556415431485403955e-01 5.991442203521728516e-01 6.578195761897772664e-01
6.069511771202087402e-01 6.510611825113882256e-01 5.969526171684265137e-01 6.585258915911534894e-01
6.081141233444213867e-01 6.531636046156044095e-01 6.117720603942871094e-01 6.457864971331080950e-01
6.124530434608459473e-01 6.488727982344109080e-01 6.149029135704040527e-01 6.478360688430087055e-01
6.127214431762695312e-01 6.490156867675180852e-01 6.103109717369079590e-01 6.497984104304790343e-01
6.120951771736145020e-01 6.473810046959230791e-01 6.127113103866577148e-01 6.482242721153733678e-01
6.130345463752746582e-01 6.456989320686580269e-01 6.211646795272827148e-01 6.441420277880368639e-01
6.193415522575378418e-01 6.420840364936682976e-01 6.217908859252929688e-01 6.405751209397376744e-01
6.168366670608520508e-01 6.411897765756143786e-01 6.212690472602844238e-01 6.412057680019728201e-01
6.190284490585327148e-01 6.410349733630282820e-01 6.177207231521606445e-01 6.400945503237450707e-01
6.274378299713134766e-01 6.381663874812832926e-01 6.337925195693969727e-01 6.326504005218342996e-01
6.222937703132629395e-01 6.362905006733748925e-01 6.154247522354125977e-01 6.461779643289482511e-01
6.202361583709716797e-01 6.386291518111544274e-01 6.215821504592895508e-01 6.340769722426368160e-01
6.228305697441101074e-01 6.359346092205863110e-01 6.261740922927856445e-01 6.361561109665863079e-01
6.269010305404663086e-01 6.341141602032768221e-01 6.303485631942749023e-01 6.311830763925319054e-01
6.241277456283569336e-01 6.334058270724861606e-01 6.242955327033996582e-01 6.361493133249523924e-01
6.265879273414611816e-01 6.336624559530270595e-01 6.371321082115173340e-01 6.293681252353551248e-01
6.313741207122802734e-01 6.295279841193531789e-01 6.299310922622680664e-01 6.247741364905242678e-01
6.290034055709838867e-01 6.302587092509315259e-01 6.260697245597839355e-01 6.338767011089480041e-01
6.362050175666809082e-01 6.262184982330518679e-01 6.274264454841613770e-01 6.321321294392805434e-01
6.339685320854187012e-01 6.275235417704395635e-01 6.297224164009094238e-01 6.237210264237781354e-01
6.348631381988525391e-01 6.241889108611594628e-01 6.390106678009033203e-01 6.215916419049141162e-01
6.370996832847595215e-01 6.232705377555528559e-01 6.405760645866394043e-01 6.251775345058835365e-01
6.375469565391540527e-01 6.214157973617278063e-01 6.428720355033874512e-01 6.170252673413454403e-01
6.388888955116271973e-01 6.199303398854959513e-01 6.364015936851501465e-01 6.205397005918205089e-01
6.398729681968688965e-01 6.184297416990399698e-01 6.446462273597717285e-01 6.139263971517240348e-01
6.411701440811157227e-01 6.161036647097712926e-01 6.400542855262756348e-01 6.149658101432583512e-01
6.445696949958801270e-01 6.137318938762605924e-01 6.482989192008972168e-01 6.100187100092171466e-01
6.416621804237365723e-01 6.140340163191991829e-01 6.451680064201354980e-01 6.171719195001236224e-01
6.457327008247375488e-01 6.123294974294837267e-01 6.437069773674011230e-01 6.173907805897452805e-01
6.469404101371765137e-01 6.105359884425211048e-01 6.456898450851440430e-01 6.114723990441761625e-01
6.454195976257324219e-01 6.116411392986080831e-01 6.377583146095275879e-01 6.177492457599635944e-01
6.477008461952209473e-01 6.102612032022645128e-01 6.504905223846435547e-01 6.043192783817322722e-01
6.544104218482971191e-01 6.042755034682703030e-01 6.458985805511474609e-01 6.130138642851133968e-01
6.538736820220947266e-01 6.067225263975754013e-01 6.516385078430175781e-01 6.080753313452533781e-01
6.463142037391662598e-01 6.065395674715743368e-01 6.468378305435180664e-01 6.085562591039171965e-01
6.531580090522766113e-01 6.032740302046630809e-01 6.424546241760253906e-01 6.081573694689341725e-01
6.507872343063354492e-01 6.048483496105592216e-01 6.304529309272766113e-01 6.205146354888481097e-01
6.514582037925720215e-01 6.040591971032583940e-01 6.430807709693908691e-01 6.133619989042017329e-01
6.507872343063354492e-01 6.031276715273165001e-01 6.458985805511474609e-01 6.063892934397500101e-01
6.559312939643859863e-01 5.975355997796262253e-01 6.540388464927673340e-01 6.066589516205967980e-01
6.523081064224243164e-01 5.995207300423338603e-01 6.470465660095214844e-01 6.040983864793795233e-01
6.571837663650512695e-01 5.988262085629653120e-01 6.563348174095153809e-01 6.013929755322944271e-01
6.559312939643859863e-01 5.963506435725146604e-01 6.534126400947570801e-01 5.947513367208601132e-01
6.580336093902587891e-01 5.935561877176616097e-01 6.629096269607543945e-01 5.910785468429345935e-01
6.599123477935791016e-01 5.936740653142452695e-01 6.525777578353881836e-01 6.012371606305256799e-01
6.565575003623962402e-01 5.995871334345529435e-01 6.632227301597595215e-01 5.921633664065276692e-01
6.596886515617370605e-01 5.928552938629548796e-01 6.577958464622497559e-01 5.916709637771292440e-01
6.658614873886108398e-01 5.881098320497385457e-01 6.582133173942565918e-01 5.923682281677868922e-01
6.638038754463195801e-01 5.867030556587141676e-01 6.592569351196289062e-01 5.918985925594617559e-01
6.628198027610778809e-01 5.877194494931509139e-01 6.661448478698730469e-01 5.881383738396337435e-01
6.666666865348815918e-01 5.859987348622042180e-01 6.647881269454956055e-01 5.864226211712271208e-01
6.636250019073486328e-01 5.877644318889304609e-01 6.564391851425170898e-01 5.966428613344231247e-01
6.662193536758422852e-01 5.838714251792970211e-01 6.601961851119995117e-01 6.021128675803787411e-01
6.629092693328857422e-01 5.895463012906728695e-01 6.666666865348815918e-01 5.852302560674897958e-01
6.710950136184692383e-01 5.788742096101178181e-01 6.685451865196228027e-01 5.924431919006534208e-01
6.676059961318969727e-01 5.805413921887385698e-01 6.617616415023803711e-01 5.917684356471089036e-01
6.687690019607543945e-01 5.817259745684009165e-01 6.662492156028747559e-01 5.854141915847254074e-01
6.737341284751892090e-01 5.761020503928866443e-01 6.634314060211181641e-01 5.849912272094809351e-01
6.720790863037109375e-01 5.756972375187384694e-01 6.684408187866210938e-01 5.885496729849972741e-01
6.682769656181335449e-01 5.786578256598865488e-01 6.568565964698791504e-01 5.910265861734969040e-01
6.686795353889465332e-01 5.768214552277506346e-01 6.574828028678894043e-01 5.914944682781145824e-01
6.717659831047058105e-01 5.751616549120752708e-01 6.715716719627380371e-01 5.829645184155820559e-01
6.723921895027160645e-01 5.752697968487237024e-01 6.693800687789916992e-01 5.842442619380062707e-01
6.723027229309082031e-01 5.740776080141598570e-01 6.761636137962341309e-01 5.777851052409646027e-01
6.727052927017211914e-01 5.701333780816808527e-01 6.688582897186279297e-01 5.838049520184216412e-01
6.757917404174804688e-01 5.722143166627029487e-01 6.653099656105041504e-01 5.806095576987986284e-01
6.778940558433532715e-01 5.697785029152805381e-01 6.694844365119934082e-01 5.775584898868848516e-01
6.769099831581115723e-01 5.730172511844051630e-01 6.745982170104980469e-01 5.805893397062512618e-01
6.737341284751892090e-01 5.705441038080438787e-01 6.664579510688781738e-01 5.861515494856996966e-01
6.785650253295898438e-01 5.671631009597047912e-01 6.791901588439941406e-01 5.751244789796142731e-01
6.822329759597778320e-01 5.635981127835701932e-01 6.783552765846252441e-01 5.783683219475528325e-01
6.797727942466735840e-01 5.686249888354922843e-01 6.766854524612426758e-01 5.758780277588998464e-01
6.804437041282653809e-01 5.646520835339308153e-01 6.786683201789855957e-01 5.756275193025911507e-01
6.808463335037231445e-01 5.691748909115001975e-01 6.780421733856201172e-01 5.732178269535384008e-01
6.804437041282653809e-01 5.624742243984854895e-01 6.758505702018737793e-01 5.722266709199904655e-01
6.807568669319152832e-01 5.660108603653060122e-01 6.561260819435119629e-01 5.877082891415464916e-01
6.833512187004089355e-01 5.649719467037669363e-01 6.696931719779968262e-01 5.739615746938816487e-01
6.797280311584472656e-01 5.607351530086676084e-01 6.659361124038696289e-01 5.840439449220529156e-01
6.811146736145019531e-01 5.613518018781402663e-01 6.755374670028686523e-01 5.744978834532218359e-01
6.804884672164916992e-01 5.658909806114847951e-01 6.679190397262573242e-01 5.843633068824605203e-01
6.841116547584533691e-01 5.590538670528679699e-01 6.725109815597534180e-01 5.791225706926345085e-01
6.840221881866455078e-01 5.598433619642709802e-01 6.714673638343811035e-01 5.746518473639117275e-01
6.840668916702270508e-01 5.575954320606082426e-01 6.714673638343811035e-01 5.768683233009302969e-01
6.833959817886352539e-01 5.616463580825158397e-01 6.736589670181274414e-01 5.721654561411436690e-01
6.852298974990844727e-01 5.563865115122540450e-01 6.833646297454833984e-01 5.680152949399078777e-01
6.844247579574584961e-01 5.579378961087723132e-01 6.805468797683715820e-01 5.686488630527296584e-01
6.891662478446960449e-01 5.542803099147320944e-01 6.776247024536132812e-01 5.736932160336297715e-01
6.873769760131835938e-01 5.538836201970490647e-01 6.826341152191162109e-01 5.670817916763025712e-01
6.856772303581237793e-01 5.547660339239096627e-01 6.869129538536071777e-01 5.645962870959523316e-01
6.894345879554748535e-01 5.543838269084739867e-01 6.700062751770019531e-01 5.857580142537728296e-01
6.867507696151733398e-01 5.557103967449067428e-01 6.829472184181213379e-01 5.651657941992809242e-01
6.893898844718933105e-01 5.524578251465848133e-01 6.783552765846252441e-01 5.738564692989716054e-01
6.846036911010742188e-01 5.557699936364924875e-01 6.834689974784851074e-01 5.686543928982196183e-01
6.837537884712219238e-01 5.559045732031996367e-01 6.772072911262512207e-01 5.726363439819703860e-01
