4.985238909721374512e-01 2.107693864196928057e+00 5.009392499923706055e-01 6.932431162087908660e-01
4.967793822288513184e-01 6.944288383722091451e-01 4.990607500076293945e-01 6.937578039088694304e-01
4.956611096858978271e-01 6.945289931264881922e-01 5.009392499923706055e-01 6.931454375451553407e-01
5.019681453704833984e-01 6.943542306869822101e-01 4.990607500076293945e-01 6.932036795687810393e-01
4.972714185714721680e-01 6.940512027418833663e-01 5.009392499923706055e-01 6.931793850340591812e-01
4.980318546295166016e-01 6.940059385544542492e-01 5.009392499923706055e-01 6.932462153019722795e-01
4.964662790298461914e-01 6.966052125212245372e-01 5.009392499923706055e-01 6.936851926497840104e-01
5.044730901718139648e-01 6.949156172950827770e-01 4.990607500076293945e-01 6.931488802452421272e-01
4.956163763999938965e-01 6.954617787610442026e-01 4.990607500076293945e-01 7.001267476759631680e-01
4.957058429718017578e-01 6.951455608167594891e-01 4.990607500076293945e-01 6.931473778125712970e-01
4.957953095436096191e-01 6.945835961534503333e-01 4.990607500076293945e-01 6.945608892487573627e-01
4.992395639419555664e-01 6.942355727164001289e-01 4.990607500076293945e-01 6.932343060799616152e-01
4.954374730587005615e-01 6.944694146100683918e-01 5.009392499923706055e-01 6.934077058448544495e-01
5.011630058288574219e-01 6.939062712273159628e-01 4.990607500076293945e-01 6.933256938720739893e-01
5.020576119422912598e-01 6.952138552940431149e-01 4.990607500076293945e-01 6.931507144659054820e-01
5.060386657714843750e-01 6.939623896669117054e-01 4.990607500076293945e-01 7.093824038075594585e-01
4.992842972278594971e-01 6.943609269792778704e-01 4.990607500076293945e-01 6.931645022481648377e-01
5.056807994842529297e-01 6.943944845115974651e-01 5.009392499923706055e-01 6.931934224815264889e-01
4.948112368583679199e-01 6.943889635260618309e-01 5.009392499923706055e-01 6.932179168056431529e-01
5.055018663406372070e-01 6.944033504385580535e-01 5.009392499923706055e-01 6.931465377117890236e-01
4.977634549140930176e-01 6.940670021319563787e-01 5.009392499923706055e-01 7.167562978846423460e-01
5.004920363426208496e-01 6.945140975322338095e-01 5.009392499923706055e-01 6.933885789245982645e-01
5.045177936553955078e-01 6.939331743153673848e-01 5.009392499923706055e-01 6.945723661224868506e-01
4.974503517150878906e-01 6.944890679006052725e-01 5.009392499923706055e-01 6.934925584125259945e-01
4.993290305137634277e-01 6.965387569682759406e-01 5.009392499923706055e-01 6.945859923339841036e-01
4.950349032878875732e-01 6.944856129961292091e-01 5.009392499923706055e-01 7.165096142649824973e-01
4.955269396305084229e-01 6.946876768478021935e-01 5.009392499923706055e-01 6.932882016672020642e-01
5.019234418869018555e-01 6.941758800030692900e-01 4.990607500076293945e-01 6.936906605641693924e-01
5.056807994842529297e-01 6.945808343755940362e-01 5.009392499923706055e-01 6.934079638081834807e-01
4.912327826023101807e-01 6.946938339041606181e-01 4.990607500076293945e-01 6.936406405229355032e-01
4.986580908298492432e-01 6.963078806643026031e-01 5.009392499923706055e-01 6.937369275904229360e-01
5.004473328590393066e-01 6.955707299515223596e-01 5.009392499923706055e-01 6.936948218044073355e-01
5.067990422248840332e-01 6.939713135561633717e-01 5.009392499923706055e-01 6.941016232810620634e-01
5.008051395416259766e-01 6.948998429669018817e-01 5.009392499923706055e-01 6.931515881448417904e-01
5.013866424560546875e-01 6.944252821430364486e-01 5.009392499923706055e-01 6.934760386822891309e-01
4.985686242580413818e-01 6.945415817255793378e-01 5.009392499923706055e-01 6.947744940696243265e-01
4.989264607429504395e-01 6.945295334075597404e-01 5.009392499923706055e-01 6.939371548946056123e-01
5.055466294288635254e-01 6.937444750962775686e-01 5.009392499923706055e-01 7.053333683741463966e-01
5.031311511993408203e-01 6.950216913483483472e-01 4.990607500076293945e-01 6.943649246906143935e-01
4.955269396305084229e-01 6.943287851345903983e-01 4.990607500076293945e-01 6.979025837723682457e-01
4.960189759731292725e-01 6.945117350489748986e-01 4.990607500076293945e-01 6.933288284966403481e-01
4.943639338016510010e-01 6.946398480182940371e-01 4.990607500076293945e-01 7.193153953656750144e-01
4.947665035724639893e-01 6.948910411450619495e-01 5.009392499923706055e-01 7.131679089301763419e-01
5.000000000000000000e-01 6.949494795480170017e-01 4.990607500076293945e-01 6.937309020099547974e-01
4.947665035724639893e-01 6.947060939898365151e-01 5.009392499923706055e-01 6.952808773659435726e-01
5.027285814285278320e-01 6.941095026325595496e-01 4.990607500076293945e-01 6.941489085004564075e-01
5.000447034835815430e-01 6.947943315691119670e-01 5.009392499923706055e-01 6.936457999014848941e-01
4.983896911144256592e-01 6.940838234713389010e-01 5.009392499923706055e-01 7.439651813966897675e-01
4.984791576862335205e-01 6.951981869936629810e-01 4.990607500076293945e-01 6.944096519861955308e-01
5.006709694862365723e-01 6.942516617153001723e-01 5.009392499923706055e-01 6.979341930697143814e-01
5.039810538291931152e-01 6.953580488265360682e-01 5.009392499923706055e-01 6.931457285641180466e-01
4.991501271724700928e-01 6.940796616082115511e-01 5.009392499923706055e-01 7.134493824784229332e-01
5.011182427406311035e-01 6.958167448221282969e-01 5.009392499923706055e-01 6.934997409028514914e-01
5.016997456550598145e-01 6.946649749433873033e-01 5.009392499923706055e-01 6.931521729819836164e-01
4.991053938865661621e-01 6.945591270763644687e-01 4.990607500076293945e-01 6.931547222220059146e-01
4.975398182868957520e-01 6.943260209358619317e-01 5.009392499923706055e-01 6.931548151186627260e-01
4.989711940288543701e-01 6.957765848889592153e-01 4.990607500076293945e-01 6.933125654483135447e-01
5.007156729698181152e-01 6.945929974770798099e-01 4.990607500076293945e-01 6.932085930144107344e-01
5.024601817131042480e-01 6.947660163980751147e-01 5.009392499923706055e-01 6.955000994176113727e-01
4.980318546295166016e-01 6.947863366868760604e-01 5.009392499923706055e-01 6.954057245382907482e-01
5.042046904563903809e-01 6.942848392880054398e-01 5.009392499923706055e-01 6.932131265628515004e-01
4.999105334281921387e-01 6.976305960243813775e-01 5.009392499923706055e-01 6.936440765919901219e-01
5.043836236000061035e-01 6.943748207377243853e-01 4.990607500076293945e-01 6.941336313485352294e-01
4.935140311717987061e-01 6.943412059896383326e-01 4.990607500076293945e-01 6.943679613177300425e-01
4.967346489429473877e-01 6.947607796143965286e-01 5.009392499923706055e-01 6.931584515618371967e-01
4.977187216281890869e-01 6.946273353087452085e-01 4.990607500076293945e-01 7.020007250105456675e-01
4.966451823711395264e-01 6.947864358573165866e-01 4.990607500076293945e-01 6.958457444137632342e-01
4.969135820865631104e-01 6.943528447430170614e-01 4.990607500076293945e-01 6.945664988408081220e-01
5.000000000000000000e-01 6.967215722523086852e-01 4.990607500076293945e-01 6.937357098193835947e-01
4.989264607429504395e-01 6.941091876099074742e-01 4.990607500076293945e-01 7.209598790676153834e-01
5.031758546829223633e-01 6.943488020465207189e-01 4.990607500076293945e-01 6.932500079289728445e-01
5.046520233154296875e-01 6.940441342431630245e-01 4.990607500076293945e-01 6.931876297709688162e-01
5.025944113731384277e-01 6.947470067609164968e-01 4.990607500076293945e-01 6.935790097307895641e-01
4.991501271724700928e-01 6.941665215619371443e-01 4.990607500076293945e-01 6.969540820841350071e-01
4.986580908298492432e-01 6.946105725395378405e-01 5.009392499923706055e-01 6.932088877656618076e-01
4.954374730587005615e-01 6.947170041566842480e-01 4.990607500076293945e-01 6.932008362244375110e-01
5.015208721160888672e-01 6.950471895307137604e-01 4.990607500076293945e-01 6.936811602854624503e-01
5.016102790832519531e-01 6.944861915845694789e-01 4.990607500076293945e-01 6.931526060145176693e-01
5.007156729698181152e-01 6.947553713647171003e-01 5.009392499923706055e-01 7.087443637539364572e-01
5.021023154258728027e-01 6.941349282740778559e-01 4.990607500076293945e-01 6.934901489093791005e-01
4.975845515727996826e-01 6.944142852300478896e-01 5.009392499923706055e-01 6.937001699247780095e-01
4.950796067714691162e-01 6.946715358481421188e-01 4.990607500076293945e-01 6.933886394249922924e-01
5.010735392570495605e-01 6.946126411587805194e-01 4.990607500076293945e-01 6.935579356383839711e-01
4.999552667140960693e-01 6.965392172539206506e-01 4.990607500076293945e-01 6.979650989302362829e-01
4.961531460285186768e-01 6.968405097003144144e-01 5.009392499923706055e-01 7.059786513314021406e-01
5.055913329124450684e-01 6.938756522925003667e-01 4.990607500076293945e-01 7.244344782391363147e-01
4.974950850009918213e-01 6.947607561841935286e-01 4.990607500076293945e-01 7.070392454324896381e-01
4.989711940288543701e-01 6.949412014983936681e-01 4.990607500076293945e-01 7.025356028354184934e-01
4.997316300868988037e-01 6.951409044558384265e-01 4.990607500076293945e-01 6.938459521244672024e-01
4.979423880577087402e-01 6.946113184987592337e-01 5.009392499923706055e-01 6.993737907131986065e-01
4.990159273147583008e-01 6.953927329388985834e-01 4.990607500076293945e-01 6.939856844464913355e-01
4.970925152301788330e-01 6.967664759857408185e-01 4.990607500076293945e-01 6.932078658775555624e-01
4.996868968009948730e-01 6.940983028995434401e-01 4.990607500076293945e-01 6.939813322375000260e-01
4.974056184291839600e-01 6.958995166373479480e-01 5.009392499923706055e-01 6.931487809414904611e-01
5.004025697708129883e-01 6.950316952878405896e-01 4.990607500076293945e-01 6.931703347324752462e-01
4.962873458862304688e-01 6.943187650595054050e-01 4.990607500076293945e-01 6.931674194544945600e-01
4.975845515727996826e-01 6.951721678545446093e-01 4.990607500076293945e-01 7.106767090644350304e-01
5.012524724006652832e-01 6.950764535769812236e-01 4.990607500076293945e-01 7.152482819592024255e-01
5.020129084587097168e-01 6.944109480311478899e-01 5.009392499923706055e-01 6.933807327338783466e-01
4.940060973167419434e-01 6.948363243264447098e-01 4.990607500076293945e-01 7.554392490424783890e-01
