5.589103698730468750e-01 6.872162372060486302e-01 5.422667264938354492e-01 6.843152992960754855e-01
5.737162232398986816e-01 6.765013343000864099e-01 5.785848498344421387e-01 6.715763537949944739e-01
5.798890590667724609e-01 6.720102104438526736e-01 5.849509239196777344e-01 6.672326575935919601e-01
5.798890590667724609e-01 6.721754009895577475e-01 5.913170576095581055e-01 6.647433977713292919e-01
5.861961245536804199e-01 6.677819113544539720e-01 5.850552916526794434e-01 6.680074490776293228e-01
5.832438468933105469e-01 6.686293891449267557e-01 5.825506448745727539e-01 6.694292030611159738e-01
5.905796885490417480e-01 6.660707524817155445e-01 5.893341898918151855e-01 6.698431904991243302e-01
5.908928513526916504e-01 6.653544825589556844e-01 5.912126898765563965e-01 6.646699684319627988e-01
5.946949124336242676e-01 6.649674125233027144e-01 5.844291448593139648e-01 6.706185544913110252e-01
5.892825126647949219e-01 6.664292180361144347e-01 5.841160416603088379e-01 6.674596404287815865e-01
5.911164879798889160e-01 6.637407764912419683e-01 5.780630111694335938e-01 6.677524897181845720e-01
5.961710214614868164e-01 6.627379329713475320e-01 5.875599980354309082e-01 6.643793142008597163e-01
5.995258688926696777e-01 6.622644671175470510e-01 5.869338512420654297e-01 6.648373463984397214e-01
5.994811058044433594e-01 6.604768538500631614e-01 5.945522785186767578e-01 6.625702128955751613e-01
5.940687060356140137e-01 6.615324645439997209e-01 5.847422480583190918e-01 6.659925083879189023e-01
5.965288877487182617e-01 6.605522375047943040e-01 5.903778076171875000e-01 6.700749138879069644e-01
5.999284386634826660e-01 6.589860482620284454e-01 5.759757757186889648e-01 6.698080960655730109e-01
6.020307540893554688e-01 6.603339859103661835e-01 6.071801185607910156e-01 6.569499951194208709e-01
6.049830317497253418e-01 6.578896806179933554e-01 5.975787639617919922e-01 6.611408982041035998e-01
6.077115535736083984e-01 6.552418341660546375e-01 6.047797799110412598e-01 6.542107085797463917e-01
6.044909358024597168e-01 6.576201188199569669e-01 6.025881767272949219e-01 6.582694237029669271e-01
6.039988994598388672e-01 6.565123504571953594e-01 6.021707653999328613e-01 6.594485367819949984e-01
6.086509227752685547e-01 6.547394191073399039e-01 6.053016185760498047e-01 6.565147803039248497e-01
6.093218922615051270e-01 6.541084453295585854e-01 5.925694108009338379e-01 6.591475007927659613e-01
6.074879169464111328e-01 6.544419220232284840e-01 5.930911898612976074e-01 6.571989126007383719e-01
6.069064140319824219e-01 6.531207350653086552e-01 6.152160167694091797e-01 6.509452394766340744e-01
6.112452745437622070e-01 6.519801677563766829e-01 6.080150008201599121e-01 6.526283519772143604e-01
6.110664010047912598e-01 6.515134488412233082e-01 6.126069426536560059e-01 6.547870804436941583e-01
6.119610071182250977e-01 6.505362999675994296e-01 6.105197072029113770e-01 6.517579970293119196e-01
6.150921583175659180e-01 6.477101309010671049e-01 6.171989440917968750e-01 6.452782091878446202e-01
6.150473952293395996e-01 6.466717696462894738e-01 6.117720603942871094e-01 6.486883191817539585e-01
6.184917092323303223e-01 6.469356287120813231e-01 6.161552667617797852e-01 6.497984195621444581e-01
6.172839403152465820e-01 6.449485183359365825e-01 6.208515763282775879e-01 6.447187314648589185e-01
6.161656975746154785e-01 6.450996528181156542e-01 6.229388713836669922e-01 6.426117172496996766e-01
6.199230551719665527e-01 6.426673754636450520e-01 6.184512376785278320e-01 6.428740540742127196e-01
6.232331395149230957e-01 6.400367961434947350e-01 6.187643408775329590e-01 6.408573997416343593e-01
6.196546554565429688e-01 6.404222360363712729e-01 6.145898699760437012e-01 6.451616464390731442e-01
6.209965944290161133e-01 6.415838986864498272e-01 6.190774440765380859e-01 6.404671322401170874e-01
6.217570304870605469e-01 6.382490230237974904e-01 6.121895313262939453e-01 6.453206555576120884e-01
6.215780973434448242e-01 6.375176929514658752e-01 6.274264454841613770e-01 6.367466676287451000e-01
6.235462427139282227e-01 6.358933559490415055e-01 6.135462522506713867e-01 6.411550217071919633e-01
6.259617209434509277e-01 6.377201692045726400e-01 6.156334877014160156e-01 6.365558138049934866e-01
6.270799636840820312e-01 6.352411570735002622e-01 6.197035908699035645e-01 6.395102521368467574e-01
6.286455392837524414e-01 6.313544110271537280e-01 6.259653568267822266e-01 6.380445863130171924e-01
6.294059753417968750e-01 6.326797410891080720e-01 6.293049454689025879e-01 6.384384099513049637e-01
6.319109201431274414e-01 6.291042775326283198e-01 6.260697245597839355e-01 6.335028639742438239e-01
6.296296119689941406e-01 6.288715614724785796e-01 6.300354599952697754e-01 6.321093016192301794e-01
6.311951875686645508e-01 6.266454308185280819e-01 6.210603117942810059e-01 6.354079894819480989e-01
6.324476599693298340e-01 6.283379705717108132e-01 6.285744309425354004e-01 6.279373655013663624e-01
6.352209448814392090e-01 6.214914389833138264e-01 6.318096518516540527e-01 6.377154343612406739e-01
6.291823387145996094e-01 6.258693029232540450e-01 6.280525922775268555e-01 6.256167936912286898e-01
6.339685320854187012e-01 6.213884382645502580e-01 6.347317695617675781e-01 6.266912455549819017e-01
6.347289085388183594e-01 6.203223573199579954e-01 6.358797550201416016e-01 6.251124065222408710e-01
6.337001323699951172e-01 6.243759753623446818e-01 6.405760645866394043e-01 6.209930290486115334e-01
6.412149071693420410e-01 6.175804999672805939e-01 6.309747695922851562e-01 6.258570005962879046e-01
6.447933316230773926e-01 6.144415441321269267e-01 6.353579759597778320e-01 6.236744520809027748e-01
6.410359740257263184e-01 6.146659688438536051e-01 6.420371532440185547e-01 6.154152927506171267e-01
6.421542167663574219e-01 6.182049206041611011e-01 6.192861795425415039e-01 6.291758012881086826e-01
6.416174769401550293e-01 6.138904865962444557e-01 6.419327855110168457e-01 6.135108775720296004e-01
6.472088098526000977e-01 6.102007236841604509e-01 6.306616663932800293e-01 6.282829467624743147e-01
6.421542167663574219e-01 6.119716331045451652e-01 6.391150355339050293e-01 6.174672482979618460e-01
6.486849188804626465e-01 6.079895047067337410e-01 6.347317695617675781e-01 6.299593252444959379e-01
6.441671252250671387e-01 6.104565909178019112e-01 6.391150355339050293e-01 6.178190470911271159e-01
6.474324464797973633e-01 6.068164346725318792e-01 6.364015936851501465e-01 6.179139406341174201e-01
6.479692459106445312e-01 6.043671690344831759e-01 6.474639773368835449e-01 6.107912198831880746e-01
6.563338637351989746e-01 5.973727364812261298e-01 6.442287564277648926e-01 6.166969790908544136e-01
6.511003971099853516e-01 6.012982795630527066e-01 6.361928582191467285e-01 6.160878543066495849e-01
6.542762517929077148e-01 6.024611616821445859e-01 6.496555805206298828e-01 6.071276005860585245e-01
6.464036703109741211e-01 6.031004910094512894e-01 6.458985805511474609e-01 6.086158705787801937e-01
6.513687372207641602e-01 6.004353320583671882e-01 6.384888291358947754e-01 6.185953989329504576e-01
6.577205061912536621e-01 5.946123295104189799e-01 6.368190646171569824e-01 6.122416905534713294e-01
6.590624451637268066e-01 5.912148777690764412e-01 6.544562578201293945e-01 5.992084102624644082e-01
6.549919247627258301e-01 5.955148321354958307e-01 6.481945514678955078e-01 6.056094593853473818e-01
6.598228812217712402e-01 5.924552433028761333e-01 6.493425369262695312e-01 6.054379455084294426e-01
6.561996936798095703e-01 5.976838083765463328e-01 6.455854773521423340e-01 6.089737985234150441e-01
6.578994393348693848e-01 5.925213887069109564e-01 6.480901837348937988e-01 5.978226235828029145e-01
6.585704088211059570e-01 5.906106758296841841e-01 6.416196823120117188e-01 6.087853567034435809e-01
6.589729785919189453e-01 5.887163176500727069e-01 6.498643159866333008e-01 5.963863629036769698e-01
6.603596210479736328e-01 5.893086498294283215e-01 6.491338014602661133e-01 6.078464691162706046e-01
6.639381051063537598e-01 5.854064333330093461e-01 6.445418596267700195e-01 6.066709665036903454e-01
6.634907722473144531e-01 5.854114617937087317e-01 6.532039046287536621e-01 5.987780503329940274e-01
6.587493419647216797e-01 5.928001856735640729e-01 6.508035659790039062e-01 6.026036528599483244e-01
6.634907722473144531e-01 5.820511013221433272e-01 6.569609642028808594e-01 5.948861889265892877e-01
6.646985411643981934e-01 5.827731423267931143e-01 6.390106678009033203e-01 6.157085363189603866e-01
6.633118391036987305e-01 5.856864716631714485e-01 6.532039046287536621e-01 6.032231077722904899e-01
6.627303361892700195e-01 5.824252372565263958e-01 6.521602869033813477e-01 6.017333324481539680e-01
6.708266139030456543e-01 5.767026819298062268e-01 6.503861546516418457e-01 5.960709958727388180e-01
6.636250019073486328e-01 5.830070358159653576e-01 6.564391851425170898e-01 6.054637685271947456e-01
6.655483841896057129e-01 5.812124489970060814e-01 6.592569351196289062e-01 5.932977599780162592e-01
6.682322621345520020e-01 5.783027217903894401e-01 6.521602869033813477e-01 5.924871603349284310e-01
6.719449162483215332e-01 5.728010376763698064e-01 6.503861546516418457e-01 6.015069111979497452e-01
6.639381051063537598e-01 5.841432863686117916e-01 6.526821255683898926e-01 5.992380046093048751e-01
6.700661778450012207e-01 5.741384595253958834e-01 6.640576124191284180e-01 5.897534832628951174e-01
6.706029772758483887e-01 5.745009370408132865e-01 6.619703769683837891e-01 5.891629454612333783e-01
6.715422868728637695e-01 5.741365388779632317e-01 6.591525673866271973e-01 5.979138571069972929e-01
6.744050979614257812e-01 5.734825464881027068e-01 6.575871706008911133e-01 5.970941442483851391e-01
6.747629046440124512e-01 5.692702553997015524e-01 6.600918173789978027e-01 5.925674436486009222e-01
6.757917404174804688e-01 5.653071176773278861e-01 6.585264205932617188e-01 5.993960894266365802e-01
6.765521764755249023e-01 5.704454550228641452e-01 6.696931719779968262e-01 5.808368513091972662e-01
6.700214743614196777e-01 5.783620257031236722e-01 6.409935355186462402e-01 6.353067758933808040e-01
