5.427625775337219238e-01 6.855363921650750036e-01 5.824462771415710449e-01 6.782671589862327988e-01
5.684379935264587402e-01 6.758172982791430528e-01 5.697140693664550781e-01 6.742198571012254504e-01
5.753265619277954102e-01 6.730364401964579191e-01 5.667918920516967773e-01 6.694852011085825616e-01
5.818572044372558594e-01 6.682869008347182005e-01 5.823419094085693359e-01 6.663401047115011799e-01
5.843173861503601074e-01 6.681390360656290772e-01 5.823419094085693359e-01 6.641553618967147576e-01
5.776972770690917969e-01 6.682091724000221999e-01 5.928825139999389648e-01 6.720385739186740537e-01
5.806941986083984375e-01 6.685299119042420468e-01 5.863076448440551758e-01 6.644263797875262778e-01
5.805600285530090332e-01 6.679514598432647610e-01 5.846378803253173828e-01 6.629647647281997624e-01
5.850778222084045410e-01 6.644539413415462281e-01 5.871425867080688477e-01 6.620077076024935003e-01
5.900876522064208984e-01 6.632521743743700071e-01 5.867251157760620117e-01 6.574935999550617360e-01
5.881642699241638184e-01 6.625778218313030932e-01 5.985180735588073730e-01 6.588852890745580115e-01
5.988548994064331055e-01 6.598415726155580918e-01 6.030056476593017578e-01 6.556784427880095745e-01
5.924136638641357422e-01 6.605497670954296741e-01 5.985180735588073730e-01 6.579077516759619382e-01
5.976918935775756836e-01 6.590928216274020146e-01 6.090586781501770020e-01 6.572824107707355701e-01
6.022544503211975098e-01 6.553882383707277937e-01 6.026925444602966309e-01 6.529903420573907047e-01
5.994364023208618164e-01 6.570355196207319226e-01 6.083281040191650391e-01 6.488030065178398420e-01
5.998836755752563477e-01 6.576973783839770160e-01 6.000834703445434570e-01 6.494252698154245884e-01
6.065486073493957520e-01 6.532734938993673968e-01 6.014401912689208984e-01 6.593965053234884799e-01
6.020755171775817871e-01 6.545112731525436489e-01 6.046754121780395508e-01 6.495312948835042510e-01
5.985864996910095215e-01 6.534395165212211198e-01 6.005009412765502930e-01 6.519909440737082784e-01
6.059671044349670410e-01 6.514132359113605775e-01 6.017532944679260254e-01 6.500260931194961067e-01
6.103059649467468262e-01 6.481335172288040791e-01 6.111459136009216309e-01 6.436084850027028459e-01
6.120057106018066406e-01 6.472560428169593649e-01 6.182425618171691895e-01 6.412235653193900653e-01
6.074432134628295898e-01 6.463058043793203922e-01 6.122938990592956543e-01 6.433440583828620163e-01
6.114689707756042480e-01 6.465178379903305794e-01 6.062408685684204102e-01 6.422131626497999957e-01
6.135265827178955078e-01 6.436892482116325365e-01 6.036317944526672363e-01 6.461404305588250851e-01
6.103954315185546875e-01 6.468568144042540213e-01 5.949697494506835938e-01 6.521692540371401003e-01
6.077563166618347168e-01 6.462276127901929179e-01 5.977874994277954102e-01 6.402099069462169334e-01
6.099928617477416992e-01 6.448226235253714522e-01 6.078063249588012695e-01 6.456197522498202668e-01
6.155841946601867676e-01 6.414666339437785636e-01 6.163640022277832031e-01 6.390805932679770596e-01
6.173287034034729004e-01 6.394256315625488352e-01 6.164683699607849121e-01 6.382592648261525836e-01
6.231436729431152344e-01 6.392714000810427732e-01 6.184512376785278320e-01 6.339339475819820713e-01
6.217122673988342285e-01 6.360116685134264980e-01 6.176163554191589355e-01 6.365476881778456830e-01
6.121399402618408203e-01 6.400858700904634713e-01 6.201210618019104004e-01 6.369125962730142199e-01
6.200125217437744141e-01 6.355699750706940154e-01 6.199123263359069824e-01 6.338223374927499654e-01
6.218912005424499512e-01 6.364402780274326377e-01 6.245042681694030762e-01 6.410592430644631579e-01
6.202809214591979980e-01 6.342372076842840434e-01 6.236693859100341797e-01 6.329958158329617168e-01
6.226069331169128418e-01 6.336074247729652775e-01 6.185556054115295410e-01 6.341696656265330967e-01
6.229647397994995117e-01 6.320120069118492223e-01 6.320183873176574707e-01 6.313253069341966395e-01
6.169261336326599121e-01 6.332720295434605129e-01 6.164683699607849121e-01 6.304866906945179039e-01
6.218464970588684082e-01 6.318517139077848288e-01 6.249217391014099121e-01 6.272061137236426553e-01
6.259617209434509277e-01 6.282334567865333064e-01 6.199123263359069824e-01 6.325906837964401230e-01
6.162551641464233398e-01 6.373083508063736025e-01 6.102066636085510254e-01 6.379488893949619710e-01
6.209965944290161133e-01 6.300253078173515542e-01 6.237737536430358887e-01 6.336091445299012470e-01
6.306584477424621582e-01 6.252528208700013357e-01 6.216865181922912598e-01 6.289035335410191330e-01
6.273483633995056152e-01 6.261666061989543675e-01 6.265915036201477051e-01 6.277825651973006904e-01
6.310610175132751465e-01 6.239220888398375742e-01 6.243999004364013672e-01 6.316280640059884766e-01
6.286903023719787598e-01 6.252643482419326659e-01 6.317052841186523438e-01 6.251944275022772723e-01
6.250223517417907715e-01 6.260558298628495777e-01 6.242955327033996582e-01 6.241510460431977103e-01
6.307479143142700195e-01 6.218029319397514465e-01 6.248173713684082031e-01 6.226731573980502921e-01
6.330738663673400879e-01 6.188264796635315479e-01 6.311834454536437988e-01 6.262647723310602599e-01
6.273036599159240723e-01 6.233831260984540323e-01 6.308704018592834473e-01 6.218187032176865081e-01
6.308373808860778809e-01 6.164014735958148750e-01 6.223126649856567383e-01 6.206703504772580482e-01
6.340132355690002441e-01 6.160001947364049935e-01 6.280525922775268555e-01 6.222955640759206819e-01
6.361603140830993652e-01 6.188184487135002243e-01 6.297224164009094238e-01 6.183278071335426285e-01
6.308373808860778809e-01 6.196547815231927547e-01 6.366103291511535645e-01 6.204757755869143576e-01
6.372785568237304688e-01 6.134699860334097421e-01 6.306616663932800293e-01 6.198071025403698586e-01
6.319556236267089844e-01 6.170089754718726116e-01 6.266958713531494141e-01 6.189206943485090484e-01
6.342368721961975098e-01 6.163885887544938713e-01 6.290962100028991699e-01 6.172336620743054114e-01
6.324029564857482910e-01 6.168617933887257099e-01 6.379670500755310059e-01 6.175213253241793598e-01
6.376364231109619141e-01 6.082691255377665751e-01 6.330620050430297852e-01 6.228280406086809107e-01
6.395151019096374512e-01 6.083949553900401819e-01 6.316009163856506348e-01 6.150367112802678227e-01
6.412596106529235840e-01 6.092121772058834983e-01 6.391150355339050293e-01 6.128845935548627999e-01
6.432277560234069824e-01 6.083191307953120797e-01 6.359841227531433105e-01 6.229045296033820511e-01
6.415727138519287109e-01 6.085202210404659917e-01 6.422458887100219727e-01 6.116208423654512227e-01
6.441671252250671387e-01 6.058411344920485719e-01 6.361928582191467285e-01 6.180666393115011870e-01
6.426015496253967285e-01 6.082957025332748069e-01 6.188687086105346680e-01 6.523125880796161180e-01
6.373233199119567871e-01 6.179947050681244836e-01 6.365059614181518555e-01 6.120167799967362043e-01
6.408123373985290527e-01 6.117302835318244592e-01 6.343143582344055176e-01 6.158503025888376614e-01
6.430935859680175781e-01 6.059167349801376501e-01 6.313921809196472168e-01 6.135897547460702484e-01
6.479692459106445312e-01 5.995070179346145833e-01 6.380713582038879395e-01 6.148026781026417753e-01
6.446591615676879883e-01 6.010123016071097224e-01 6.338968873023986816e-01 6.200761321540965154e-01
6.500715613365173340e-01 6.009739255474300101e-01 6.347317695617675781e-01 6.128077473428448219e-01
6.219359636306762695e-01 6.293408469066869015e-01 6.360884904861450195e-01 6.159668280022847497e-01
6.459563374519348145e-01 6.025140092995282526e-01 6.439156532287597656e-01 6.063833857373887026e-01
6.460905075073242188e-01 6.000729657644278126e-01 6.346274018287658691e-01 6.137143544303775844e-01
6.503399610519409180e-01 5.942564885866707947e-01 6.362972259521484375e-01 6.083421018172893158e-01
6.460458040237426758e-01 6.052525776681202396e-01 6.410979032516479492e-01 6.057028726032546162e-01
6.451064348220825195e-01 6.036583431548990797e-01 6.428720355033874512e-01 6.072058032360686530e-01
6.493558883666992188e-01 5.999608855273945718e-01 6.425589919090270996e-01 6.023886479830796725e-01
6.482823491096496582e-01 5.961714776305824248e-01 6.421415209770202637e-01 6.056851170999076883e-01
6.480139493942260742e-01 5.980008524141193771e-01 6.431851387023925781e-01 6.039339529276143148e-01
6.499820947647094727e-01 5.938654340301052770e-01 6.471509337425231934e-01 6.023570039630110617e-01
6.511003971099853516e-01 5.964273613730789458e-01 6.416196823120117188e-01 6.078005811536618674e-01
6.491322517395019531e-01 5.988034601820712011e-01 6.377583146095275879e-01 6.224367534459893658e-01
6.479244828224182129e-01 6.049223607481005738e-01 6.461072564125061035e-01 6.051186972832883759e-01
6.540973186492919922e-01 5.887858135091488254e-01 6.511166691780090332e-01 6.017785224355205465e-01
6.528896093368530273e-01 5.900979652496927130e-01 6.371321082115173340e-01 6.262831983897710897e-01
6.506978273391723633e-01 5.915515163777061991e-01 6.451680064201354980e-01 6.025755197910793726e-01
6.524422764778137207e-01 5.898812192137754540e-01 6.508035659790039062e-01 5.960693086420312259e-01
6.438987255096435547e-01 6.021057494980509572e-01 6.516385078430175781e-01 6.026026903152267300e-01
6.548577547073364258e-01 5.891748338612488034e-01 6.419327855110168457e-01 6.034078875580303203e-01
6.572732329368591309e-01 5.898614396966193052e-01 6.541432142257690430e-01 5.986165017157052404e-01
6.562891602516174316e-01 5.890370138345453199e-01 6.485075950622558594e-01 5.979751605774559220e-01
6.569601297378540039e-01 5.865134038424359986e-01 6.595700383186340332e-01 5.933262809933762538e-01
6.564233303070068359e-01 5.930948486735940772e-01 6.565434932708740234e-01 6.010049237410725054e-01
6.566469669342041016e-01 5.895249226115047980e-01 6.540388464927673340e-01 5.949143352699638454e-01
6.564680337905883789e-01 5.879425616336009242e-01 6.519515514373779297e-01 5.986100753372334271e-01
6.558865904808044434e-01 5.887267260138517866e-01 6.492381691932678223e-01 6.093882672897685815e-01
6.576310396194458008e-01 5.866150432312119412e-01 6.546649932861328125e-01 5.905196868136689536e-01
