5.529611706733703613e-01 6.904160619144641409e-01 5.739929080009460449e-01 6.699597543551413237e-01
5.793523192405700684e-01 6.719230224032972654e-01 5.802546143531799316e-01 6.675888979342904372e-01
5.848094224929809570e-01 6.671075177205485485e-01 5.966395139694213867e-01 6.635695823770155766e-01
5.907139182090759277e-01 6.634006917657953029e-01 6.128156781196594238e-01 6.575133379131238298e-01
6.039094924926757812e-01 6.587105381358691059e-01 6.107284426689147949e-01 6.553424570909299751e-01
6.046698689460754395e-01 6.559281982341506056e-01 5.974744558334350586e-01 6.564945068993366384e-01
6.073984503746032715e-01 6.545757168221076894e-01 6.071801185607910156e-01 6.523938258762673748e-01
6.072195172309875488e-01 6.525405702746219783e-01 6.146942377090454102e-01 6.517556168495103330e-01
6.152710914611816406e-01 6.490599922575875924e-01 6.134418845176696777e-01 6.506850581357235264e-01
6.118267774581909180e-01 6.499467520578151580e-01 6.257566213607788086e-01 6.431279321399617777e-01
6.184917092323303223e-01 6.436382713525191646e-01 6.213734149932861328e-01 6.387758290461622579e-01
6.164788007736206055e-01 6.443949363956427145e-01 6.258609890937805176e-01 6.418198528356477972e-01
6.238593459129333496e-01 6.404873215889841376e-01 6.236693859100341797e-01 6.356898463610890504e-01
6.228305697441101074e-01 6.420667697564713672e-01 6.053016185760498047e-01 6.462717674341362795e-01
6.197888851165771484e-01 6.415702047725977408e-01 6.256522536277770996e-01 6.361179548000597261e-01
6.237251758575439453e-01 6.374050013109106017e-01 6.312878131866455078e-01 6.304116255553772197e-01
6.269010305404663086e-01 6.377190000939655379e-01 6.147986054420471191e-01 6.404110135899733214e-01
6.242172122001647949e-01 6.344807341009629509e-01 6.153203845024108887e-01 6.382796494031693912e-01
6.297638416290283203e-01 6.327697983110583957e-01 6.161552667617797852e-01 6.518760877022835576e-01
6.316872239112854004e-01 6.313637217973677718e-01 6.338968873023986816e-01 6.301339203618160356e-01
6.317766904830932617e-01 6.317084475693196532e-01 6.327489018440246582e-01 6.298884914255271639e-01
6.351315379142761230e-01 6.277808292241829902e-01 6.348361372947692871e-01 6.226532787575997929e-01
6.348631381988525391e-01 6.287983958378612348e-01 6.454811096191406250e-01 6.208947546371113013e-01
6.350420713424682617e-01 6.259751098060847285e-01 6.381757259368896484e-01 6.228494703881652939e-01
6.413490772247314453e-01 6.217203703138222126e-01 6.404716968536376953e-01 6.176843103872811103e-01
6.423331499099731445e-01 6.227679725707718772e-01 6.421415209770202637e-01 6.215769974380712659e-01
6.415280103683471680e-01 6.218408611832204613e-01 6.400542855262756348e-01 6.221461775182955956e-01
6.432277560234069824e-01 6.189552995168494665e-01 6.388019323348999023e-01 6.214010002244317876e-01
6.403203010559082031e-01 6.195574533664214290e-01 6.510123014450073242e-01 6.130807716621036185e-01
6.442118287086486816e-01 6.154302658303562046e-01 6.466290950775146484e-01 6.104831292469500292e-01
6.429593563079833984e-01 6.165591047923111301e-01 6.446462273597717285e-01 6.203538642947794557e-01
6.434961557388305664e-01 6.141010656043698335e-01 6.430807709693908691e-01 6.163887368366230968e-01
6.450169682502746582e-01 6.129925696682174685e-01 6.352536082267761230e-01 6.268473645760455071e-01
6.464483737945556641e-01 6.129862764777939121e-01 6.550824642181396484e-01 6.053882939933461493e-01
6.484165191650390625e-01 6.108617156152116312e-01 6.428720355033874512e-01 6.144914156931273741e-01
6.524870395660400391e-01 6.081149488511549128e-01 6.500730514526367188e-01 6.120436950084238159e-01
6.567811965942382812e-01 6.039822790421789378e-01 6.565434932708740234e-01 6.018247759135673114e-01
6.542315483093261719e-01 6.044099177011417190e-01 6.593613028526306152e-01 5.996215847583087344e-01
6.542762517929077148e-01 6.064033136958192349e-01 6.474639773368835449e-01 6.116306984058826890e-01
6.539631485939025879e-01 6.055721743927166001e-01 6.543518900871276855e-01 6.044736776016520485e-01
6.549472212791442871e-01 6.013470049470924783e-01 6.469421982765197754e-01 6.110438499339212459e-01
6.589282751083374023e-01 5.997606569207574179e-01 6.497599482536315918e-01 6.045669565691477176e-01
6.616567969322204590e-01 5.974368131807012983e-01 6.616572737693786621e-01 5.964460795917483349e-01
6.588388085365295410e-01 6.000653228578040066e-01 6.586307883262634277e-01 5.995724542582365757e-01
6.626856327056884766e-01 5.966431328106660548e-01 6.620747447013854980e-01 5.926716294574280175e-01
6.627750992774963379e-01 5.957759846982343399e-01 6.549780964851379395e-01 6.081022569690808233e-01
6.582125425338745117e-01 5.985021807358673618e-01 6.569609642028808594e-01 5.987746229104073947e-01
6.631329655647277832e-01 5.927086913493947451e-01 6.641619801521301270e-01 5.935913228933906716e-01
6.589282751083374023e-01 5.938538271426557769e-01 6.442287564277648926e-01 6.131849695262220346e-01
6.630882024765014648e-01 5.926374143683050821e-01 6.597787737846374512e-01 5.926628263453007639e-01
6.646090745925903320e-01 5.899318038596089719e-01 6.548737287521362305e-01 5.936382101388795185e-01
6.663535237312316895e-01 5.916456843898471041e-01 6.576914787292480469e-01 5.911322663283701262e-01
6.684558987617492676e-01 5.889053110744471020e-01 6.683364510536193848e-01 5.841344046184648864e-01
6.685006022453308105e-01 5.850540705199829272e-01 6.668753623962402344e-01 5.921479687141342207e-01
6.686348319053649902e-01 5.837739563773198803e-01 6.668753623962402344e-01 5.918021129432189387e-01
6.690821051597595215e-01 5.871800658506194370e-01 6.635357737541198730e-01 5.926575568766864199e-01
6.673823595046997070e-01 5.858562522784267479e-01 6.715716719627380371e-01 5.862425302095638502e-01
6.721237897872924805e-01 5.796456322257901306e-01 6.654143333435058594e-01 5.934450009426028849e-01
6.731078624725341797e-01 5.834620679975472957e-01 6.699019074440002441e-01 5.856253175814100098e-01
6.716765165328979492e-01 5.813042429867530947e-01 6.714673638343811035e-01 5.856023897360321806e-01
6.704688072204589844e-01 5.826460106851888421e-01 6.651012301445007324e-01 5.912366947483802537e-01
6.714528799057006836e-01 5.798703306027144233e-01 6.651012301445007324e-01 5.895025556706058323e-01
6.764627099037170410e-01 5.789698107252395642e-01 6.693800687789916992e-01 5.810949540765268928e-01
6.750313043594360352e-01 5.757582482849683547e-01 6.694844365119934082e-01 5.848838783484912041e-01
6.741814017295837402e-01 5.763228653816315772e-01 6.685451865196228027e-01 5.835196979979935250e-01
6.760601401329040527e-01 5.737648952474404540e-01 6.747025847434997559e-01 5.778646634456584552e-01
6.782966256141662598e-01 5.736424564504734036e-01 6.737633347511291504e-01 5.758024425129382173e-01
6.778940558433532715e-01 5.716309395346621525e-01 6.678146719932556152e-01 5.847231096301738207e-01
6.731078624725341797e-01 5.738761063700478227e-01 6.678146719932556152e-01 5.835525353799356774e-01
6.793254613876342773e-01 5.697279089698853438e-01 6.723022460937500000e-01 5.754437271052276204e-01
6.786992549896240234e-01 5.706287309871331814e-01 6.680233478546142578e-01 5.795731173629578015e-01
6.795938611030578613e-01 5.689749255080538415e-01 6.723022460937500000e-01 5.791965703256591880e-01
6.761048436164855957e-01 5.734718056863227220e-01 6.709455251693725586e-01 5.742312385353657289e-01
6.783860921859741211e-01 5.677151152519830379e-01 6.798163056373596191e-01 5.740843220061634389e-01
6.821882128715515137e-01 5.635279572421695304e-01 6.729283928871154785e-01 5.747268960436607843e-01
6.828591823577880859e-01 5.664436706363632501e-01 6.717804074287414551e-01 5.757118262470303227e-01
6.821882128715515137e-01 5.599712473076216002e-01 6.788770556449890137e-01 5.742812392931098131e-01
6.752549409866333008e-01 5.720491362803948876e-01 6.672928333282470703e-01 5.816578869903243909e-01
6.778940558433532715e-01 5.684513755317321948e-01 6.717804074287414551e-01 5.730947040237581724e-01
6.849167943000793457e-01 5.609804468433040592e-01 6.621791124343872070e-01 6.036882345150418328e-01
6.801306009292602539e-01 5.633137616750314436e-01 6.615529060363769531e-01 5.811623351431122186e-01
6.819198131561279297e-01 5.673622544005041402e-01 6.688582897186279297e-01 5.765849131802331939e-01
6.794149279594421387e-01 5.642572071561234859e-01 6.717804074287414551e-01 5.734084674521294778e-01
6.811146736145019531e-01 5.633558935311979710e-01 6.868085861206054688e-01 5.721518921220111187e-01
6.837090849876403809e-01 5.622344670557638535e-01 6.752243638038635254e-01 5.719711247701730894e-01
6.835301518440246582e-01 5.597897957317899964e-01 6.736589670181274414e-01 5.694252034613096480e-01
6.876900792121887207e-01 5.598968722607415849e-01 6.793988943099975586e-01 5.684074312355194003e-01
6.883163452148437500e-01 5.562816360466465992e-01 6.753287315368652344e-01 5.755562998760321847e-01
6.833512187004089355e-01 5.584511011758928056e-01 6.798163056373596191e-01 5.695025394615264025e-01
6.888083815574645996e-01 5.532963173315635919e-01 6.764767169952392578e-01 5.685369443405746681e-01
6.859008669853210449e-01 5.576447595912669142e-01 6.806512475013732910e-01 5.683148669390358787e-01
6.886294484138488770e-01 5.543103733713713455e-01 6.764767169952392578e-01 5.730731535793918141e-01
6.859008669853210449e-01 5.567318993127501336e-01 6.822166442871093750e-01 5.659827978022285988e-01
6.920289993286132812e-01 5.514034050631595463e-01 6.854518651962280273e-01 5.670204919132502130e-01
6.959652900695800781e-01 5.508540209578068891e-01 6.812773942947387695e-01 5.681105709926889125e-01
6.912685632705688477e-01 5.546393339867283778e-01 6.848257184028625488e-01 5.670946391333968606e-01
6.904186606407165527e-01 5.518616856285616379e-01 6.880609393119812012e-01 5.664927620301538624e-01
6.864376664161682129e-01 5.570028345664640446e-01 6.819035410881042480e-01 5.648304029562060125e-01
6.923868060111999512e-01 5.493178478740242676e-01 6.736589670181274414e-01 5.713498389713451697e-01
6.900160908699035645e-01 5.544364909554960752e-01 6.850344538688659668e-01 5.613151500330069155e-01
