4.949007034301757812e-01 7.305684840237652855e-01 5.136714577674865723e-01 6.934189918991221502e-01
5.054123997688293457e-01 7.192067278265462660e-01 5.216029882431030273e-01 6.893369802924044221e-01
5.144927501678466797e-01 7.118874119078457685e-01 5.375704169273376465e-01 6.864800142784055481e-01
5.229915976524353027e-01 7.061177511764652470e-01 5.506157279014587402e-01 6.842307526765201153e-01
5.243782401084899902e-01 7.044036180116896029e-01 5.527029633522033691e-01 6.825688374711834649e-01
5.304616093635559082e-01 7.007837988946791219e-01 5.615738034248352051e-01 6.811416587434464542e-01
5.375290513038635254e-01 6.975731762646988354e-01 5.695053339004516602e-01 6.799509305840517603e-01
5.373054146766662598e-01 6.964238103866406959e-01 5.630348324775695801e-01 6.791576677064411482e-01
5.352925658226013184e-01 6.967369489495752743e-01 5.720100402832031250e-01 6.781430063180997614e-01
5.459384322166442871e-01 6.920035961894747123e-01 5.735754370689392090e-01 6.774088885534832460e-01
5.461621284484863281e-01 6.910499530244671451e-01 5.738885402679443359e-01 6.766562474791626425e-01
5.509482622146606445e-01 6.892051601968739449e-01 5.796284675598144531e-01 6.760244083986778341e-01
5.531848073005676270e-01 6.878829656229140666e-01 5.791066288948059082e-01 6.753829954263188551e-01
5.535426735877990723e-01 6.874410077612224113e-01 5.795240998268127441e-01 6.747910595965320724e-01
5.539005398750305176e-01 6.873182222996314650e-01 5.806720852851867676e-01 6.741019502683364140e-01
5.618178844451904297e-01 6.855590574151395611e-01 5.830724239349365234e-01 6.736312112836094768e-01
5.641438364982604980e-01 6.826941155858363697e-01 5.760801434516906738e-01 6.731878703433271660e-01
5.593576431274414062e-01 6.826595773976739112e-01 5.833855271339416504e-01 6.726406496045386207e-01
5.597602725028991699e-01 6.830451848106363633e-01 5.764976143836975098e-01 6.723093043984015305e-01
5.629361271858215332e-01 6.829606799709069254e-01 5.819244384765625000e-01 6.718783392908179719e-01
5.626677274703979492e-01 6.801897010728144011e-01 5.792109966278076172e-01 6.715474620887567081e-01
5.679459571838378906e-01 6.804200790930485798e-01 5.853683948516845703e-01 6.709338048509156938e-01
5.700930356979370117e-01 6.798763233234469405e-01 5.865163803100585938e-01 6.705622904934183115e-01
5.702272057533264160e-01 6.797508505871394657e-01 5.870382189750671387e-01 6.700340435764182700e-01
5.696904659271240234e-01 6.781684224860231591e-01 5.898559689521789551e-01 6.698264093594121782e-01
5.714796781539916992e-01 6.778096971197874465e-01 5.891254544258117676e-01 6.694853049657261135e-01
5.712112784385681152e-01 6.775251824797362543e-01 5.897516012191772461e-01 6.690679376296025938e-01
5.716139078140258789e-01 6.754451472252890332e-01 5.882905721664428711e-01 6.687485749102962673e-01
5.738056898117065430e-01 6.767865502571970282e-01 5.899603366851806641e-01 6.684516040922032776e-01
5.789944529533386230e-01 6.731230750943919539e-01 5.974744558334350586e-01 6.683231089687924342e-01
5.774735808372497559e-01 6.744747203883896258e-01 5.868294835090637207e-01 6.678725602705924969e-01
5.739398598670959473e-01 6.751182952642141855e-01 5.864120125770568848e-01 6.676497413131246006e-01
5.765342712402343750e-01 6.750693839635932836e-01 5.867251157760620117e-01 6.673953715681507637e-01
5.704509019851684570e-01 6.760091257342756288e-01 5.856814980506896973e-01 6.671987878109313375e-01
5.789944529533386230e-01 6.738519199761748846e-01 5.972657203674316406e-01 6.671118618824416480e-01
5.749686956405639648e-01 6.749692466673217206e-01 5.893341898918151855e-01 6.669323333144262511e-01
5.842279195785522461e-01 6.712455036794164887e-01 5.835942625999450684e-01 6.667441737425399140e-01
5.761317014694213867e-01 6.748325336297267274e-01 5.889167189598083496e-01 6.664675456749524773e-01
5.734478235244750977e-01 6.741238890276076701e-01 5.877687335014343262e-01 6.663455283360649739e-01
5.816335678100585938e-01 6.717956676681943184e-01 5.908995866775512695e-01 6.662204978710374315e-01
5.789049863815307617e-01 6.725024961896266529e-01 5.882905721664428711e-01 6.660782413775276911e-01
5.790391564369201660e-01 6.727671825858044796e-01 5.891254544258117676e-01 6.659116239145637106e-01
5.875827670097351074e-01 6.697698667109556192e-01 5.879774689674377441e-01 6.657770002866134629e-01
5.776972770690917969e-01 6.724093089506395504e-01 5.939261317253112793e-01 6.656548073684415145e-01
5.846752524375915527e-01 6.713008187840547869e-01 5.836986303329467773e-01 6.655955750069869614e-01
5.854356884956359863e-01 6.706269773436180914e-01 5.924650430679321289e-01 6.653785633160012036e-01
5.877169370651245117e-01 6.708352327090850720e-01 5.898559689521789551e-01 6.652279721623147735e-01
5.833333134651184082e-01 6.705806872076415237e-01 5.872468948364257812e-01 6.651406268987892778e-01
5.832886099815368652e-01 6.716237578159113264e-01 5.935086607933044434e-01 6.650901303189802327e-01
5.804258584976196289e-01 6.696150230687384353e-01 5.845335125923156738e-01 6.650570723836791709e-01
5.838253498077392578e-01 6.690304759449258176e-01 5.889167189598083496e-01 6.649252020150727693e-01
5.832886099815368652e-01 6.698954614826808651e-01 5.862032771110534668e-01 6.646969699580941304e-01
5.865092277526855469e-01 6.690697439200209429e-01 5.887079834938049316e-01 6.647349655864582818e-01
5.857934951782226562e-01 6.689588380619246877e-01 5.907952189445495605e-01 6.646102266380319312e-01
5.878511071205139160e-01 6.686669935862735725e-01 5.872468948364257812e-01 6.643280987947576266e-01
5.884773731231689453e-01 6.674623922150769717e-01 5.839073061943054199e-01 6.644112896978967564e-01
5.856593251228332520e-01 6.707613995856304134e-01 5.839073061943054199e-01 6.643218505086443404e-01
5.891930460929870605e-01 6.684027629965937356e-01 5.905865430831909180e-01 6.642493123402054556e-01
5.865092277526855469e-01 6.681489227154661092e-01 5.998747944831848145e-01 6.642884079112659768e-01
5.846752524375915527e-01 6.690147739549637818e-01 5.860989093780517578e-01 6.640710634618929298e-01
5.876722335815429688e-01 6.685237276104060156e-01 5.870382189750671387e-01 6.640001574355858249e-01
5.876274704933166504e-01 6.680392540830003556e-01 5.866207480430603027e-01 6.640945346911300007e-01
5.886115431785583496e-01 6.672974019192224882e-01 5.874556303024291992e-01 6.639130572092306615e-01
5.879853367805480957e-01 6.670538313296255906e-01 5.911083221435546875e-01 6.638100652599155937e-01
5.865092277526855469e-01 6.689464965730900214e-01 5.905865430831909180e-01 6.637827894727961198e-01
5.882984399795532227e-01 6.677510072792934848e-01 5.881862044334411621e-01 6.639173505600348690e-01
5.884326100349426270e-01 6.671662633823013389e-01 5.959089994430541992e-01 6.635233053606702791e-01
5.918321609497070312e-01 6.652816530736321843e-01 5.913170576095581055e-01 6.634236491813810810e-01
5.858382582664489746e-01 6.672157935730180789e-01 5.926737785339355469e-01 6.634826694617712572e-01
5.883879065513610840e-01 6.683215815877205923e-01 5.889167189598083496e-01 6.635209595925671833e-01
5.924584269523620605e-01 6.664105587322141089e-01 5.917345285415649414e-01 6.634284454953618404e-01
5.893719792366027832e-01 6.676859228784612910e-01 5.889167189598083496e-01 6.634276189925500944e-01
5.904902219772338867e-01 6.658911321303524478e-01 5.895428657531738281e-01 6.633916154482050187e-01
5.882089734077453613e-01 6.672211557194807074e-01 5.983093380928039551e-01 6.633629986747673346e-01
5.900876522064208984e-01 6.663952283087986039e-01 5.924650430679321289e-01 6.632700815775079972e-01
5.916532278060913086e-01 6.665502793248426761e-01 5.970569849014282227e-01 6.630759941364623433e-01
5.870459675788879395e-01 6.667980605256133009e-01 5.979962348937988281e-01 6.630595395346570164e-01
5.921452641487121582e-01 6.660485946976406613e-01 5.935086607933044434e-01 6.631040505441289090e-01
5.924136638641357422e-01 6.669420434848889467e-01 5.994573235511779785e-01 6.631198299625327142e-01
5.904902219772338867e-01 6.660268249889673697e-01 5.924650430679321289e-01 6.631144940716268144e-01
5.904008150100708008e-01 6.662120615397268963e-01 5.955958962440490723e-01 6.629726222401943758e-01
5.927715301513671875e-01 6.655357897249652988e-01 5.948653817176818848e-01 6.629508325685864456e-01
5.923689603805541992e-01 6.661901728457213512e-01 5.955958962440490723e-01 6.629067174553796571e-01
5.949186086654663086e-01 6.646944617495637031e-01 5.949697494506835938e-01 6.628947854539691820e-01
5.902665853500366211e-01 6.652583744577525993e-01 5.977874994277954102e-01 6.627441310131134689e-01
5.916979908943176270e-01 6.656279498636242797e-01 5.981006026268005371e-01 6.626940866871234848e-01
5.879405736923217773e-01 6.680242041394842678e-01 5.979962348937988281e-01 6.627423817642146275e-01
5.908928513526916504e-01 6.660285307333408955e-01 5.961177349090576172e-01 6.626655359876302276e-01
5.926373004913330078e-01 6.665133476833214887e-01 5.985180735588073730e-01 6.626018875701719102e-01
5.956342816352844238e-01 6.662955538363549701e-01 6.038405299186706543e-01 6.628833822680524346e-01
5.900876522064208984e-01 6.660960755187809168e-01 5.981006026268005371e-01 6.625762718302600218e-01
5.975577235221862793e-01 6.648887800155075523e-01 6.022750735282897949e-01 6.628538968169447321e-01
5.934424996376037598e-01 6.653827076778149330e-01 5.976831316947937012e-01 6.624516209762794094e-01
5.900876522064208984e-01 6.651211377012642423e-01 5.995616912841796875e-01 6.624249149976207951e-01
5.921900272369384766e-01 6.657619545638486791e-01 5.984137058258056641e-01 6.624855358076603418e-01
5.938003063201904297e-01 6.653609007922240970e-01 5.978918671607971191e-01 6.625530798508364461e-01
5.936661362648010254e-01 6.653412210853865139e-01 5.991442203521728516e-01 6.625775769741693022e-01
5.924136638641357422e-01 6.651538838681562149e-01 6.002922058105468750e-01 6.627818594345143977e-01
5.928162336349487305e-01 6.640105568929656199e-01 5.971613526344299316e-01 6.624435522540877974e-01
5.950080752372741699e-01 6.649182290611976853e-01 5.985180735588073730e-01 6.624361657444407525e-01
