5.288960337638854980e-01 6.915202536999294214e-01 5.648090243339538574e-01 6.823656636497665851e-01
5.616389513015747070e-01 6.827850725937025800e-01 5.760801434516906738e-01 6.760873645264130483e-01
5.757291316986083984e-01 6.768056628187476553e-01 5.795240998268127441e-01 6.710713115845212684e-01
5.858829617500305176e-01 6.723499844764890820e-01 5.914214253425598145e-01 6.667744558381526465e-01
5.818125009536743164e-01 6.707554030213634944e-01 5.922563076019287109e-01 6.667274024685099221e-01
5.896850824356079102e-01 6.669822767267586938e-01 5.990398526191711426e-01 6.621685383638841182e-01
5.925478339195251465e-01 6.661127647020070874e-01 6.008140444755554199e-01 6.602359230596470674e-01
5.946502089500427246e-01 6.645374733106163001e-01 6.003965735435485840e-01 6.612089910429570505e-01
6.009572148323059082e-01 6.618249317916737873e-01 6.045710444450378418e-01 6.585154162894407692e-01
5.986759662628173828e-01 6.604610538307765788e-01 5.931955575942993164e-01 6.600805021257943883e-01
5.977365970611572266e-01 6.610076244987812544e-01 6.066583395004272461e-01 6.559921578708060030e-01
5.983180999755859375e-01 6.598418247275285031e-01 6.032143831253051758e-01 6.553963812426171209e-01
5.993021726608276367e-01 6.582417776683165966e-01 6.061365008354187012e-01 6.547206131159400977e-01
6.028359532356262207e-01 6.588306671755325139e-01 6.038405299186706543e-01 6.545332704673254565e-01
6.044909358024597168e-01 6.577659875533089506e-01 5.897516012191772461e-01 6.571994145686380628e-01
6.055197715759277344e-01 6.570310680634605660e-01 6.057190299034118652e-01 6.519910255371218488e-01
6.041778326034545898e-01 6.551049126881695051e-01 6.044667363166809082e-01 6.511236137473939145e-01
6.031042933464050293e-01 6.557443603929242748e-01 5.992485880851745605e-01 6.528742994403221589e-01
6.060565114021301270e-01 6.529029449936230023e-01 6.120851635932922363e-01 6.495802982493945610e-01
6.078010201454162598e-01 6.526872886807701946e-01 6.081193685531616211e-01 6.486035154697368244e-01
6.104401350021362305e-01 6.528190638217458153e-01 6.040492653846740723e-01 6.487863085086299497e-01
6.090534925460815430e-01 6.535845120769213645e-01 6.097891926765441895e-01 6.478939023801165709e-01
6.084272861480712891e-01 6.507729533789814447e-01 6.119807958602905273e-01 6.473484418258316220e-01
6.111111044883728027e-01 6.499984828319675945e-01 6.082237362861633301e-01 6.463574407071316363e-01
6.127214431762695312e-01 6.496186464049134024e-01 6.095804572105407715e-01 6.463364245398410812e-01
6.099480986595153809e-01 6.484117271926198578e-01 6.077019572257995605e-01 6.459235907770402019e-01
6.115136742591857910e-01 6.484719605176260115e-01 6.111459136009216309e-01 6.443607983323433874e-01
6.103954315185546875e-01 6.484967109384466299e-01 6.111459136009216309e-01 6.442761855019928374e-01
6.131687164306640625e-01 6.474151966887053966e-01 6.144855022430419922e-01 6.433462127592189939e-01
6.175970435142517090e-01 6.461233710171946365e-01 6.134418845176696777e-01 6.432699373260566400e-01
6.144211888313293457e-01 6.460424127018201679e-01 6.104153394699096680e-01 6.414755657330805105e-01
6.188495159149169922e-01 6.447703465726043470e-01 6.184512376785278320e-01 6.415326605881213062e-01
6.130345463752746582e-01 6.458265526517812383e-01 6.175119876861572266e-01 6.408185696855662750e-01
6.146448254585266113e-01 6.435071135552673516e-01 6.194949150085449219e-01 6.410167842039706798e-01
6.114242076873779297e-01 6.444527560898006824e-01 6.145898699760437012e-01 6.395491066145214676e-01
6.158972978591918945e-01 6.432122268965129175e-01 6.147986054420471191e-01 6.391835514525237016e-01
6.198783516883850098e-01 6.431103480546882523e-01 6.167814731597900391e-01 6.399136746111355745e-01
6.197441220283508301e-01 6.445105480239139428e-01 6.201210618019104004e-01 6.404682484182677715e-01
6.158078312873840332e-01 6.421696775755999509e-01 6.136506199836730957e-01 6.370332584802105291e-01
6.208624243736267090e-01 6.411735952423048834e-01 6.150072813034057617e-01 6.377111590622710491e-01
6.185364127159118652e-01 6.396521295752929381e-01 6.144855022430419922e-01 6.383588489349538708e-01
6.187600493431091309e-01 6.408429366250992798e-01 6.135462522506713867e-01 6.373794232846002883e-01
6.204150915145874023e-01 6.400692302631678654e-01 6.173032522201538086e-01 6.365911827359113095e-01
6.197441220283508301e-01 6.395460018789135281e-01 6.146942377090454102e-01 6.347647781188939797e-01
6.190731525421142578e-01 6.399293173978357618e-01 6.193905472755432129e-01 6.355493250208691380e-01
6.221596002578735352e-01 6.369928331020202616e-01 6.215821504592895508e-01 6.339239238125127240e-01
6.222937703132629395e-01 6.381756424967857111e-01 6.216865181922912598e-01 6.343234976132711145e-01
6.233226060867309570e-01 6.361856797147168452e-01 6.204341650009155273e-01 6.335683491876443751e-01
6.249776482582092285e-01 6.350740906398354424e-01 6.227301359176635742e-01 6.323916030636761443e-01
6.253802180290222168e-01 6.353233980458502517e-01 6.242955327033996582e-01 6.316986753308083680e-01
6.251118183135986328e-01 6.354766543957943714e-01 6.236693859100341797e-01 6.327306760599060720e-01
6.267668604850769043e-01 6.349016273676506561e-01 6.218951940536499023e-01 6.335671492569433516e-01
6.207729578018188477e-01 6.345190507692906046e-01 6.233562827110290527e-01 6.325107488047974069e-01
6.259617209434509277e-01 6.321614790653836691e-01 6.246086359024047852e-01 6.307549282668951651e-01
6.250671148300170898e-01 6.341947231166454868e-01 6.207472085952758789e-01 6.280331519943417318e-01
6.246645450592041016e-01 6.332255272239067923e-01 6.270089745521545410e-01 6.295436612750064942e-01
6.264089941978454590e-01 6.326418045296995363e-01 6.194949150085449219e-01 6.360110568865882108e-01
6.256038546562194824e-01 6.305485356363803584e-01 6.225214004516601562e-01 6.334847855657507187e-01
6.249776482582092285e-01 6.313356858264740357e-01 6.231475472450256348e-01 6.289585018128101002e-01
6.254696846008300781e-01 6.314871654482343555e-01 6.223126649856567383e-01 6.276223154287949857e-01
6.274378299713134766e-01 6.315159049970899829e-01 6.261740922927856445e-01 6.283713621725943721e-01
6.307479143142700195e-01 6.299120571899550214e-01 6.234606504440307617e-01 6.287577211968811142e-01
6.243961453437805176e-01 6.309692567865246016e-01 6.270089745521545410e-01 6.268744192872857113e-01
6.270799636840820312e-01 6.311571705979084346e-01 6.254435181617736816e-01 6.282782536338251678e-01
6.299874782562255859e-01 6.288052959846541778e-01 6.262784600257873535e-01 6.265012596873246187e-01
6.293612718582153320e-01 6.284600723235546083e-01 6.297224164009094238e-01 6.237284798409141739e-01
6.288244724273681641e-01 6.293151011234917602e-01 6.277394890785217285e-01 6.252760849201064453e-01
6.258722543716430664e-01 6.288156771216202312e-01 6.221039295196533203e-01 6.252220359482563161e-01
6.270352602005004883e-01 6.272598208863229274e-01 6.256522536277770996e-01 6.245524086799931762e-01
6.317766904830932617e-01 6.257318168809234971e-01 6.305572986602783203e-01 6.237808136147762195e-01
6.281087994575500488e-01 6.250583424638989083e-01 6.264871358871459961e-01 6.240920640685269083e-01
6.308820843696594238e-01 6.269424858961789582e-01 6.309747695922851562e-01 6.242431940526809164e-01
6.307031512260437012e-01 6.239221406059756170e-01 6.344187259674072266e-01 6.237883107618906742e-01
6.313294172286987305e-01 6.264968382627555954e-01 6.319140195846557617e-01 6.221881477475987854e-01
6.302558779716491699e-01 6.248606235551416033e-01 6.298267841339111328e-01 6.251200139460347804e-01
6.350867748260498047e-01 6.230982959131836640e-01 6.276351213455200195e-01 6.223056254419746525e-01
6.295849084854125977e-01 6.248845195787327000e-01 6.324357986450195312e-01 6.222030959231846792e-01
6.356235742568969727e-01 6.242801823371167957e-01 6.302441954612731934e-01 6.231251682077660892e-01
6.305242180824279785e-01 6.245927759372050803e-01 6.310790777206420898e-01 6.224184096593544657e-01
6.296296119689941406e-01 6.233599940786466176e-01 6.316009163856506348e-01 6.197817028626299019e-01
6.346394419670104980e-01 6.226721539184262300e-01 6.299310922622680664e-01 6.202141372104000849e-01
6.340579986572265625e-01 6.227285751483375709e-01 6.332707405090332031e-01 6.196971767582193369e-01
6.363392472267150879e-01 6.203059146284395364e-01 6.350448727607727051e-01 6.195004738787971421e-01
6.351762413978576660e-01 6.204058047504666940e-01 6.299310922622680664e-01 6.201564015338923985e-01
6.345500349998474121e-01 6.200846307690187631e-01 6.337925195693969727e-01 6.221211684991760915e-01
6.360261440277099609e-01 6.187668858007020489e-01 6.332707405090332031e-01 6.183124558086112721e-01
6.342368721961975098e-01 6.203216272510426732e-01 6.350448727607727051e-01 6.165405012724718414e-01
6.355341076850891113e-01 6.211331777313268132e-01 6.313921809196472168e-01 6.178207996368806354e-01
6.356682777404785156e-01 6.201036871919309856e-01 6.353579759597778320e-01 6.152166246720929266e-01
6.393809318542480469e-01 6.166844314764428070e-01 6.361928582191467285e-01 6.137986664009651427e-01
6.426015496253967285e-01 6.160092652963811144e-01 6.342099905014038086e-01 6.140141106303761420e-01
6.354446411132812500e-01 6.181454023535934983e-01 6.337925195693969727e-01 6.187783997110125611e-01
6.375917196273803711e-01 6.170040273905269546e-01 6.391150355339050293e-01 6.152912950097730871e-01
6.372338533401489258e-01 6.169979979151966054e-01 6.395324468612670898e-01 6.183290968257781905e-01
6.376811861991882324e-01 6.167520794635553694e-01 6.382800936698913574e-01 6.135474220742465068e-01
6.374574899673461914e-01 6.145908675459975656e-01 6.365059614181518555e-01 6.163425271507594339e-01
6.369654536247253418e-01 6.146696172154724191e-01 6.398455500602722168e-01 6.156440047301123819e-01
6.379495263099670410e-01 6.156061945436763772e-01 6.373408436775207520e-01 6.122671156605358211e-01
6.411701440811157227e-01 6.141381519044271098e-01 6.353579759597778320e-01 6.141599857640450688e-01
6.382626295089721680e-01 6.153077005081599715e-01 6.372364759445190430e-01 6.149081586049708337e-01
