5.024601817131042480e-01 8.245124729444525125e-01 5.427885651588439941e-01 6.880783883571326420e-01
5.093487501144409180e-01 7.977657216481263136e-01 5.708620548248291016e-01 6.813297977753060009e-01
5.173107981681823730e-01 7.814977417202920718e-01 5.797328352928161621e-01 6.768954267981553974e-01
5.256307125091552734e-01 7.677173982005274233e-01 5.719056725502014160e-01 6.755686029962895134e-01
5.294328331947326660e-01 7.578766544446640108e-01 5.770193934440612793e-01 6.731654855707845941e-01
5.321614146232604980e-01 7.501712454881837022e-01 5.817157030105590820e-01 6.722979048452455419e-01
5.339506268501281738e-01 7.432173648467536031e-01 5.786892175674438477e-01 6.719848357717967957e-01
5.375738143920898438e-01 7.393384719923029591e-01 5.780630111694335938e-01 6.709579213803656961e-01
5.416442751884460449e-01 7.319480690189967831e-01 5.852640271186828613e-01 6.704016584763818898e-01
5.423152446746826172e-01 7.274646288402862870e-01 5.842204093933105469e-01 6.704502698897917279e-01
5.430309772491455078e-01 7.234110983972110720e-01 5.830724239349365234e-01 6.699325856598153939e-01
5.437913537025451660e-01 7.214695153583630116e-01 5.845335125923156738e-01 6.700470471426928087e-01
5.465199351310729980e-01 7.177090062760649314e-01 5.852640271186828613e-01 6.699465490586821170e-01
5.544820427894592285e-01 7.105597151287724733e-01 5.872468948364257812e-01 6.693073282583201777e-01
5.520665645599365234e-01 7.093181960120741314e-01 5.864120125770568848e-01 6.687926886549973027e-01
5.471462011337280273e-01 7.116484915789987875e-01 5.865163803100585938e-01 6.686622248241335109e-01
5.540347099304199219e-01 7.060303178599705021e-01 5.867251157760620117e-01 6.688931743478108150e-01
5.544820427894592285e-01 7.030087433426127630e-01 5.910039544105529785e-01 6.688780825288876963e-01
5.505904555320739746e-01 7.073651776690883519e-01 5.897516012191772461e-01 6.679666287165996197e-01
5.539452433586120605e-01 7.011823761994263604e-01 5.888123512268066406e-01 6.673891088380815573e-01
5.542136430740356445e-01 7.024187057234558829e-01 5.901690721511840820e-01 6.670421415792578967e-01
5.600286126136779785e-01 6.957808785883039526e-01 5.894385576248168945e-01 6.672199466014002711e-01
5.577026009559631348e-01 6.989724287877548958e-01 5.899603366851806641e-01 6.669418440310996843e-01
5.589550733566284180e-01 6.934127160487137953e-01 5.919432044029235840e-01 6.665402723985981437e-01
5.625782608985900879e-01 6.946187079176746604e-01 5.934042930603027344e-01 6.662497418555305417e-01
5.660225152969360352e-01 6.919989141374479624e-01 5.919432044029235840e-01 6.661623256287627637e-01
5.622204542160034180e-01 6.909037125006113333e-01 5.932999253273010254e-01 6.656878067939023813e-01
5.622651576995849609e-01 6.899346459485653504e-01 5.928825139999389648e-01 6.652965268096454610e-01
5.658436417579650879e-01 6.894709454130499848e-01 5.942391753196716309e-01 6.653381962413903450e-01
5.628913640975952148e-01 6.903067731349663561e-01 5.928825139999389648e-01 6.650929127274960440e-01
5.717927813529968262e-01 6.868159316652127089e-01 5.929868221282958984e-01 6.649393628893155439e-01
5.719270110130310059e-01 6.853695440684817175e-01 5.934042930603027344e-01 6.645791783160641675e-01
5.660672783851623535e-01 6.877484223799535945e-01 5.927781462669372559e-01 6.644231431221967465e-01
5.723742842674255371e-01 6.842602178478394137e-01 5.957002639770507812e-01 6.649436286833907417e-01
5.759527683258056641e-01 6.849825923356244184e-01 5.926737785339355469e-01 6.646867407137106998e-01
5.749686956405639648e-01 6.842545890535091102e-01 5.961177349090576172e-01 6.639709310301706857e-01
5.728663206100463867e-01 6.824943685834491403e-01 5.948653817176818848e-01 6.640681196194654357e-01
5.765789747238159180e-01 6.814503450473874402e-01 5.971613526344299316e-01 6.635537358893902615e-01
5.728663206100463867e-01 6.818120778940043314e-01 5.926737785339355469e-01 6.641661381079543292e-01
5.803363919258117676e-01 6.785495171800327574e-01 5.953871607780456543e-01 6.641686683133061209e-01
5.770263075828552246e-01 6.803369671612908842e-01 5.963264703750610352e-01 6.633234726588926877e-01
5.726426839828491211e-01 6.818678954095954703e-01 5.962221026420593262e-01 6.637564132044893039e-01
5.744318962097167969e-01 6.795332850913367029e-01 5.968482494354248047e-01 6.639888875545676417e-01
5.761764049530029297e-01 6.790953444269992589e-01 5.986224412918090820e-01 6.635966241247741593e-01
5.815888643264770508e-01 6.776648177872789391e-01 5.976831316947937012e-01 6.636350224546091470e-01
5.809625983238220215e-01 6.765173594711462179e-01 5.960133671760559082e-01 6.635520479744297928e-01
5.801574587821960449e-01 6.765438076805228018e-01 5.944479107856750488e-01 6.635810872802304639e-01
5.807389616966247559e-01 6.764291680804047635e-01 5.961177349090576172e-01 6.638783281667076652e-01
5.784129500389099121e-01 6.762074202027169578e-01 5.954915285110473633e-01 6.631757316174324846e-01
5.771604776382446289e-01 6.772062613917583240e-01 5.981006026268005371e-01 6.631531527658962588e-01
5.828412771224975586e-01 6.752816727046655476e-01 5.965351462364196777e-01 6.632881791201993282e-01
5.806941986083984375e-01 6.766880895801810070e-01 5.946566462516784668e-01 6.639629698849699446e-01
5.833333134651184082e-01 6.739335609348329204e-01 5.976831316947937012e-01 6.630517675667111366e-01
5.844516158103942871e-01 6.739132857787670794e-01 5.964307785034179688e-01 6.631617062128154494e-01
5.848094224929809570e-01 6.731755613406200656e-01 5.943435430526733398e-01 6.629864238941254317e-01
5.789944529533386230e-01 6.742443392647466949e-01 5.999791026115417480e-01 6.630676975829494779e-01
5.834675431251525879e-01 6.732220444958246786e-01 5.973700881004333496e-01 6.629631602672066970e-01
5.830202102661132812e-01 6.752945551571084559e-01 5.979962348937988281e-01 6.629257554600865854e-01
5.837806463241577148e-01 6.728755770930026081e-01 5.989354848861694336e-01 6.631930461011483757e-01
5.879405736923217773e-01 6.731413294514383416e-01 6.003965735435485840e-01 6.626260410119536592e-01
5.818125009536743164e-01 6.739056873969943018e-01 5.962221026420593262e-01 6.627501208009363154e-01
5.790391564369201660e-01 6.732464607403090273e-01 5.990398526191711426e-01 6.627568631051751202e-01
5.830202102661132812e-01 6.718869768862947289e-01 6.016489267349243164e-01 6.627262515480297767e-01
5.871354341506958008e-01 6.705277318881095461e-01 5.978918671607971191e-01 6.626224574926277144e-01
5.838701128959655762e-01 6.713476235739850306e-01 5.977874994277954102e-01 6.627424488831999971e-01
5.848988890647888184e-01 6.702904873360118199e-01 5.979962348937988281e-01 6.629681293114917384e-01
5.887010097503662109e-01 6.706631270860980987e-01 5.994573235511779785e-01 6.631681639425094366e-01
5.878064036369323730e-01 6.710704371591739159e-01 5.978918671607971191e-01 6.637704830482195062e-01
5.905349850654602051e-01 6.696724390851339637e-01 5.960133671760559082e-01 6.625882348594275273e-01
5.869565010070800781e-01 6.710667166519642679e-01 5.971613526344299316e-01 6.626206169892790987e-01
5.850331187248229980e-01 6.707651018456496361e-01 6.000834703445434570e-01 6.630553474283944482e-01
5.863302946090698242e-01 6.715709581147325524e-01 5.968482494354248047e-01 6.625918774733188243e-01
5.816782712936401367e-01 6.715315015995559911e-01 5.974744558334350586e-01 6.627949697069125401e-01
5.869117975234985352e-01 6.698803098731996863e-01 5.997704267501831055e-01 6.628714277609433214e-01
5.864197611808776855e-01 6.692036486286280228e-01 5.972657203674316406e-01 6.625009710344336167e-01
5.887904763221740723e-01 6.690310799685205145e-01 5.993529558181762695e-01 6.623727127247178714e-01
5.903560519218444824e-01 6.692200693936568578e-01 5.988311171531677246e-01 6.624460963186703522e-01
5.941134095191955566e-01 6.674568144403602021e-01 5.979962348937988281e-01 6.624494733056004447e-01
5.870012640953063965e-01 6.692716532837920118e-01 5.996660590171813965e-01 6.632733313680516662e-01
5.882984399795532227e-01 6.692478537644825920e-01 5.997704267501831055e-01 6.622802016009022852e-01
5.835122466087341309e-01 6.706566987107618338e-01 5.989354848861694336e-01 6.624621876195287973e-01
5.849436521530151367e-01 6.697604561410878121e-01 6.021707653999328613e-01 6.625565483410357226e-01
5.896403789520263672e-01 6.689515509595169718e-01 5.969526171684265137e-01 6.622079308384819507e-01
5.896403789520263672e-01 6.674621307075631060e-01 5.981006026268005371e-01 6.622846701577620454e-01
5.868223309516906738e-01 6.692094309937017815e-01 6.019620299339294434e-01 6.625005893457460715e-01
5.925031304359436035e-01 6.686659401976202677e-01 5.978918671607971191e-01 6.622121672718889185e-01
5.895061492919921875e-01 6.681341316772927419e-01 5.988311171531677246e-01 6.621615633514673638e-01
5.889694094657897949e-01 6.682427237681827226e-01 5.992485880851745605e-01 6.621294848308312275e-01
5.877617001533508301e-01 6.693126140350645903e-01 5.978918671607971191e-01 6.620447663020748719e-01
5.878511071205139160e-01 6.679617830179398474e-01 6.009184122085571289e-01 6.623496266178735548e-01
5.883879065513610840e-01 6.703236491037281031e-01 5.982049703598022461e-01 6.620053388559352658e-01
5.889694094657897949e-01 6.672528496494999350e-01 6.000834703445434570e-01 6.619896057552296931e-01
5.898640155792236328e-01 6.683647168473964006e-01 5.988311171531677246e-01 6.620793126739656920e-01
5.896403789520263672e-01 6.676541238804583056e-01 5.974744558334350586e-01 6.619854270230004500e-01
5.883432030677795410e-01 6.672358445477925004e-01 5.973700881004333496e-01 6.619204956189845834e-01
5.906691551208496094e-01 6.662601151370814989e-01 6.001878380775451660e-01 6.617755430447883613e-01
5.895061492919921875e-01 6.683733472458939229e-01 5.995616912841796875e-01 6.618821057987670509e-01
5.917426943778991699e-01 6.667469617803870596e-01 6.005009412765502930e-01 6.621587540207116707e-01
5.929951667785644531e-01 6.666506802082318162e-01 6.012314558029174805e-01 6.618528871813936787e-01
5.902218818664550781e-01 6.662795269802828102e-01 5.996660590171813965e-01 6.620960246294930185e-01
