5.131061077117919922e-01 7.054064491179489194e-01 5.428929328918457031e-01 6.860959259907852825e-01
5.288065671920776367e-01 6.943010192242476952e-01 5.605301856994628906e-01 6.819214688365580201e-01
5.446860194206237793e-01 6.893122627795286173e-01 5.689834952354431152e-01 6.795632155696476051e-01
5.537216067314147949e-01 6.847909947140397025e-01 5.754539966583251953e-01 6.772383390998720776e-01
5.668277144432067871e-01 6.812983441915937410e-01 5.727405548095703125e-01 6.753407061361266228e-01
5.670960545539855957e-01 6.799514730494101711e-01 5.805677175521850586e-01 6.746124775741623170e-01
5.720164775848388672e-01 6.774663532818978595e-01 5.832811594009399414e-01 6.730787959210287053e-01
5.755949020385742188e-01 6.757084285344819863e-01 5.838029384613037109e-01 6.714520800887505692e-01
5.757738351821899414e-01 6.746239215002266532e-01 5.880818367004394531e-01 6.706650941861096449e-01
5.782340168952941895e-01 6.729204200273507519e-01 5.871425867080688477e-01 6.694570774824030179e-01
5.853014588356018066e-01 6.723632938662631453e-01 5.871425867080688477e-01 6.689973256329707629e-01
5.815441012382507324e-01 6.709541110750131265e-01 5.916301608085632324e-01 6.675442970637562867e-01
5.868223309516906738e-01 6.685487616785226184e-01 5.906908512115478516e-01 6.666611282244725434e-01
5.857487916946411133e-01 6.685532741415242119e-01 5.860989093780517578e-01 6.667519317019635627e-01
5.895956158638000488e-01 6.688914005627122350e-01 5.923606753349304199e-01 6.659442957695180798e-01
5.867776274681091309e-01 6.677615431707774052e-01 5.974744558334350586e-01 6.651988568049187478e-01
5.869565010070800781e-01 6.669514068637472093e-01 5.976831316947937012e-01 6.647933445353021442e-01
5.950080752372741699e-01 6.653562869725319073e-01 5.916301608085632324e-01 6.651167572975357212e-01
5.912954211235046387e-01 6.673944032795848802e-01 5.963264703750610352e-01 6.639334298553657421e-01
5.911164879798889160e-01 6.668709355169342157e-01 5.975787639617919922e-01 6.644735744491645502e-01
5.938897728919982910e-01 6.654486544956822458e-01 5.984137058258056641e-01 6.639673023377149486e-01
5.929504632949829102e-01 6.639535628121874256e-01 5.942391753196716309e-01 6.640776228093573375e-01
5.946949124336242676e-01 6.646587532243610763e-01 5.907952189445495605e-01 6.647637690613996675e-01
5.944265723228454590e-01 6.636526731050682582e-01 6.014401912689208984e-01 6.629784881409263031e-01
5.943818092346191406e-01 6.635301617992480638e-01 5.981006026268005371e-01 6.624656741491217193e-01
5.926373004913330078e-01 6.640405955436640140e-01 5.979962348937988281e-01 6.634599402861016681e-01
5.984075665473937988e-01 6.622341672686093972e-01 5.969526171684265137e-01 6.619273385208350735e-01
6.005099415779113770e-01 6.616012220903977337e-01 5.965351462364196777e-01 6.630212962565206203e-01
5.980944633483886719e-01 6.617970805109283372e-01 5.972657203674316406e-01 6.619116620638255677e-01
5.943371057510375977e-01 6.627953985356371813e-01 6.016489267349243164e-01 6.623042355472522624e-01
5.950527787208557129e-01 6.628673164719522948e-01 5.942391753196716309e-01 6.615797625382243696e-01
5.995705723762512207e-01 6.617059372665418104e-01 6.034230589866638184e-01 6.615052748836174334e-01
5.955895781517028809e-01 6.621246669560771902e-01 6.001878380775451660e-01 6.612629837443400049e-01
5.961263179779052734e-01 6.616104907992914619e-01 5.997704267501831055e-01 6.610860563698005565e-01
5.982286930084228516e-01 6.618161613345252547e-01 6.007096767425537109e-01 6.605334893021397313e-01
5.936213731765747070e-01 6.622237987585710695e-01 5.947610139846801758e-01 6.614697760193015696e-01
5.974682569503784180e-01 6.620789390169971034e-01 6.003965735435485840e-01 6.606207687156580022e-01
5.985417962074279785e-01 6.603573808454191729e-01 5.972657203674316406e-01 6.619349100648971307e-01
5.967972874641418457e-01 6.609989900690516063e-01 5.932999253273010254e-01 6.599352657732747707e-01
5.972893238067626953e-01 6.606116362154685895e-01 5.952827930450439453e-01 6.602436238155313664e-01
5.976471900939941406e-01 6.604460691868203615e-01 6.014401912689208984e-01 6.596220676995000476e-01
5.999284386634826660e-01 6.600498243230552564e-01 6.000834703445434570e-01 6.597949798409213917e-01
5.975577235221862793e-01 6.599422275198872923e-01 6.022750735282897949e-01 6.604924807840139023e-01
6.002415418624877930e-01 6.605207798924209728e-01 5.998747944831848145e-01 6.606175627421795316e-01
6.003757119178771973e-01 6.587472012312174385e-01 5.989354848861694336e-01 6.596672958184124358e-01
5.985864996910095215e-01 6.588786099566652510e-01 6.047797799110412598e-01 6.591534403439878176e-01
5.988101363182067871e-01 6.591119642632232711e-01 5.987268090248107910e-01 6.597524582655438508e-01
5.983180999755859375e-01 6.598136084923101885e-01 5.989354848861694336e-01 6.599854100250645006e-01
5.979602932929992676e-01 6.595267468220561424e-01 6.019620299339294434e-01 6.588852716198895232e-01
5.985417962074279785e-01 6.597062900894378190e-01 6.013358235359191895e-01 6.595576495100127223e-01
5.999731421470642090e-01 6.586859059645208125e-01 5.976831316947937012e-01 6.597533104838222417e-01
6.035068631172180176e-01 6.580009253128714652e-01 6.038405299186706543e-01 6.581425274918806245e-01
6.040883660316467285e-01 6.577321502342913240e-01 5.974744558334350586e-01 6.608429347590448755e-01
6.001968383789062500e-01 6.595659340018769079e-01 6.010227799415588379e-01 6.575925943125416895e-01
5.977365970611572266e-01 6.585171861818340799e-01 5.992485880851745605e-01 6.579464430277542908e-01
6.027464866638183594e-01 6.582156471797446784e-01 6.027969121932983398e-01 6.578534210531926663e-01
6.009572148323059082e-01 6.574799288554148413e-01 5.998747944831848145e-01 6.585493752240288989e-01
6.039541959762573242e-01 6.566253628473116555e-01 6.015445590019226074e-01 6.581598141949303038e-01
5.981839299201965332e-01 6.581550011227010888e-01 6.027969121932983398e-01 6.575586767441493619e-01
6.021649837493896484e-01 6.573814103654126439e-01 6.007096767425537109e-01 6.571692670344609910e-01
6.018071174621582031e-01 6.564828598194289988e-01 6.032143831253051758e-01 6.574977244198185744e-01
6.028806567192077637e-01 6.577515050856835854e-01 5.982049703598022461e-01 6.571637045065661376e-01
6.032832264900207520e-01 6.570869430507694231e-01 5.934042930603027344e-01 6.632707227473217948e-01
6.034621596336364746e-01 6.569497043319881824e-01 5.989354848861694336e-01 6.578181053944704981e-01
6.013150811195373535e-01 6.564367975653722098e-01 6.030056476593017578e-01 6.579438151732985851e-01
6.006441116333007812e-01 6.578265186882462645e-01 6.038405299186706543e-01 6.567980705684024478e-01
6.025675535202026367e-01 6.567540595347605148e-01 6.038405299186706543e-01 6.562368650944987447e-01
6.012703776359558105e-01 6.570061874914348010e-01 6.050928831100463867e-01 6.571730061155648395e-01
6.038647294044494629e-01 6.565007083017980749e-01 6.012314558029174805e-01 6.561703147730929553e-01
6.029253602027893066e-01 6.557181468055166551e-01 6.019620299339294434e-01 6.575311326303802106e-01
6.020307540893554688e-01 6.566768834108444031e-01 6.032143831253051758e-01 6.583185142302309112e-01
6.052066683769226074e-01 6.553866137628969746e-01 5.983093380928039551e-01 6.574186694520024465e-01
6.073537468910217285e-01 6.549428989025961600e-01 6.048841476440429688e-01 6.562207566126729841e-01
6.063249111175537109e-01 6.544649363694537980e-01 6.012314558029174805e-01 6.571570764103504825e-01
6.027017235755920410e-01 6.553017625038302096e-01 6.047797799110412598e-01 6.565630493047615035e-01
6.041331291198730469e-01 6.556999003722940866e-01 5.994573235511779785e-01 6.551197580270045062e-01
6.048935651779174805e-01 6.553103134614620684e-01 6.017532944679260254e-01 6.553152765020451298e-01
6.019412875175476074e-01 6.548075654848378724e-01 6.026925444602966309e-01 6.561101840622761694e-01
5.984523296356201172e-01 6.561238375497560060e-01 6.083281040191650391e-01 6.573639977478428209e-01
6.056539416313171387e-01 6.549318817907890944e-01 6.031100153923034668e-01 6.547860998098150587e-01
6.063249111175537109e-01 6.546460817102925933e-01 6.071801185607910156e-01 6.546679355485581775e-01
6.044462323188781738e-01 6.548674818248990670e-01 6.073888540267944336e-01 6.549134498796043147e-01
6.032832264900207520e-01 6.550474648485031803e-01 6.084324717521667480e-01 6.554904211615003584e-01
6.075326800346374512e-01 6.547801886630369994e-01 6.042580008506774902e-01 6.552337525508469263e-01
6.034621596336364746e-01 6.558221615177720620e-01 6.066583395004272461e-01 6.571533303498674483e-01
6.079799532890319824e-01 6.530968394789675724e-01 6.030056476593017578e-01 6.586352825861488958e-01
6.022544503211975098e-01 6.543106978386240558e-01 6.029012799263000488e-01 6.558228904084755229e-01
6.054750680923461914e-01 6.532113182030673260e-01 6.037361621856689453e-01 6.544656417260860115e-01
6.056539416313171387e-01 6.542230159401530853e-01 6.018576622009277344e-01 6.543576842532777826e-01
6.061907410621643066e-01 6.539332334076831676e-01 6.083281040191650391e-01 6.550692184512337812e-01
6.046698689460754395e-01 6.538706441261747937e-01 6.064496040344238281e-01 6.559349337044152461e-01
6.043120622634887695e-01 6.539750334124037057e-01 6.001878380775451660e-01 6.552862150513336648e-01
6.046251654624938965e-01 6.539165761757033124e-01 6.033187508583068848e-01 6.540689154125111093e-01
6.052066683769226074e-01 6.541807509360191286e-01 6.020663976669311523e-01 6.554362871307989336e-01
6.060565114021301270e-01 6.529177695934024195e-01 6.059277653694152832e-01 6.536868698436216762e-01
6.069958806037902832e-01 6.536787894015705369e-01 6.059277653694152832e-01 6.537145221439888410e-01
6.061459779739379883e-01 6.529553980621717324e-01 6.047797799110412598e-01 6.534353093671987356e-01
6.069958806037902832e-01 6.520919130598843427e-01 6.099979281425476074e-01 6.529989377289320274e-01
6.078457832336425781e-01 6.524642513633990282e-01 6.129200458526611328e-01 6.533989199415624061e-01
6.069958806037902832e-01 6.519694725779050515e-01 6.038405299186706543e-01 6.527165420317644351e-01
