5.553318858146667480e-01 6.868406558830253417e-01 5.729492902755737305e-01 6.718058322123410253e-01
5.827071070671081543e-01 6.713284283295196664e-01 5.858902335166931152e-01 6.651338240319516482e-01
5.873143672943115234e-01 6.691350348308444662e-01 5.854727625846862793e-01 6.742005503717580783e-01
5.941581726074218750e-01 6.632551266546005131e-01 6.035274267196655273e-01 6.590778764467153383e-01
5.999731421470642090e-01 6.585417980903759405e-01 6.081193685531616211e-01 6.555440571183228649e-01
6.035068631172180176e-01 6.568038365691180047e-01 6.057190299034118652e-01 6.564188161415835943e-01
6.070406436920166016e-01 6.551708887378011603e-01 6.138592958450317383e-01 6.521930460441189847e-01
6.079352498054504395e-01 6.537364910275549335e-01 6.084324717521667480e-01 6.488205287904884599e-01
6.143764257431030273e-01 6.495114134684255580e-01 6.208515763282775879e-01 6.470884436034279874e-01
6.197441220283508301e-01 6.462486271441014729e-01 6.190774440765380859e-01 6.468724276745302371e-01
6.149579286575317383e-01 6.479256006467958295e-01 6.199123263359069824e-01 6.452996744987139488e-01
6.221148967742919922e-01 6.412441772197989831e-01 6.278438568115234375e-01 6.367897353996391230e-01
6.250671148300170898e-01 6.390621853676736741e-01 6.229388713836669922e-01 6.384019142052147489e-01
6.258722543716430664e-01 6.386050895152396434e-01 6.203297972679138184e-01 6.367885626399972798e-01
6.285560727119445801e-01 6.372081799271666069e-01 6.231475472450256348e-01 6.395317825637065745e-01
6.245750784873962402e-01 6.393480486467968404e-01 6.236693859100341797e-01 6.362295778403325164e-01
6.257380843162536621e-01 6.374859075188785695e-01 6.307660341262817383e-01 6.300267763039284485e-01
6.322687268257141113e-01 6.319143630818830903e-01 6.135462522506713867e-01 6.421918675188380554e-01
6.312846541404724121e-01 6.321756760407313269e-01 6.316009163856506348e-01 6.306168397690652405e-01
6.355788111686706543e-01 6.301320515776985820e-01 6.276351213455200195e-01 6.327131500674100240e-01
6.327160596847534180e-01 6.280715644391582364e-01 6.272177100181579590e-01 6.270855966153758843e-01
6.328949928283691406e-01 6.275933771275049589e-01 6.353579759597778320e-01 6.289093665478499018e-01
6.397387981414794922e-01 6.235428393196389418e-01 6.432895064353942871e-01 6.185813815900762513e-01
6.410359740257263184e-01 6.223472460563163056e-01 6.219995617866516113e-01 6.228327548123182567e-01
6.366076469421386719e-01 6.246243152406821819e-01 6.329576373100280762e-01 6.277661036783209747e-01
6.408123373985290527e-01 6.216863223682641548e-01 6.470465660095214844e-01 6.146703531164338097e-01
6.417964100837707520e-01 6.182793894571702031e-01 6.476727128028869629e-01 6.171875684252862149e-01
6.444802284240722656e-01 6.162192701312249055e-01 6.400542855262756348e-01 6.163586264635968481e-01
6.485059857368469238e-01 6.137235772633172770e-01 6.473596096038818359e-01 6.137152130184281296e-01
6.459116339683532715e-01 6.151520321377276224e-01 6.390106678009033203e-01 6.190347145131723794e-01
6.461352705955505371e-01 6.156625230019283634e-01 6.521602869033813477e-01 6.110751923726510659e-01
6.495795249938964844e-01 6.096307085332087761e-01 6.430807709693908691e-01 6.177989115075064319e-01
6.544998884201049805e-01 6.096775054099798918e-01 6.539344787597656250e-01 6.090351291524918054e-01
6.576310396194458008e-01 6.024337676582876000e-01 6.474639773368835449e-01 6.097219432104457049e-01
6.579442024230957031e-01 6.063260089137468833e-01 6.583176851272583008e-01 5.992996087280302309e-01
6.568259000778198242e-01 6.037560935672269258e-01 6.433938741683959961e-01 6.075136708805193297e-01
6.577205061912536621e-01 6.013013562995731531e-01 6.479858160018920898e-01 6.080288690083510694e-01
6.588388085365295410e-01 5.978763125347609231e-01 6.534126400947570801e-01 6.028993424456593475e-01
6.598228812217712402e-01 5.998582836339844127e-01 6.514297723770141602e-01 6.078353537893126379e-01
6.584362387657165527e-01 6.017242882818671923e-01 6.498643159866333008e-01 6.158350284849519740e-01
6.608516573905944824e-01 5.966489699919634848e-01 6.530995368957519531e-01 6.039692332913297879e-01
6.646537780761718750e-01 5.936902699497821345e-01 6.456898450851440430e-01 6.033187232518141263e-01
6.652352809906005859e-01 5.907330904819176887e-01 6.621791124343872070e-01 6.045544363093311446e-01
6.664429903030395508e-01 5.908794415873733774e-01 6.671884655952453613e-01 5.884725752789500275e-01
6.645643115043640137e-01 5.891685932368109224e-01 6.522646546363830566e-01 5.952984691537066553e-01
6.687690019607543945e-01 5.886236583531745392e-01 6.598831415176391602e-01 5.898482926552242045e-01
6.617462635040283203e-01 5.895313141191980133e-01 6.638488769531250000e-01 5.892118766571081689e-01
6.697978377342224121e-01 5.853862913675695889e-01 6.495512127876281738e-01 6.036976241811634614e-01
6.698873043060302734e-01 5.833372197076105437e-01 6.691713333129882812e-01 5.874835649379681612e-01
6.741814017295837402e-01 5.805029266101129348e-01 6.576914787292480469e-01 5.894285660649958292e-01
6.760601401329040527e-01 5.776304797145926928e-01 6.713629961013793945e-01 5.863364743206053165e-01
6.727052927017211914e-01 5.802341645637166812e-01 6.607180237770080566e-01 5.953425957499205445e-01
6.752549409866333008e-01 5.768772801552630725e-01 6.734502315521240234e-01 5.816590236711790540e-01
6.744050979614257812e-01 5.797816299863185474e-01 6.606136560440063477e-01 5.882036269793453620e-01
6.795490980148315430e-01 5.716167583962974419e-01 6.710498929023742676e-01 5.843683019407953649e-01
6.796833276748657227e-01 5.704892395881745459e-01 6.717804074287414551e-01 5.846088223083112378e-01
6.743603348731994629e-01 5.723549111795075417e-01 6.703193783760070801e-01 5.808129178484903177e-01
6.794149279594421387e-01 5.709206894357380380e-01 6.743894815444946289e-01 5.803454045064014855e-01
6.823224425315856934e-01 5.695115027199023627e-01 6.673972010612487793e-01 5.896128603173457217e-01
6.790570616722106934e-01 5.722994877861659058e-01 6.756418347358703613e-01 5.793287247338491097e-01
6.835748553276062012e-01 5.659320966291777610e-01 6.690670251846313477e-01 5.843387380121047858e-01
6.821882128715515137e-01 5.668482315051873721e-01 6.790857911109924316e-01 5.750787057351081089e-01
6.824566125869750977e-01 5.653291809834015691e-01 6.767898201942443848e-01 5.759721709004376189e-01
6.817409396171569824e-01 5.657498071116483507e-01 6.814861297607421875e-01 5.753076939163813686e-01
6.890320181846618652e-01 5.580476498130311214e-01 6.777290701866149902e-01 5.765059093447673089e-01
6.879137754440307617e-01 5.623850032092634343e-01 6.716760396957397461e-01 5.755363469879255511e-01
6.841563582420349121e-01 5.632891365103483983e-01 6.716760396957397461e-01 5.785304763401208916e-01
6.872428059577941895e-01 5.613489334645990203e-01 6.778334379196166992e-01 5.772123447516546157e-01
6.881821155548095703e-01 5.608023889996024414e-01 6.835733652114868164e-01 5.716959084530908175e-01
6.866613030433654785e-01 5.599152246364478280e-01 6.800250411033630371e-01 5.733907274751020022e-01
6.853193640708923340e-01 5.589986711628515126e-01 6.732414960861206055e-01 5.723667571873586324e-01
6.884058117866516113e-01 5.563481728214551003e-01 6.827384829521179199e-01 5.638182133380218453e-01
6.929683089256286621e-01 5.523085324681921149e-01 6.771029233932495117e-01 5.703059724391912333e-01
6.895240545272827148e-01 5.549640035155762874e-01 6.830515265464782715e-01 5.664626418038863909e-01
6.918500661849975586e-01 5.528842693664324237e-01 6.828428506851196289e-01 5.703518149052052566e-01
6.924762725830078125e-01 5.529775848369902214e-01 6.684408187866210938e-01 5.917105915725069387e-01
6.918500661849975586e-01 5.563519219525450143e-01 6.774159669876098633e-01 5.732729073432710765e-01
6.925210356712341309e-01 5.520458362315374679e-01 6.774159669876098633e-01 5.655933214463114700e-01
6.915816664695739746e-01 5.527247822675024347e-01 6.771029233932495117e-01 5.726605382425454804e-01
6.952048540115356445e-01 5.506492135434740698e-01 6.799206733703613281e-01 5.707410648231888706e-01
6.902397274971008301e-01 5.525850639890997895e-01 6.869129538536071777e-01 5.654036338133743289e-01
6.947575807571411133e-01 5.476250812947206503e-01 6.834689974784851074e-01 5.675335553836483582e-01
6.958311200141906738e-01 5.473796004557102135e-01 6.808599233627319336e-01 5.732266980181952576e-01
6.950259208679199219e-01 5.486727201313681412e-01 6.856606006622314453e-01 5.637159853383659769e-01
7.009751200675964355e-01 5.431383172052450803e-01 6.900438070297241211e-01 5.575589448543262217e-01
6.946233510971069336e-01 5.464814814861739256e-01 6.892089247703552246e-01 5.641327197281509331e-01
6.980676054954528809e-01 5.476339961190325178e-01 6.846169829368591309e-01 5.679971322812259471e-01
7.009751200675964355e-01 5.428474948175436854e-01 6.743894815444946289e-01 5.676948492349350728e-01
6.943550109863281250e-01 5.480157268305416718e-01 6.811730265617370605e-01 5.749610503464843703e-01
6.989622712135314941e-01 5.423917600231491498e-01 6.958881020545959473e-01 5.570800446613027868e-01
7.021828889846801758e-01 5.384800647618540603e-01 6.963055729866027832e-01 5.569464721577174204e-01
7.014671564102172852e-01 5.424950522010538734e-01 6.849300861358642578e-01 5.571834091676398648e-01
6.995437741279602051e-01 5.387068626534684546e-01 6.888958215713500977e-01 5.597102039170349652e-01
7.022722959518432617e-01 5.401801134525161530e-01 6.869129538536071777e-01 5.774944218109256955e-01
6.982018351554870605e-01 5.429567362247329498e-01 6.900438070297241211e-01 5.617956308999058068e-01
7.027643322944641113e-01 5.358115898024995438e-01 6.909831166267395020e-01 5.611820355434055108e-01
7.040615677833557129e-01 5.355565973035464333e-01 6.912961602210998535e-01 5.584684472396562738e-01
7.045536041259765625e-01 5.378534914257488975e-01 6.969317197799682617e-01 5.610831352644737313e-01
7.040615677833557129e-01 5.370861138954510228e-01 6.949488520622253418e-01 5.568463909578731386e-01
7.041510343551635742e-01 5.402840163887325797e-01 6.873304247856140137e-01 5.645811949660051177e-01
