5.661119818687438965e-01 6.813799230714115973e-01 5.790023207664489746e-01 6.693828123219449644e-01
5.903560519218444824e-01 6.675451879830667234e-01 5.982049703598022461e-01 6.631695227194021047e-01
5.928162336349487305e-01 6.640672507429404847e-01 5.966395139694213867e-01 6.640561152241021281e-01
5.968867540359497070e-01 6.629318470156326804e-01 5.988311171531677246e-01 6.602506099377263293e-01
6.008677482604980469e-01 6.593075253004080372e-01 5.964307785034179688e-01 6.595804259364527189e-01
6.066380143165588379e-01 6.544705483883134223e-01 6.160508990287780762e-01 6.600602915605008336e-01
6.102612018585205078e-01 6.533879626626980519e-01 6.185556054115295410e-01 6.472324730956312555e-01
6.073984503746032715e-01 6.535138683511908519e-01 6.024838089942932129e-01 6.505432474018512101e-01
6.061459779739379883e-01 6.531754216710150551e-01 6.204341650009155273e-01 6.452293870867580328e-01
6.125872135162353516e-01 6.469993319040463486e-01 6.142767667770385742e-01 6.423116816879189672e-01
6.168366670608520508e-01 6.446570189038848264e-01 6.158422231674194336e-01 6.397449130853714028e-01
6.198783516883850098e-01 6.429390260157548109e-01 6.175119876861572266e-01 6.399988599496354569e-01
6.246645450592041016e-01 6.404443193493002395e-01 6.215821504592895508e-01 6.383918233416419064e-01
6.269010305404663086e-01 6.375971177029980952e-01 6.341056227684020996e-01 6.362450271129508339e-01
6.234120726585388184e-01 6.379236819642156719e-01 6.281569600105285645e-01 6.315469290338809882e-01
6.273036599159240723e-01 6.369872505495470794e-01 6.262784600257873535e-01 6.338584182083768503e-01
6.254696846008300781e-01 6.345602141379627081e-01 6.302441954612731934e-01 6.327092099776971956e-01
6.277509331703186035e-01 6.325754957221279007e-01 6.314965486526489258e-01 6.316475688950847767e-01
6.249776482582092285e-01 6.349740537404373608e-01 6.367146968841552734e-01 6.219260577517544686e-01
6.316872239112854004e-01 6.301958942950827147e-01 6.373408436775207520e-01 6.208428433085254605e-01
6.355341076850891113e-01 6.275038443069846927e-01 6.427676677703857422e-01 6.214624737628291484e-01
6.313294172286987305e-01 6.286059000193913171e-01 6.393237113952636719e-01 6.246683635882857022e-01
6.363392472267150879e-01 6.255121649985962984e-01 6.309747695922851562e-01 6.233000951379605858e-01
6.311057209968566895e-01 6.271717295831805705e-01 6.321227550506591797e-01 6.243805732042300161e-01
6.397835016250610352e-01 6.212946280722414505e-01 6.370277404785156250e-01 6.266007271621153452e-01
6.361603140830993652e-01 6.229890649253427837e-01 6.447505950927734375e-01 6.191437790822296172e-01
6.381732225418090820e-01 6.217592310065083172e-01 6.404716968536376953e-01 6.187132401148875971e-01
6.413937807083129883e-01 6.171056005305906034e-01 6.463159918785095215e-01 6.168487599612128003e-01
6.434513926506042480e-01 6.148189281517202343e-01 6.463159918785095215e-01 6.172922941345034831e-01
6.429593563079833984e-01 6.168763013874872803e-01 6.505948901176452637e-01 6.148758932584214021e-01
6.434066891670227051e-01 6.158064479455898077e-01 6.437069773674011230e-01 6.146159112963539561e-01
6.468062400817871094e-01 6.109531096064952926e-01 6.438112854957580566e-01 6.144526305364880203e-01
6.480587124824523926e-01 6.104989919706840240e-01 6.417240500450134277e-01 6.152725973399987280e-01
6.481034159660339355e-01 6.115886176031334331e-01 6.346274018287658691e-01 6.194175346811836569e-01
6.483270525932312012e-01 6.091157028917806304e-01 6.492381691932678223e-01 6.141370608547340737e-01
6.519055366516113281e-01 6.078465351970534503e-01 6.501774191856384277e-01 6.087841550310079120e-01
6.497584581375122070e-01 6.068640400992669770e-01 6.460029482841491699e-01 6.053465020430159882e-01
6.557076573371887207e-01 6.025333676809145889e-01 6.579002141952514648e-01 6.035806409279057538e-01
6.567364335060119629e-01 6.024910878209441822e-01 6.509079337120056152e-01 6.010117766330148603e-01
6.586151123046875000e-01 6.012908219971199175e-01 6.594656705856323242e-01 5.984502626694560012e-01
6.574968695640563965e-01 5.961549576737839029e-01 6.515341401100158691e-01 5.995488387636142003e-01
6.586151123046875000e-01 5.968447429567740325e-01 6.575871706008911133e-01 6.030255546278208145e-01
6.601359844207763672e-01 5.970974870094098996e-01 6.614485383033752441e-01 5.927243995109149344e-01
6.577205061912536621e-01 5.955996816135685767e-01 6.533082723617553711e-01 5.983199437509073570e-01
6.590177416801452637e-01 5.957179163901061836e-01 6.551868319511413574e-01 5.968240497630316055e-01
6.636250019073486328e-01 5.917454410759616090e-01 6.577958464622497559e-01 6.002719127243582031e-01
6.615226268768310547e-01 5.915572653091493160e-01 6.519515514373779297e-01 6.003116072654922641e-01
6.630882024765014648e-01 5.915902441250528998e-01 6.611354351043701172e-01 5.901342099530541008e-01
6.656826138496398926e-01 5.855554769815113358e-01 6.583176851272583008e-01 5.921955723226057788e-01
6.661746501922607422e-01 5.852967044880147407e-01 6.619703769683837891e-01 5.884924506101049113e-01
6.692163348197937012e-01 5.844949007375570549e-01 6.706324219703674316e-01 5.872854438636229135e-01
6.697083711624145508e-01 5.828058337307846504e-01 6.582133173942565918e-01 5.939611804632124459e-01
6.676059961318969727e-01 5.874245835984408526e-01 6.631183624267578125e-01 5.934710185877641875e-01
6.734210252761840820e-01 5.807619103593633092e-01 6.572740674018859863e-01 5.871574076872682069e-01
6.716317534446716309e-01 5.810798803751957564e-01 6.628052592277526855e-01 5.905221716841584367e-01
6.729289889335632324e-01 5.792888256300111616e-01 6.550824642181396484e-01 5.971008710636273031e-01
6.761943101882934570e-01 5.777361634422188974e-01 6.618660092353820801e-01 5.921020483677035262e-01
6.722580194473266602e-01 5.809487613438919507e-01 6.680233478546142578e-01 5.820196553974553710e-01
6.770442128181457520e-01 5.752328763517460253e-01 6.721978783607482910e-01 5.776738338817810625e-01
6.727947592735290527e-01 5.753746964270707309e-01 6.679190397262573242e-01 5.798601320157641403e-01
6.760153770446777344e-01 5.756482518536180093e-01 6.740763783454895020e-01 5.796504274859753947e-01
6.763732433319091797e-01 5.736247734405802712e-01 6.663535833358764648e-01 5.776435923810244732e-01
6.774914860725402832e-01 5.705791490622722506e-01 6.654143333435058594e-01 5.789993106510216148e-01
6.776704192161560059e-01 5.697155501616835149e-01 6.720935106277465820e-01 5.806040102991125718e-01
6.801753640174865723e-01 5.710681172107451298e-01 6.635357737541198730e-01 5.873767891698529198e-01
6.752549409866333008e-01 5.720680668819438930e-01 6.669797301292419434e-01 5.865273034241671457e-01
6.817409396171569824e-01 5.677050434320892736e-01 6.618660092353820801e-01 5.887263480568449836e-01
6.805331707000732422e-01 5.661135337330996942e-01 6.548737287521362305e-01 5.888928150215021473e-01
6.785203218460083008e-01 5.686846558043943123e-01 6.682320833206176758e-01 5.854670279485352236e-01
6.810699701309204102e-01 5.658280018148492685e-01 6.816948652267456055e-01 5.766795001655001807e-01
6.802648305892944336e-01 5.670720608423382991e-01 6.793988943099975586e-01 5.760165259002569815e-01
6.820540428161621094e-01 5.623555052768866025e-01 6.740763783454895020e-01 5.746301602929102526e-01
6.816067099571228027e-01 5.637843375993897288e-01 6.754330992698669434e-01 5.731983641148907793e-01
6.776257157325744629e-01 5.653562136147738393e-01 6.787726879119873047e-01 5.708721384726445081e-01
6.803095340728759766e-01 5.665737409821177684e-01 6.808599233627319336e-01 5.724836609055518055e-01
6.846931576728820801e-01 5.608181907252306475e-01 6.753287315368652344e-01 5.687750061129109858e-01
6.903291940689086914e-01 5.579679818651632761e-01 6.803381443023681641e-01 5.725229399683480214e-01
6.896582841873168945e-01 5.572106414733664081e-01 6.803381443023681641e-01 5.706701873862103369e-01
6.875559091567993164e-01 5.586253928464178786e-01 6.733458638191223145e-01 5.843126685378995377e-01
6.817856431007385254e-01 5.655838575745379959e-01 6.622834205627441406e-01 5.853763137722632903e-01
6.886741518974304199e-01 5.547852434803152155e-01 6.762679815292358398e-01 5.750022433267408806e-01
6.891662478446960449e-01 5.563196255559677006e-01 6.734502315521240234e-01 5.722530337769411446e-01
6.892556548118591309e-01 5.542060320653350303e-01 6.712586283683776855e-01 5.777663919204611975e-01
6.873769760131835938e-01 5.545494948672275992e-01 6.735545992851257324e-01 5.758581004867322495e-01
6.930577754974365234e-01 5.508152591049575442e-01 6.810686588287353516e-01 5.657335528250503343e-01
6.900160908699035645e-01 5.577669868018764188e-01 6.681277155876159668e-01 5.768952947945814591e-01
6.920289993286132812e-01 5.517734736977333299e-01 6.763723492622375488e-01 5.610895749050101022e-01
6.906870603561401367e-01 5.540818095548483146e-01 6.803381443023681641e-01 5.654438993448605011e-01
6.938629746437072754e-01 5.504634926263239914e-01 6.872260570526123047e-01 5.617312838975981881e-01
6.938629746437072754e-01 5.506682383990667562e-01 6.777290701866149902e-01 5.654384763423447868e-01
6.926105022430419922e-01 5.498454396616775375e-01 6.765810847282409668e-01 5.700820996452288236e-01
6.937735080718994141e-01 5.511045540183233671e-01 6.731371283531188965e-01 5.782355102460634555e-01
6.956074237823486328e-01 5.462540017084649424e-01 6.766854524612426758e-01 5.714265304551296998e-01
6.935498118400573730e-01 5.468750312580450412e-01 6.735545992851257324e-01 5.795197452540388205e-01
6.938629746437072754e-01 5.460489213008065112e-01 6.827384829521179199e-01 5.773129813533266486e-01
6.967704296112060547e-01 5.459863064988266235e-01 6.854518651962280273e-01 5.579911366531182804e-01
6.969940662384033203e-01 5.433290459790198756e-01 6.905656456947326660e-01 5.604150422777419704e-01
6.949812173843383789e-01 5.493850645939637456e-01 6.792945265769958496e-01 5.633552694614285539e-01
6.964126229286193848e-01 5.456526611119609793e-01 6.850344538688659668e-01 5.610472155970885888e-01
7.024512290954589844e-01 5.397378733939189877e-01 6.931747198104858398e-01 5.531948138766287215e-01
