5.655304789543151855e-01 6.799964883562532592e-01 5.801503062248229980e-01 6.691978852725481985e-01
5.846752524375915527e-01 6.675929519182711713e-01 6.014401912689208984e-01 6.625965703033848131e-01
5.899087786674499512e-01 6.634783882599095683e-01 5.872468948364257812e-01 6.616614316505570192e-01
5.967525243759155273e-01 6.601579205724075194e-01 5.981006026268005371e-01 6.588365973920669028e-01
5.997048020362854004e-01 6.573918582416642398e-01 5.963264703750610352e-01 6.612632844423704803e-01
5.996153354644775391e-01 6.568319217359727125e-01 6.049885153770446777e-01 6.515220084933840416e-01
6.009125113487243652e-01 6.533262241417786553e-01 6.020663976669311523e-01 6.531605833732765376e-01
6.113347411155700684e-01 6.511565437895344699e-01 6.123982667922973633e-01 6.488550295040518279e-01
6.116479039192199707e-01 6.467738010137233928e-01 5.893341898918151855e-01 6.629357432378555348e-01
6.133476495742797852e-01 6.476334920614600366e-01 5.949697494506835938e-01 6.528867253603305443e-01
6.146448254585266113e-01 6.468116459959115661e-01 6.149029135704040527e-01 6.435556284223312717e-01
6.191626191139221191e-01 6.431136422217862414e-01 6.191818118095397949e-01 6.437494345981277233e-01
6.184469461441040039e-01 6.399472690605482184e-01 6.092673540115356445e-01 6.406038722994928936e-01
6.186705827713012695e-01 6.411505686957372774e-01 6.201210618019104004e-01 6.455401118476961075e-01
6.217122673988342285e-01 6.381921398552229396e-01 6.255478858947753906e-01 6.370447116290270939e-01
6.273483633995056152e-01 6.345683620470455866e-01 6.287831068038940430e-01 6.337481778689650902e-01
6.293612718582153320e-01 6.330542639577766417e-01 6.301398277282714844e-01 6.330057036476079979e-01
6.307031512260437012e-01 6.312058112300942270e-01 6.336881518363952637e-01 6.346189712238968772e-01
6.314635872840881348e-01 6.313062296034847032e-01 6.325401663780212402e-01 6.302543558573777682e-01
6.301664113998413086e-01 6.295295858942006051e-01 6.217908859252929688e-01 6.361978370669091332e-01
6.295849084854125977e-01 6.299940214576864594e-01 6.331663727760314941e-01 6.282554107228890405e-01
6.345500349998474121e-01 6.269407285882953040e-01 6.406804323196411133e-01 6.215816643287334076e-01
6.340132355690002441e-01 6.256634943769792123e-01 6.405760645866394043e-01 6.210579132018569926e-01
6.346394419670104980e-01 6.241605389542647098e-01 6.412022709846496582e-01 6.175179035000252226e-01
6.417516469955444336e-01 6.204116271399154892e-01 6.388019323348999023e-01 6.251744346911263239e-01
6.421542167663574219e-01 6.174031410410955045e-01 6.438112854957580566e-01 6.164984953624922381e-01
6.398729681968688965e-01 6.181442539963659666e-01 6.456898450851440430e-01 6.128731283507549144e-01
6.488190889358520508e-01 6.132977430712539535e-01 6.423502564430236816e-01 6.211176498701118653e-01
6.526212096214294434e-01 6.097872349908344258e-01 6.292005777359008789e-01 6.356540903296656886e-01
6.456432342529296875e-01 6.101248148814747418e-01 6.433938741683959961e-01 6.085475206350240418e-01
6.525765061378479004e-01 6.070884257571005360e-01 6.538301110267639160e-01 6.062168179511825405e-01
6.543657183647155762e-01 6.044550878478197609e-01 6.427676677703857422e-01 6.117768565340944154e-01
6.588388085365295410e-01 6.031801228575297547e-01 6.446462273597717285e-01 6.080355617726826978e-01
6.521739363670349121e-01 6.025266005007903214e-01 6.583176851272583008e-01 6.010989523137991730e-01
6.591071486473083496e-01 5.990340907728550768e-01 6.584220528602600098e-01 6.005462883434921073e-01
6.605385541915893555e-01 5.968346161286931517e-01 6.493425369262695312e-01 6.015441842677323736e-01
6.618357300758361816e-01 5.955475588340967130e-01 6.592569351196289062e-01 5.945686787410410235e-01
6.591071486473083496e-01 5.943512512268630532e-01 6.624921560287475586e-01 5.968695532004137938e-01
6.614331603050231934e-01 5.923942788638205670e-01 6.593613028526306152e-01 5.936417641482455432e-01
6.621041297912597656e-01 5.887556185468959535e-01 6.536213755607604980e-01 5.987815765368119658e-01
6.601806879043579102e-01 5.949146659499227052e-01 6.622834205627441406e-01 5.931488136313598503e-01
6.664429903030395508e-01 5.880573721771527040e-01 6.605092883110046387e-01 5.930410118696212152e-01
6.693952679634094238e-01 5.903670905015617754e-01 6.638488769531250000e-01 5.918727813098455526e-01
6.727500557899475098e-01 5.843531079636978820e-01 6.633270978927612305e-01 5.909009636555700995e-01
6.721685528755187988e-01 5.828920393345031759e-01 6.665623188018798828e-01 5.895503853935459837e-01
6.673823595046997070e-01 5.865285281611163359e-01 6.653099656105041504e-01 5.856709822038846935e-01
6.731526255607604980e-01 5.795713921611947983e-01 6.606136560440063477e-01 5.913087227005621171e-01
6.718106865882873535e-01 5.789394377595645791e-01 6.669797301292419434e-01 5.877698791148990853e-01
6.720343828201293945e-01 5.796691174049841688e-01 6.557086110115051270e-01 5.924777669240776090e-01
6.722580194473266602e-01 5.788659910371636297e-01 6.619703769683837891e-01 5.834109772100152247e-01
6.731526255607604980e-01 5.753525734523644575e-01 6.684408187866210938e-01 5.894131372577585681e-01
6.761048436164855957e-01 5.747099252799944269e-01 6.663535833358764648e-01 5.839646893686204487e-01
6.738682985305786133e-01 5.771112419834161233e-01 6.545606255531311035e-01 5.943899399376791903e-01
6.758364439010620117e-01 5.742527702708303261e-01 6.723022460937500000e-01 5.788364241949777167e-01
6.744050979614257812e-01 5.751676914154001397e-01 6.775203347206115723e-01 5.790490726542806277e-01
6.761943101882934570e-01 5.725459826399973418e-01 6.836777329444885254e-01 5.699131707014507553e-01
6.869744062423706055e-01 5.642000844705123974e-01 6.749113202095031738e-01 5.772763426481520854e-01
6.833512187004089355e-01 5.663210585924013385e-01 6.763723492622375488e-01 5.767853821003220416e-01
6.856772303581237793e-01 5.626809319841518109e-01 6.723022460937500000e-01 5.749481965444999121e-01
6.816067099571228027e-01 5.636418576551093240e-01 6.510123014450073242e-01 6.025506425092972407e-01
6.813383698463439941e-01 5.683623851465398058e-01 6.733458638191223145e-01 5.732983080660517539e-01
6.868402361869812012e-01 5.588018631099012090e-01 6.702150106430053711e-01 5.778801559754986883e-01
6.851851940155029297e-01 5.617369592541722190e-01 6.760593056678771973e-01 5.743977822234301867e-01
6.885399818420410156e-01 5.600219209498338291e-01 6.752243638038635254e-01 5.738202686773613559e-01
6.850509643554687500e-01 5.614406227916185488e-01 6.837821006774902344e-01 5.676309192163215833e-01
6.887636184692382812e-01 5.603252760112807929e-01 6.672928333282470703e-01 5.895360422343407514e-01
6.866165399551391602e-01 5.580841654058132928e-01 6.847213506698608398e-01 5.661984412736321692e-01
6.900160908699035645e-01 5.548386165549277216e-01 6.811730265617370605e-01 5.635613952367795054e-01
6.886741518974304199e-01 5.559636585015819144e-01 6.846169829368591309e-01 5.640433969987357354e-01
6.890320181846618652e-01 5.568218694366268151e-01 6.816948652267456055e-01 5.663202814656741468e-01
6.929683089256286621e-01 5.512494698665418857e-01 6.756418347358703613e-01 5.667401916347249990e-01
6.898819208145141602e-01 5.550362929544502277e-01 6.894176602363586426e-01 5.639401962278880465e-01
6.908659934997558594e-01 5.511453517926445667e-01 6.824253797531127930e-01 5.653075946195965651e-01
6.914474964141845703e-01 5.521187774182475527e-01 6.886871457099914551e-01 5.631569705933077152e-01
6.958311200141906738e-01 5.483610316175193677e-01 6.864954829216003418e-01 5.647384165423668945e-01
6.882715821266174316e-01 5.558368454126237923e-01 6.832602620124816895e-01 5.662701853604038549e-01
6.942207813262939453e-01 5.488288303536237311e-01 6.860780715942382812e-01 5.640649958259997820e-01
6.963678598403930664e-01 5.441979834039045727e-01 6.869129538536071777e-01 5.635779176542640156e-01
6.986938714981079102e-01 5.473051310054815044e-01 6.600918173789978027e-01 5.839464026859970680e-01
6.972177624702453613e-01 5.461123472442565019e-01 6.935921311378479004e-01 5.668081406187448490e-01
6.994990110397338867e-01 5.400106694344694036e-01 6.813817620277404785e-01 5.678802135467927448e-01
6.971282958984375000e-01 5.461494339815639032e-01 6.828428506851196289e-01 5.612957359878087971e-01
6.990517377853393555e-01 5.444290985850362974e-01 6.704236865043640137e-01 5.731675038131684996e-01
6.994990110397338867e-01 5.442570420726934310e-01 6.877478361129760742e-01 5.596989849693116970e-01
7.000358104705810547e-01 5.428869680868617653e-01 6.962012052536010742e-01 5.541118312618523722e-01
6.998121142387390137e-01 5.404998459379155573e-01 6.879565715789794922e-01 5.597984877764320411e-01
7.005278468132019043e-01 5.400118730131767686e-01 6.873304247856140137e-01 5.602151575851878063e-01
7.009751200675964355e-01 5.422446795473117032e-01 6.867042183876037598e-01 5.615529599505261205e-01
7.009304165840148926e-01 5.397742518501602582e-01 6.812773942947387695e-01 5.660944549556167216e-01
7.013776898384094238e-01 5.369327948161241038e-01 6.974535584449768066e-01 5.493868426922292603e-01
7.032116651535034180e-01 5.394441241611412918e-01 6.753287315368652344e-01 5.763957639920938014e-01
7.017802596092224121e-01 5.398308854342829255e-01 6.943227052688598633e-01 5.520452502201305123e-01
7.012882232666015625e-01 5.387046930827913416e-01 6.894176602363586426e-01 5.544215361625609573e-01
7.012882232666015625e-01 5.363171198197864697e-01 6.939052343368530273e-01 5.579393138792937412e-01
7.070584893226623535e-01 5.327086041493670487e-01 6.974535584449768066e-01 5.490291159054949688e-01
7.057613134384155273e-01 5.330250262894172808e-01 6.938008666038513184e-01 5.539964353010614628e-01
7.044641375541687012e-01 5.339158926246460046e-01 6.864954829216003418e-01 5.727299896592363826e-01
7.079530954360961914e-01 5.337416733883215691e-01 6.875391602516174316e-01 5.685464121732550780e-01
7.004830837249755859e-01 5.406424059416105043e-01 6.957837343215942383e-01 5.445230459649387234e-01
7.122920155525207520e-01 5.275128659418815147e-01 6.701106429100036621e-01 5.754489101091622150e-01
