5.025049448013305664e-01 8.553703346958866405e+01 4.990607500076293945e-01 6.961457492463699603e-01
5.016550421714782715e-01 7.310952423275380863e-01 4.990607500076293945e-01 6.944316391082975271e-01
5.020129084587097168e-01 7.355272870388839257e-01 5.009392499923706055e-01 6.932490132865715138e-01
4.994184970855712891e-01 6.972109424255256149e-01 5.009392499923706055e-01 6.975516453960747265e-01
5.016997456550598145e-01 7.004936906642575956e-01 5.009392499923706055e-01 6.931468763423100921e-01
4.949901700019836426e-01 7.338177990264981299e-01 4.990607500076293945e-01 6.933724683526910626e-01
4.991948604583740234e-01 6.988908089770680121e-01 5.009392499923706055e-01 6.937724997942046334e-01
5.012077093124389648e-01 6.978653410953195024e-01 5.009392499923706055e-01 6.949675744273074995e-01
4.999552667140960693e-01 6.965657658495061355e-01 5.009392499923706055e-01 6.934031577778121402e-01
5.071122050285339355e-01 6.979290167618616980e-01 4.990607500076293945e-01 6.932198454656424147e-01
5.017445087432861328e-01 6.982460487164032781e-01 4.990607500076293945e-01 6.964745353094796698e-01
5.012971758842468262e-01 6.965486732124749336e-01 4.990607500076293945e-01 6.939164344489612279e-01
4.991053938865661621e-01 6.961982720737317498e-01 5.009392499923706055e-01 6.935481321485722495e-01
5.023260116577148438e-01 6.976333652568175170e-01 5.009392499923706055e-01 6.957401184143937600e-01
4.968241155147552490e-01 6.958424844944876009e-01 5.009392499923706055e-01 7.002589239055989623e-01
5.019234418869018555e-01 6.999175670770183544e-01 4.990607500076293945e-01 7.004491859252705011e-01
5.001341700553894043e-01 6.976752117166878930e-01 5.009392499923706055e-01 6.956967348670243245e-01
4.984344244003295898e-01 6.954668130979573260e-01 4.990607500076293945e-01 6.933164223577602536e-01
5.005815029144287109e-01 6.957597113035300929e-01 4.990607500076293945e-01 6.938264223783305873e-01
5.005815029144287109e-01 8.047060936097489847e-01 5.009392499923706055e-01 6.954635705910054977e-01
5.019681453704833984e-01 7.086840598074305442e-01 4.990607500076293945e-01 6.939743173269209420e-01
5.000447034835815430e-01 7.002467808281507278e-01 4.990607500076293945e-01 6.945682891573196072e-01
4.981213212013244629e-01 6.984088536792502078e-01 5.009392499923706055e-01 6.940360543275521099e-01
4.956163763999938965e-01 6.965071285937676215e-01 4.990607500076293945e-01 6.931777560643725966e-01
5.007156729698181152e-01 6.950818940658521905e-01 4.990607500076293945e-01 6.933021144686798420e-01
4.944534003734588623e-01 6.966796499242251528e-01 4.990607500076293945e-01 6.932480671390365279e-01
4.993737637996673584e-01 6.978872913669272871e-01 4.990607500076293945e-01 6.948031666283317476e-01
4.996868968009948730e-01 6.989934454878832248e-01 4.990607500076293945e-01 7.007142946208053669e-01
4.976292848587036133e-01 6.960429132443289868e-01 4.990607500076293945e-01 6.940423817630601011e-01
5.002236366271972656e-01 6.984391652059631639e-01 4.990607500076293945e-01 6.993691488164274217e-01
4.933798611164093018e-01 6.985161385845041204e-01 5.009392499923706055e-01 7.066894650608580575e-01
4.980765879154205322e-01 7.006758316874098780e-01 5.009392499923706055e-01 6.932318807021483620e-01
4.974950850009918213e-01 6.980376621865910236e-01 5.009392499923706055e-01 6.935047820051835066e-01
4.919037520885467529e-01 6.979231798471801085e-01 5.009392499923706055e-01 6.938254530408441978e-01
4.972714185714721680e-01 6.955016937275482203e-01 4.990607500076293945e-01 6.957624826842323529e-01
5.014761090278625488e-01 6.997940339178705393e-01 5.009392499923706055e-01 6.955004790908632106e-01
4.983896911144256592e-01 6.967580405580995340e-01 4.990607500076293945e-01 7.063957555909615715e-01
5.004920363426208496e-01 6.948741789387982148e-01 4.990607500076293945e-01 6.976324049372982783e-01
5.002683997154235840e-01 6.974196017780294188e-01 5.009392499923706055e-01 6.955907313466893616e-01
5.038468241691589355e-01 6.965633714683240330e-01 4.990607500076293945e-01 6.931552168248565904e-01
5.031311511993408203e-01 6.945838294956632186e-01 5.009392499923706055e-01 6.931459413916400969e-01
4.982554912567138672e-01 6.954278825305830747e-01 4.990607500076293945e-01 6.986493905086752498e-01
4.966004788875579834e-01 6.980044806999647911e-01 5.009392499923706055e-01 6.935910098962260184e-01
4.992842972278594971e-01 7.001968735679358069e-01 4.990607500076293945e-01 6.964514178887361018e-01
5.019234418869018555e-01 6.983692922987181362e-01 5.009392499923706055e-01 6.951375397280297186e-01
5.068438053131103516e-01 6.944022742062566644e-01 4.990607500076293945e-01 6.933226222734166777e-01
5.054571628570556641e-01 6.954761554674847579e-01 5.009392499923706055e-01 6.932036338606898385e-01
4.970030486583709717e-01 6.974636365250113101e-01 5.009392499923706055e-01 7.102351301374776327e-01
4.987475275993347168e-01 7.210183335685798056e-01 5.009392499923706055e-01 6.933645549310172296e-01
5.022812485694885254e-01 6.955931495737146530e-01 5.009392499923706055e-01 6.941465397787800473e-01
4.966899156570434570e-01 7.025460462319358390e-01 5.009392499923706055e-01 6.938079608628805461e-01
4.968688488006591797e-01 6.974329358351041286e-01 4.990607500076293945e-01 6.934746146401142841e-01
5.026391148567199707e-01 6.980480207571895246e-01 4.990607500076293945e-01 7.085964107558214709e-01
4.962873458862304688e-01 7.013897236738547702e-01 5.009392499923706055e-01 7.250376608595173744e-01
5.026391148567199707e-01 7.011947886827358811e-01 4.990607500076293945e-01 6.941429079138792257e-01
5.016550421714782715e-01 6.959146757867259447e-01 5.009392499923706055e-01 6.948812886982366210e-01
5.033547878265380859e-01 6.948256673167015895e-01 5.009392499923706055e-01 6.932374334763296009e-01
4.937824308872222900e-01 6.966522315850004476e-01 5.009392499923706055e-01 6.932331658658740237e-01
4.967346489429473877e-01 6.973496625900780232e-01 5.009392499923706055e-01 6.940694436402938816e-01
5.026391148567199707e-01 6.970141792493592670e-01 5.009392499923706055e-01 6.942814089166573499e-01
5.065754055976867676e-01 6.943615129369810068e-01 4.990607500076293945e-01 7.000775056177925837e-01
4.918590188026428223e-01 6.984036338949997091e-01 5.009392499923706055e-01 6.935752949095598252e-01
4.932009279727935791e-01 6.950172296383445580e-01 4.990607500076293945e-01 6.944701237659617332e-01
5.002236366271972656e-01 6.966620201201958462e-01 5.009392499923706055e-01 6.942568649033419304e-01
5.011182427406311035e-01 6.952668491129073702e-01 5.009392499923706055e-01 6.939742739950532924e-01
4.987027943134307861e-01 6.958448139493720319e-01 5.009392499923706055e-01 6.935271047470937811e-01
5.015655755996704102e-01 6.976388158664269534e-01 5.009392499923706055e-01 6.936962489692634071e-01
5.006262063980102539e-01 6.982097816096155540e-01 4.990607500076293945e-01 6.992342152468125072e-01
5.021023154258728027e-01 6.989560324980632622e-01 4.990607500076293945e-01 6.934271387132268094e-01
5.020129084587097168e-01 6.986352999578501199e-01 4.990607500076293945e-01 7.019438257522957469e-01
4.983896911144256592e-01 6.958097616618168502e-01 5.009392499923706055e-01 6.934662285614451305e-01
5.054571628570556641e-01 6.969999029717860450e-01 4.990607500076293945e-01 6.967880975550685418e-01
5.007604360580444336e-01 6.958176303600919210e-01 4.990607500076293945e-01 7.007325141844433780e-01
5.055018663406372070e-01 6.954323157233529562e-01 5.009392499923706055e-01 6.932441811177407764e-01
5.000447034835815430e-01 6.948265326558465960e-01 4.990607500076293945e-01 6.939865899618471445e-01
4.983896911144256592e-01 6.965383390958843624e-01 4.990607500076293945e-01 6.981083268015501053e-01
5.047861933708190918e-01 6.964967440547830124e-01 4.990607500076293945e-01 6.995820482223572556e-01
4.982554912567138672e-01 6.973158731019482026e-01 5.009392499923706055e-01 6.956966384122525993e-01
5.007604360580444336e-01 6.985386113912309680e-01 5.009392499923706055e-01 6.931459024763136911e-01
4.950349032878875732e-01 6.951782898029246205e-01 5.009392499923706055e-01 6.931901923725833914e-01
5.027285814285278320e-01 6.941567542067067498e-01 5.009392499923706055e-01 7.030869719007273311e-01
5.011182427406311035e-01 6.963942616586076273e-01 5.009392499923706055e-01 6.961945718326540966e-01
4.944086670875549316e-01 6.963466075051554238e-01 4.990607500076293945e-01 6.933217616948124107e-01
4.977187216281890869e-01 6.965000129466961676e-01 5.009392499923706055e-01 6.954268183993835839e-01
5.023707151412963867e-01 6.943854549144841126e-01 4.990607500076293945e-01 6.941400202921551577e-01
5.087224841117858887e-01 6.942165679209858498e-01 5.009392499923706055e-01 6.949944205658342700e-01
5.019234418869018555e-01 6.958065167120092154e-01 5.009392499923706055e-01 6.937396136063719299e-01
5.018339753150939941e-01 6.958750344960842327e-01 5.009392499923706055e-01 6.939782730549218792e-01
5.001341700553894043e-01 6.956109983653582240e-01 4.990607500076293945e-01 6.934639745454304061e-01
4.969583153724670410e-01 6.946586060873787272e-01 4.990607500076293945e-01 7.257235431516874113e-01
5.008499026298522949e-01 6.986216727086311806e-01 5.009392499923706055e-01 6.984433854106472106e-01
4.984344244003295898e-01 6.953068047010060315e-01 5.009392499923706055e-01 6.955982120095302035e-01
5.025496482849121094e-01 6.940460994261111738e-01 5.009392499923706055e-01 6.931829128925249828e-01
4.929772913455963135e-01 6.939873773758602482e-01 4.990607500076293945e-01 6.931894461139710417e-01
4.934245944023132324e-01 6.948321883037278379e-01 5.009392499923706055e-01 6.932195054292927816e-01
4.963768124580383301e-01 6.949527540175342022e-01 5.009392499923706055e-01 6.931456343984833124e-01
4.976292848587036133e-01 6.977031788793568445e-01 5.009392499923706055e-01 6.957469901046283711e-01
4.922615885734558105e-01 6.954218601152409862e-01 5.009392499923706055e-01 6.931464905232234130e-01
4.981660544872283936e-01 6.951821398961136600e-01 4.990607500076293945e-01 6.935311803313143342e-01
4.994184970855712891e-01 6.945465105465943312e-01 5.009392499923706055e-01 6.948359067592807525e-01
