5.542583465576171875e-01 6.920964849466585411e-01 5.799415707588195801e-01 6.745525409423391849e-01
5.785918831825256348e-01 6.749599531524871354e-01 5.876643657684326172e-01 6.679756870923672096e-01
5.831096768379211426e-01 6.713986095193674730e-01 6.001878380775451660e-01 6.659102934781805372e-01
5.873590707778930664e-01 6.691374960046352349e-01 5.950741171836853027e-01 6.656214657294627912e-01
5.953658819198608398e-01 6.660356311833075527e-01 5.937173962593078613e-01 6.649518937363900761e-01
5.945607423782348633e-01 6.630965547946425787e-01 6.098935604095458984e-01 6.616609769831915955e-01
5.908480882644653320e-01 6.650852371699739196e-01 5.973700881004333496e-01 6.644387825051421004e-01
5.967972874641418457e-01 6.614509210067820444e-01 6.012314558029174805e-01 6.615297934551672698e-01
5.975129604339599609e-01 6.609936467669991211e-01 6.058233976364135742e-01 6.599476174331860845e-01
5.988548994064331055e-01 6.600069481393565640e-01 5.996660590171813965e-01 6.609102308911884993e-01
5.993021726608276367e-01 6.615585370276221289e-01 5.996660590171813965e-01 6.622267595862227907e-01
6.044462323188781738e-01 6.589605286544114593e-01 6.087455749511718750e-01 6.574974137939010310e-01
6.054750680923461914e-01 6.594998018219894176e-01 6.067627072334289551e-01 6.581554830982500048e-01
6.040436625480651855e-01 6.571148787954238513e-01 6.048841476440429688e-01 6.564799274613976054e-01
6.038200259208679199e-01 6.576649160456797816e-01 6.049885153770446777e-01 6.562967132710882945e-01
6.054750680923461914e-01 6.556457391278349700e-01 5.941348075866699219e-01 6.611599703965717056e-01
6.033726930618286133e-01 6.578376691613134764e-01 6.074932217597961426e-01 6.561142346152829541e-01
6.087403893470764160e-01 6.560352277320620207e-01 6.063452363014221191e-01 6.555454947957910505e-01
6.002415418624877930e-01 6.587914180555120014e-01 5.985180735588073730e-01 6.569703189347836370e-01
6.089640259742736816e-01 6.545193373122482061e-01 6.136506199836730957e-01 6.538937628530455681e-01
6.076668500900268555e-01 6.557788837039207896e-01 6.036317944526672363e-01 6.558301577959197992e-01
6.075326800346374512e-01 6.552317599892765188e-01 6.085368394851684570e-01 6.542949687710536422e-01
6.098586320877075195e-01 6.541993953840828935e-01 6.115633249282836914e-01 6.528633432581388840e-01
6.068617105484008789e-01 6.523672531810977837e-01 6.047797799110412598e-01 6.523869995582181058e-01
6.090982556343078613e-01 6.534541326487164348e-01 6.125026345252990723e-01 6.520821700960031109e-01
6.099033951759338379e-01 6.521754926892081583e-01 6.153203845024108887e-01 6.532157822756049503e-01
6.106638312339782715e-01 6.508592796530444646e-01 6.149029135704040527e-01 6.483811805154207075e-01
6.120504736900329590e-01 6.507238452731869405e-01 6.189730763435363770e-01 6.523280852250529227e-01
6.179549098014831543e-01 6.497420405398799392e-01 6.135462522506713867e-01 6.501934910163926773e-01
6.150473952293395996e-01 6.486991549736913498e-01 6.140680313110351562e-01 6.506628601766533126e-01
6.153157949447631836e-01 6.488020462946295641e-01 6.113546490669250488e-01 6.478759535691156479e-01
6.163446307182312012e-01 6.476821751602221955e-01 6.131287813186645508e-01 6.447528075435370321e-01
6.177759766578674316e-01 6.449834785130394987e-01 6.188687086105346680e-01 6.470242027349597524e-01
6.159867644309997559e-01 6.424804548923733760e-01 6.246086359024047852e-01 6.414708840252337785e-01
6.196546554565429688e-01 6.432673398849895197e-01 6.152160167694091797e-01 6.416049981833847893e-01
6.158078312873840332e-01 6.428975156838490079e-01 6.233562827110290527e-01 6.429909517336578340e-01
6.168366670608520508e-01 6.433626940818182316e-01 6.264871358871459961e-01 6.408299670491132138e-01
6.219806671142578125e-01 6.406337775064722129e-01 6.164683699607849121e-01 6.394826745071283680e-01
6.246197819709777832e-01 6.379421688422979297e-01 6.221039295196533203e-01 6.371349248948811050e-01
6.210860610008239746e-01 6.388622459859365499e-01 6.229388713836669922e-01 6.387401619302880418e-01
6.183574795722961426e-01 6.390066795686977219e-01 6.169902086257934570e-01 6.421521236741749572e-01
6.251118183135986328e-01 6.369261039371971744e-01 6.209559440612792969e-01 6.365554163909311614e-01
6.249776482582092285e-01 6.352189116687846360e-01 6.275308132171630859e-01 6.306193331864949903e-01
6.259169578552246094e-01 6.346525106133150684e-01 6.112502813339233398e-01 6.443182257241432120e-01
6.193415522575378418e-01 6.365809687072506717e-01 6.269046068191528320e-01 6.310955395879688234e-01
6.263642907142639160e-01 6.306730284740340586e-01 6.236693859100341797e-01 6.287721828686819725e-01
6.282877326011657715e-01 6.304991502820709304e-01 6.184512376785278320e-01 6.363132525475680978e-01
6.250223517417907715e-01 6.332199321298228600e-01 6.365059614181518555e-01 6.265165876978947557e-01
6.307926177978515625e-01 6.306081247107887533e-01 6.311834454536437988e-01 6.318478359356973773e-01
6.358024477958679199e-01 6.234021758026461191e-01 6.293049454689025879e-01 6.288041790550373822e-01
6.302111148834228516e-01 6.269842629292757819e-01 6.309747695922851562e-01 6.305206338166443603e-01
6.346394419670104980e-01 6.247624380577013747e-01 6.230431795120239258e-01 6.321266052046640160e-01
6.348631381988525391e-01 6.249078503873357615e-01 6.316009163856506348e-01 6.298023212729851883e-01
6.316425204277038574e-01 6.234536230041550775e-01 6.249217391014099121e-01 6.272643079242137265e-01
6.349078416824340820e-01 6.206868547705594041e-01 6.274264454841613770e-01 6.247263710873531828e-01
6.350867748260498047e-01 6.196061082892180272e-01 6.336881518363952637e-01 6.211697316896290788e-01
6.410359740257263184e-01 6.153272719156296366e-01 6.327489018440246582e-01 6.201720035815134757e-01
6.392467617988586426e-01 6.162135045949451717e-01 6.257566213607788086e-01 6.274439270624261322e-01
6.419305801391601562e-01 6.133951125534857773e-01 6.367146968841552734e-01 6.191684915212767315e-01
6.409465074539184570e-01 6.129445119543138754e-01 6.381757259368896484e-01 6.155701436520717440e-01
6.434961557388305664e-01 6.132475054846358020e-01 6.303485631942749023e-01 6.209475516874838341e-01
6.434066891670227051e-01 6.112863836187778510e-01 6.357753872871398926e-01 6.190096008904516500e-01
6.449722647666931152e-01 6.095333659045276686e-01 6.405760645866394043e-01 6.130563870672640636e-01
6.495348215103149414e-01 6.045067412500454429e-01 6.396368145942687988e-01 6.171393370334750106e-01
6.503399610519409180e-01 6.076317247177284164e-01 6.415153145790100098e-01 6.124803536099000523e-01
6.498031616210937500e-01 6.025515143464771350e-01 6.417240500450134277e-01 6.108650576219855077e-01
6.464483737945556641e-01 6.064509881867302665e-01 6.402630209922790527e-01 6.133184463712572088e-01
6.482823491096496582e-01 6.014571158313051225e-01 6.464203596115112305e-01 6.104067517232606432e-01
6.553050875663757324e-01 6.000087431087586243e-01 6.453767418861389160e-01 6.134548029380062495e-01
6.502504944801330566e-01 6.034140313625079299e-01 6.382800936698913574e-01 6.109996938401884847e-01
6.489533185958862305e-01 6.008856139982465816e-01 6.332707405090332031e-01 6.088798945469140467e-01
6.516819000244140625e-01 5.994939775922512037e-01 6.490294337272644043e-01 6.062311886422346863e-01
6.553945541381835938e-01 5.968641407226573659e-01 6.407848000526428223e-01 6.115026639214987680e-01
6.535605788230895996e-01 5.942586981923875245e-01 6.481945514678955078e-01 6.082486004800543578e-01
6.572732329368591309e-01 5.954496342309537615e-01 6.451680064201354980e-01 6.071759047699333278e-01
6.602701544761657715e-01 5.904406105113341185e-01 6.457942128181457520e-01 6.104964743176075626e-01
6.577205061912536621e-01 5.933456895581339374e-01 6.509079337120056152e-01 6.063522355737130942e-01
6.607621908187866211e-01 5.915768345836920350e-01 6.469421982765197754e-01 6.099416101260016765e-01
6.575863361358642578e-01 5.924546401644461557e-01 6.499686837196350098e-01 6.021638327116658473e-01
6.623277664184570312e-01 5.904787473739163683e-01 6.406804323196411133e-01 6.147861135476219152e-01
6.618357300758361816e-01 5.913422872244212813e-01 6.502817869186401367e-01 6.045676565473847575e-01
6.618357300758361816e-01 5.894021853753931284e-01 6.550824642181396484e-01 6.003464627455032954e-01
6.656826138496398926e-01 5.856411039647955175e-01 6.486119627952575684e-01 6.052973626600977042e-01
6.615226268768310547e-01 5.902082334799296781e-01 6.493425369262695312e-01 5.994125801694341060e-01
6.570048332214355469e-01 5.941048264396833201e-01 6.428720355033874512e-01 6.164134078721515975e-01
6.591519117355346680e-01 5.895007746785714264e-01 6.587351560592651367e-01 5.975234767037576056e-01
6.702451109886169434e-01 5.813106548425698294e-01 6.588394641876220703e-01 5.939969325508510645e-01
6.716765165328979492e-01 5.802709333882559717e-01 6.550824642181396484e-01 5.989257922328804495e-01
6.683217287063598633e-01 5.812282207443454363e-01 6.538301110267639160e-01 5.923012753190837199e-01
6.704688072204589844e-01 5.800308069318538262e-01 6.532039046287536621e-01 5.981982427981024086e-01
6.683217287063598633e-01 5.812426569594490999e-01 6.600918173789978027e-01 5.888953349132971526e-01
6.710055470466613770e-01 5.819587063375579739e-01 6.509079337120056152e-01 5.960736063347308322e-01
6.707371473312377930e-01 5.813569027572565995e-01 6.520559191703796387e-01 5.955732835904214983e-01
6.705582141876220703e-01 5.776690741326732104e-01 6.508035659790039062e-01 6.039555523147216443e-01
6.710502505302429199e-01 5.788701597256574738e-01 6.607180237770080566e-01 5.881632731916809353e-01
6.710502505302429199e-01 5.783905920476430929e-01 6.544562578201293945e-01 5.948580430808532160e-01
6.730631589889526367e-01 5.743873525356900656e-01 6.607180237770080566e-01 5.922619794734309551e-01
6.769547462463378906e-01 5.737400864164141634e-01 6.563348174095153809e-01 5.912297307835370219e-01
6.724816560745239258e-01 5.792643622158464289e-01 6.430807709693908691e-01 6.061897004752934137e-01
6.729736924171447754e-01 5.769414958575902475e-01 6.547693610191345215e-01 5.966250218794704185e-01
