5.633386969566345215e-01 6.810452918990137494e-01 5.831767916679382324e-01 6.704279535922992306e-01
5.860618948936462402e-01 6.701947999653224963e-01 5.881862044334411621e-01 6.669614278456533762e-01
5.879405736923217773e-01 6.645542961857062725e-01 6.042580008506774902e-01 6.598522284538007598e-01
5.930846333503723145e-01 6.624206819225454401e-01 6.001878380775451660e-01 6.565817295198673742e-01
6.022096872329711914e-01 6.592688711817009661e-01 6.089543104171752930e-01 6.543222825155454725e-01
6.048935651779174805e-01 6.565915777850053203e-01 6.219995617866516113e-01 6.525037729200204861e-01
6.113795042037963867e-01 6.530952014017028517e-01 6.127113103866577148e-01 6.533902842847719716e-01
6.134371161460876465e-01 6.505589577737488360e-01 6.170945763587951660e-01 6.487869321740113993e-01
6.105743646621704102e-01 6.501782506858967414e-01 5.920475721359252930e-01 6.535991339090347907e-01
6.164340376853942871e-01 6.468832339577564872e-01 6.152160167694091797e-01 6.449388375214608615e-01
6.207729578018188477e-01 6.439364788719528221e-01 6.230431795120239258e-01 6.410776315390305236e-01
6.185811161994934082e-01 6.424602636136614864e-01 6.226257681846618652e-01 6.384549084945850828e-01
6.126319766044616699e-01 6.482756741146299406e-01 6.126069426536560059e-01 6.435251405407804715e-01
6.169708371162414551e-01 6.448858618245694174e-01 6.232519149780273438e-01 6.409696507518611863e-01
6.244856119155883789e-01 6.382512913916528197e-01 6.268002390861511230e-01 6.338107614396782941e-01
6.276167631149291992e-01 6.354973661300213905e-01 6.277394890785217285e-01 6.349173192315050729e-01
6.267668604850769043e-01 6.355660163368686000e-01 6.190774440765380859e-01 6.371808191650571995e-01
6.278851032257080078e-01 6.340614143798337654e-01 6.258609890937805176e-01 6.309123518844657053e-01
6.246645450592041016e-01 6.341259524314172280e-01 6.314965486526489258e-01 6.314908688313725094e-01
6.324029564857482910e-01 6.274951170096139119e-01 6.239824891090393066e-01 6.318763044626423131e-01
6.311951875686645508e-01 6.307189928907297460e-01 6.362972259521484375e-01 6.269955153605605291e-01
6.321792602539062500e-01 6.262202408130745912e-01 6.365059614181518555e-01 6.264205882903106648e-01
6.338790655136108398e-01 6.238833383128306043e-01 6.415153145790100098e-01 6.174933356125055228e-01
6.340132355690002441e-01 6.260682961919009637e-01 6.386975646018981934e-01 6.186018530298836859e-01
6.405886411666870117e-01 6.231386753885279628e-01 6.407848000526428223e-01 6.193779679958070217e-01
6.381284594535827637e-01 6.219270221981001434e-01 6.355667114257812500e-01 6.220903390385964515e-01
6.420647501945495605e-01 6.193747967828213685e-01 6.468378305435180664e-01 6.150958404439497151e-01
6.454195976257324219e-01 6.151495753577664871e-01 6.391150355339050293e-01 6.188451615785214299e-01
6.444355249404907227e-01 6.165953188958631648e-01 6.456898450851440430e-01 6.115290337205057103e-01
6.469404101371765137e-01 6.156167153233725875e-01 6.335837841033935547e-01 6.188163144109244396e-01
6.492216587066650391e-01 6.115845806548753094e-01 6.480901837348937988e-01 6.115505669963456903e-01
6.482823491096496582e-01 6.105224123942145642e-01 6.463159918785095215e-01 6.085773484116181464e-01
6.500268578529357910e-01 6.068245164608780939e-01 6.476727128028869629e-01 6.059595666183507090e-01
6.526212096214294434e-01 6.069874451441550356e-01 6.478814482688903809e-01 6.117037152900648422e-01
6.534711122512817383e-01 6.047553538017695907e-01 6.550824642181396484e-01 6.052818961567482114e-01
6.531132459640502930e-01 6.062192010162853473e-01 6.455854773521423340e-01 6.057642407293882814e-01
6.532921791076660156e-01 6.043349287445504148e-01 6.462116241455078125e-01 6.088366601417866120e-01
6.535605788230895996e-01 6.057073476703164205e-01 6.530995368957519531e-01 6.012717264351976620e-01
6.565127968788146973e-01 6.006704292862162786e-01 6.544562578201293945e-01 6.097408875595973221e-01
6.649668812751770020e-01 5.983181624490174766e-01 6.612398028373718262e-01 5.899678817051134949e-01
6.609858870506286621e-01 5.960425577963117671e-01 6.527864933013916016e-01 6.019978812631150422e-01
6.605833172798156738e-01 5.960433963245644895e-01 6.584220528602600098e-01 5.974975463568206191e-01
6.626409292221069336e-01 5.946277444297373149e-01 6.529952287673950195e-01 6.003864491018217064e-01
6.628198027610778809e-01 5.927575095584171061e-01 6.544562578201293945e-01 5.982725882525236072e-01
6.654142141342163086e-01 5.897715268951555512e-01 6.635357737541198730e-01 5.968604401590629216e-01
6.638038754463195801e-01 5.902988322307137770e-01 6.548737287521362305e-01 6.027071636719883996e-01
6.650116443634033203e-01 5.893286624541754781e-01 6.615529060363769531e-01 5.936813576190115294e-01
6.669797897338867188e-01 5.903822439986833315e-01 6.591525673866271973e-01 5.948788126807351695e-01
6.690374016761779785e-01 5.861224700521966424e-01 6.614485383033752441e-01 5.925307720370841524e-01
6.700661778450012207e-01 5.842940914308818456e-01 6.562304496765136719e-01 6.010305880256148203e-01
6.662193536758422852e-01 5.876448404108567392e-01 6.599874496459960938e-01 5.985020698049924315e-01
6.738235950469970703e-01 5.829451424232171552e-01 6.657273769378662109e-01 5.876873308869300372e-01
6.720790863037109375e-01 5.833554055870358024e-01 6.663535833358764648e-01 5.830161164061208323e-01
6.735998988151550293e-01 5.783113565827167069e-01 6.583176851272583008e-01 5.902361704969276701e-01
6.783860921859741211e-01 5.737572337203641348e-01 6.551868319511413574e-01 5.999266084363679141e-01
6.745392680168151855e-01 5.738043782215763722e-01 6.594656705856323242e-01 5.877006390576968720e-01
6.738235950469970703e-01 5.759019534305034327e-01 6.657273769378662109e-01 5.814189734600252457e-01
6.735104918479919434e-01 5.761873856984047748e-01 6.599874496459960938e-01 5.891015540082975566e-01
6.763732433319091797e-01 5.748701939473618294e-01 6.665623188018798828e-01 5.847520605553866435e-01
6.785650253295898438e-01 5.763231177815471007e-01 6.727196574211120605e-01 5.798540044567376261e-01
6.785203218460083008e-01 5.709883675611089338e-01 6.646837592124938965e-01 5.912102374272116823e-01
6.820092797279357910e-01 5.684232769807606722e-01 6.718847751617431641e-01 5.742225345030529393e-01
6.832617521286010742e-01 5.671106423242165961e-01 6.723022460937500000e-01 5.805996528897995335e-01
6.820987462997436523e-01 5.672550297291083510e-01 6.710498929023742676e-01 5.763149486407186384e-01
6.805779337882995605e-01 5.645941815407848896e-01 6.649968624114990234e-01 5.803547324902378346e-01
6.850062608718872070e-01 5.633266552400238991e-01 6.605092883110046387e-01 5.900601243032241872e-01
6.869744062423706055e-01 5.594377277532616155e-01 6.699019074440002441e-01 5.797279592447155405e-01
6.839327216148376465e-01 5.609183811847074930e-01 6.695888042449951172e-01 5.779610449524817950e-01
6.811594367027282715e-01 5.662921645343144128e-01 6.756418347358703613e-01 5.710304137362092192e-01
6.817856431007385254e-01 5.606938755390660223e-01 6.767898201942443848e-01 5.763704486889521528e-01
6.846036911010742188e-01 5.616756687652320057e-01 6.766854524612426758e-01 5.696827340439549747e-01
6.884058117866516113e-01 5.590220938686139007e-01 6.727196574211120605e-01 5.757761275039239290e-01
6.893451213836669922e-01 5.572485391495158868e-01 6.793988943099975586e-01 5.665166156323312441e-01
6.923421025276184082e-01 5.531736466960971432e-01 6.800250411033630371e-01 5.671511309626107167e-01
6.891214847564697266e-01 5.591479978081066449e-01 6.763723492622375488e-01 5.716901485244657577e-01
6.901950240135192871e-01 5.522790482078773211e-01 6.817992329597473145e-01 5.724155150806448100e-01
6.865718364715576172e-01 5.582804286558867846e-01 6.717804074287414551e-01 5.767897195045695868e-01
6.901503205299377441e-01 5.513515986767453247e-01 6.811730265617370605e-01 5.642166461657940335e-01
6.923421025276184082e-01 5.494132633818392675e-01 6.796075701713562012e-01 5.617468428124069435e-01
6.948470473289489746e-01 5.488999233004402400e-01 6.834689974784851074e-01 5.602258435745772758e-01
6.969493627548217773e-01 5.486283505148485951e-01 6.841995120048522949e-01 5.713379602172483640e-01
6.973519325256347656e-01 5.477623483281076622e-01 6.882696747779846191e-01 5.613124378661575875e-01
6.924762725830078125e-01 5.468646408855051266e-01 6.831558942794799805e-01 5.685997394200681399e-01
6.907765269279479980e-01 5.518940495056167128e-01 6.812773942947387695e-01 5.637361608201491014e-01
6.973966956138610840e-01 5.495230151984575873e-01 6.749113202095031738e-01 5.786828748046717319e-01
6.953390836715698242e-01 5.453898334336805265e-01 6.870173215866088867e-01 5.566672839518256310e-01
6.959205865859985352e-01 5.450334310488957890e-01 6.800250411033630371e-01 5.605156487722880998e-01
6.933708786964416504e-01 5.493865294562274570e-01 6.784595847129821777e-01 5.650148865724251568e-01
6.971282958984375000e-01 5.444669257892780223e-01 6.725109815597534180e-01 5.871946829217780106e-01
6.969046592712402344e-01 5.445525950471752363e-01 6.869129538536071777e-01 5.553538124488156535e-01
6.951153874397277832e-01 5.448476218498975454e-01 6.782509088516235352e-01 5.646003903861932516e-01
7.008856534957885742e-01 5.406158538320278151e-01 6.850344538688659668e-01 5.616516749462238112e-01
6.989622712135314941e-01 5.390275819055465600e-01 6.918179988861083984e-01 5.578146595169621857e-01
7.032116651535034180e-01 5.386932542486595477e-01 6.940096020698547363e-01 5.542732757980602942e-01
6.996779441833496094e-01 5.385626359646255024e-01 6.922354698181152344e-01 5.510061275384242618e-01
7.035247683525085449e-01 5.384103806933001612e-01 6.883740425109863281e-01 5.533774108832973937e-01
7.002594470977783203e-01 5.410186442488057468e-01 6.782509088516235352e-01 5.753074161968060318e-01
7.016013860702514648e-01 5.384868878033362005e-01 6.917136311531066895e-01 5.535775256589866578e-01
6.972177624702453613e-01 5.419059221103379453e-01 6.926528811454772949e-01 5.580019004793810300e-01
7.020486593246459961e-01 5.381556084083943814e-01 6.859737038612365723e-01 5.599419655493320658e-01
