5.507246255874633789e-01 6.864181955548769309e-01 5.852640271186828613e-01 6.712513421453182305e-01
5.816335678100585938e-01 6.717465215109823529e-01 5.820288062095642090e-01 6.703867693455973775e-01
5.856146216392517090e-01 6.686083713250118299e-01 5.954915285110473633e-01 6.636790057682737665e-01
5.922794938087463379e-01 6.603646218979331017e-01 6.049885153770446777e-01 6.600034067462068332e-01
6.012256145477294922e-01 6.565973475658097858e-01 6.065539717674255371e-01 6.545651132566300268e-01
6.059671044349670410e-01 6.541388886604950770e-01 6.022750735282897949e-01 6.523799628759570091e-01
6.080694198608398438e-01 6.521040852156451129e-01 6.184512376785278320e-01 6.457634086251582417e-01
6.128556132316589355e-01 6.509050539512927225e-01 6.102066636085510254e-01 6.521665487128194272e-01
6.118715405464172363e-01 6.477935748229110002e-01 6.057190299034118652e-01 6.480984680340599047e-01
6.154499650001525879e-01 6.477361483018498900e-01 6.259653568267822266e-01 6.389501575163624159e-01
6.229200363159179688e-01 6.414269365678214596e-01 6.215821504592895508e-01 6.373438610584694075e-01
6.242172122001647949e-01 6.406203685836601158e-01 6.213734149932861328e-01 6.349567840502919891e-01
6.212649941444396973e-01 6.398213099848927277e-01 6.162596344947814941e-01 6.399647701112544107e-01
6.236357092857360840e-01 6.377766234735231521e-01 6.166771054267883301e-01 6.390427098322004618e-01
6.254696846008300781e-01 6.361104874155307787e-01 6.151116490364074707e-01 6.396996977682080088e-01
6.298085451126098633e-01 6.322560926673023163e-01 6.352536082267761230e-01 6.286640026902287071e-01
6.330291628837585449e-01 6.309374771128402060e-01 6.372364759445190430e-01 6.271833545403747712e-01
6.373233199119567871e-01 6.264049758060521444e-01 6.381757259368896484e-01 6.233253830834286635e-01
6.350420713424682617e-01 6.254525543176374658e-01 6.353579759597778320e-01 6.247574844879886236e-01
6.412149071693420410e-01 6.231326292550378732e-01 6.444374918937683105e-01 6.177237146932330614e-01
6.387994289398193359e-01 6.221897961266203980e-01 6.433938741683959961e-01 6.209265556621094140e-01
6.404991745948791504e-01 6.244330835973753713e-01 6.416196823120117188e-01 6.179043464634766947e-01
6.454195976257324219e-01 6.182765804776396701e-01 6.479858160018920898e-01 6.155982108336106595e-01
6.461799740791320801e-01 6.150628018089133731e-01 6.451680064201354980e-01 6.172697235562064622e-01
6.421095132827758789e-01 6.195398022011282535e-01 6.477770805358886719e-01 6.134563606956313642e-01
6.444802284240722656e-01 6.120938148411512181e-01 6.334794163703918457e-01 6.217116454378643908e-01
6.447486281394958496e-01 6.146850791658308166e-01 6.451680064201354980e-01 6.148211398420292406e-01
6.489980220794677734e-01 6.098740478921904629e-01 6.482989192008972168e-01 6.106157238785495656e-01
6.507425308227539062e-01 6.085562227364835763e-01 6.496555805206298828e-01 6.069618318579038663e-01
6.493111252784729004e-01 6.083672957207909571e-01 6.560217142105102539e-01 6.043017300577110396e-01
6.565127968788146973e-01 6.063037661965193781e-01 6.537257432937622070e-01 6.062091983103647941e-01
6.549919247627258301e-01 6.063429735964879219e-01 6.572740674018859863e-01 6.018432593748729298e-01
6.580336093902587891e-01 6.014080824526077951e-01 6.567522287368774414e-01 5.993658116853602946e-01
6.546341180801391602e-01 6.060942517429200871e-01 6.514297723770141602e-01 6.062062382076011113e-01
6.566469669342041016e-01 6.002797035203464304e-01 6.545606255531311035e-01 5.990956429896735491e-01
6.631776690483093262e-01 5.956642187373286657e-01 6.517428755760192871e-01 6.029381181844911675e-01
6.621041297912597656e-01 5.969387840384297039e-01 6.617616415023803711e-01 5.984542161829659035e-01
6.630882024765014648e-01 5.924459717891834565e-01 6.530995368957519531e-01 5.960430261163666144e-01
6.665324568748474121e-01 5.935961742438662370e-01 6.625965237617492676e-01 5.952103167081820301e-01
6.616120934486389160e-01 5.912809260822745605e-01 6.610311269760131836e-01 5.924865962990737422e-01
6.651458144187927246e-01 5.921129805390321632e-01 6.627008914947509766e-01 5.944181827482662994e-01
6.699767112731933594e-01 5.919190536012033377e-01 6.576914787292480469e-01 5.936049432825181160e-01
6.699320077896118164e-01 5.868174082841700612e-01 6.640576124191284180e-01 5.911923234757837653e-01
6.706029772758483887e-01 5.828562453215867523e-01 6.586307883262634277e-01 5.998348705307274820e-01
6.638933420181274414e-01 5.901507046210315854e-01 6.677103042602539062e-01 5.911590973386882109e-01
6.702898740768432617e-01 5.850382234376623192e-01 6.688582897186279297e-01 5.824317420929813194e-01
6.712291836738586426e-01 5.846697930616521210e-01 6.566478610038757324e-01 5.972657010839418357e-01
6.634460687637329102e-01 5.924496697193609718e-01 6.719891428947448730e-01 5.889363704034267233e-01
6.697530746459960938e-01 5.838763591300014655e-01 6.699019074440002441e-01 5.830857504810029734e-01
6.790123581886291504e-01 5.776981851094352693e-01 6.708411574363708496e-01 5.836565326833197398e-01
6.735551953315734863e-01 5.796113238498464826e-01 6.731371283531188965e-01 5.850774281534016907e-01
6.720343828201293945e-01 5.803179019123267945e-01 6.716760396957397461e-01 5.875828259798908659e-01
6.746734380722045898e-01 5.812011673169350523e-01 6.613441705703735352e-01 5.942403298657464861e-01
6.769547462463378906e-01 5.789228855955683706e-01 6.648924946784973145e-01 5.886947312575993019e-01
6.769099831581115723e-01 5.755407055688258611e-01 6.673972010612487793e-01 5.813692103619616525e-01
6.809805035591125488e-01 5.702340580585668617e-01 6.774159669876098633e-01 5.789412973669072482e-01
6.829039454460144043e-01 5.695847959035538199e-01 6.682320833206176758e-01 5.792221120045295546e-01
6.733315587043762207e-01 5.769514162076737618e-01 6.731371283531188965e-01 5.810997486487731178e-01
6.783860921859741211e-01 5.725897062249251102e-01 6.676059365272521973e-01 5.803204737160455595e-01
6.806674003601074219e-01 5.741597341283912748e-01 6.697975397109985352e-01 5.769579178777872741e-01
6.811146736145019531e-01 5.720992788557802688e-01 6.781465411186218262e-01 5.758916080508095225e-01
6.804884672164916992e-01 5.698816524696895813e-01 6.695888042449951172e-01 5.782990595463844974e-01
6.791018247604370117e-01 5.704889414476397302e-01 6.647881269454956055e-01 5.775783777460875568e-01
6.837985515594482422e-01 5.653411269209256407e-01 6.784595847129821777e-01 5.697373120801181301e-01
6.873769760131835938e-01 5.616746943055420660e-01 6.685451865196228027e-01 5.834100411520997120e-01
6.870638728141784668e-01 5.647985692270797164e-01 6.782509088516235352e-01 5.739446610454924658e-01
6.839327216148376465e-01 5.659611128506580879e-01 6.803381443023681641e-01 5.690843910445402276e-01
6.919395327568054199e-01 5.585055250689816564e-01 6.768941879272460938e-01 5.709370562911307845e-01
6.840668916702270508e-01 5.623369695441116090e-01 6.741807460784912109e-01 5.785773387410102497e-01
6.881374120712280273e-01 5.625139334948763281e-01 6.761636137962341309e-01 5.716362705660672505e-01
6.906423568725585938e-01 5.595906222628063142e-01 6.783552765846252441e-01 5.704530410342613100e-01
6.879584789276123047e-01 5.593551648475761917e-01 6.821122765541076660e-01 5.686741288906098646e-01
6.910449266433715820e-01 5.566765522675302114e-01 6.725109815597534180e-01 5.796791350286655264e-01
6.866613030433654785e-01 5.580886825292603604e-01 6.711542606353759766e-01 5.832432243600566002e-01
6.890767812728881836e-01 5.576265989230386744e-01 6.805468797683715820e-01 5.741165730704894665e-01
6.920289993286132812e-01 5.547765596839903113e-01 6.860780715942382812e-01 5.674291535872951764e-01
6.893898844718933105e-01 5.565450774640041676e-01 6.871216893196105957e-01 5.660864083285720438e-01
6.912238597869873047e-01 5.545362886258028423e-01 6.861824393272399902e-01 5.637393739596211484e-01
6.898819208145141602e-01 5.588000614371362307e-01 6.790857911109924316e-01 5.700283149567160201e-01
6.925210356712341309e-01 5.532049519321662334e-01 6.812773942947387695e-01 5.682135342282658153e-01
6.928788423538208008e-01 5.535238262663845221e-01 6.731371283531188965e-01 5.700482198724764471e-01
6.952943205833435059e-01 5.486697364971108160e-01 6.813817620277404785e-01 5.648889605821335591e-01
6.955179572105407715e-01 5.469767154169585810e-01 6.871216893196105957e-01 5.609712430142430595e-01
6.930130720138549805e-01 5.505416926831716573e-01 6.638488769531250000e-01 5.860619064637401232e-01
6.933261752128601074e-01 5.518996267524339805e-01 6.892089247703552246e-01 5.613324656115272759e-01
6.990069746971130371e-01 5.459922799208356547e-01 6.952619552612304688e-01 5.572243422686593561e-01
6.943102478981018066e-01 5.528721219419601152e-01 6.872260570526123047e-01 5.615645759515238700e-01
6.947575807571411133e-01 5.473061409464119453e-01 6.844082474708557129e-01 5.600371326690575247e-01
7.036142349243164062e-01 5.429796447457856390e-01 6.879565715789794922e-01 5.601783381501709291e-01
6.990517377853393555e-01 5.455710866792958802e-01 6.876435279846191406e-01 5.593369819007718569e-01
6.922079324722290039e-01 5.520172538580717658e-01 6.816948652267456055e-01 5.656875950437676437e-01
6.971282958984375000e-01 5.450886410535565885e-01 6.855562329292297363e-01 5.617296900114220337e-01
6.965020298957824707e-01 5.447944188762124940e-01 6.790857911109924316e-01 5.737199101062886442e-01
6.977992653846740723e-01 5.448261275874158871e-01 6.785639524459838867e-01 5.689946797465860184e-01
6.957416534423828125e-01 5.446570282397062979e-01 6.910874843597412109e-01 5.565646318024818351e-01
6.963231563568115234e-01 5.432360645888166806e-01 6.870173215866088867e-01 5.586051679657785263e-01
7.010645866394042969e-01 5.404127243487005794e-01 6.845126152038574219e-01 5.622609923911527918e-01
7.009304165840148926e-01 5.388454430686444585e-01 6.864954829216003418e-01 5.602400885123943741e-01
7.000805139541625977e-01 5.423503923787267311e-01 6.837821006774902344e-01 5.610993579169997192e-01
6.984254717826843262e-01 5.450190884159639149e-01 6.918179988861083984e-01 5.571730642596407490e-01
