5.224547982215881348e-01 7.516272479358652170e-01 5.553120374679565430e-01 6.798091251002650326e-01
5.375290513038635254e-01 7.157661222050752947e-01 5.665831565856933594e-01 6.744079553391734150e-01
5.475487709045410156e-01 7.030952218543397025e-01 5.758714079856872559e-01 6.729526088322859145e-01
5.585525035858154297e-01 6.910443093423063177e-01 5.792109966278076172e-01 6.722121471976517659e-01
5.633386969566345215e-01 6.875123638099155388e-01 5.822375416755676270e-01 6.691159504337267361e-01
5.658436417579650879e-01 6.834835052426246893e-01 5.891254544258117676e-01 6.685384505105103070e-01
5.697351694107055664e-01 6.825199060543296614e-01 5.894385576248168945e-01 6.675340606658201059e-01
5.708087086677551270e-01 6.796497102712855121e-01 5.967438817024230957e-01 6.668446356979995659e-01
5.759974718093872070e-01 6.776779624191074936e-01 5.896472334861755371e-01 6.665388843108009942e-01
5.843621492385864258e-01 6.731859558936968968e-01 5.944479107856750488e-01 6.651013220583215091e-01
5.830202102661132812e-01 6.731965324814278562e-01 5.943435430526733398e-01 6.649017020347744999e-01
5.865986943244934082e-01 6.707160708345012434e-01 6.019620299339294434e-01 6.642765891226017905e-01
5.840937495231628418e-01 6.703759395792523446e-01 6.005009412765502930e-01 6.636635871626245242e-01
5.894166827201843262e-01 6.677974991901634017e-01 6.026925444602966309e-01 6.624709759891169725e-01
5.894614458084106445e-01 6.683144043950408619e-01 6.006053090095520020e-01 6.630173163308502593e-01
5.848988890647888184e-01 6.678477961148104880e-01 5.958046317100524902e-01 6.636045541053673391e-01
5.906691551208496094e-01 6.662813497476958169e-01 5.987268090248107910e-01 6.638293866697171364e-01
5.881642699241638184e-01 6.661560160035757683e-01 5.918388366699218750e-01 6.644836685598282111e-01
5.896403789520263672e-01 6.659489241177887209e-01 5.997704267501831055e-01 6.632052693827817924e-01
5.916979908943176270e-01 6.662340056471757199e-01 5.981006026268005371e-01 6.631885648918310894e-01
5.879405736923217773e-01 6.655204171229185395e-01 6.031100153923034668e-01 6.615344387109979296e-01
5.891483426094055176e-01 6.638782813566531660e-01 5.884992480278015137e-01 6.650914520964545940e-01
5.943818092346191406e-01 6.646139571290895498e-01 6.003965735435485840e-01 6.620298762382184066e-01
5.971998572349548340e-01 6.635016361189818301e-01 5.972657203674316406e-01 6.615597264200878680e-01
5.958579182624816895e-01 6.634238677772218429e-01 5.970569849014282227e-01 6.621495237979478921e-01
5.966183543205261230e-01 6.630691548839070526e-01 5.958046317100524902e-01 6.640544969909650819e-01
5.918769240379333496e-01 6.642491771723081362e-01 6.018576622009277344e-01 6.613679007830984835e-01
5.949186086654663086e-01 6.631921079402363084e-01 6.034230589866638184e-01 6.618524181944819285e-01
6.015834808349609375e-01 6.613530435466579149e-01 6.012314558029174805e-01 6.610760169247201778e-01
5.949633121490478516e-01 6.623462822510232106e-01 6.014401912689208984e-01 6.608300440571697187e-01
5.993916392326354980e-01 6.616951197220486414e-01 6.009184122085571289e-01 6.615233099602428890e-01
5.976024270057678223e-01 6.617097905804505409e-01 6.014401912689208984e-01 6.613666785830770722e-01
5.963499546051025391e-01 6.615494144348920136e-01 5.973700881004333496e-01 6.618801435979366765e-01
5.967525243759155273e-01 6.615353472801457357e-01 5.974744558334350586e-01 6.615540179597189097e-01
5.946054458618164062e-01 6.631471056015894039e-01 6.001878380775451660e-01 6.612314254424935811e-01
5.958579182624816895e-01 6.615564721623310440e-01 6.030056476593017578e-01 6.618551619738135550e-01
5.998389720916748047e-01 6.607332983177364172e-01 6.047797799110412598e-01 6.612251995501102764e-01
5.967078208923339844e-01 6.616126032395190926e-01 5.984137058258056641e-01 6.611366328205801057e-01
6.004204750061035156e-01 6.595149900431623857e-01 6.016489267349243164e-01 6.613328385343135718e-01
5.980497598648071289e-01 6.621403755794421642e-01 5.923606753349304199e-01 6.627341461216474938e-01
5.977365970611572266e-01 6.608825096249644204e-01 5.999791026115417480e-01 6.611772300032080496e-01
5.991680026054382324e-01 6.601530907938574222e-01 5.906908512115478516e-01 6.654420676049248584e-01
5.951869487762451172e-01 6.607397711965943277e-01 6.002922058105468750e-01 6.601646508585309325e-01
5.971998572349548340e-01 6.604514488339487954e-01 6.020663976669311523e-01 6.591265398757837346e-01
6.018965840339660645e-01 6.598490833873547068e-01 6.017532944679260254e-01 6.595853217781224576e-01
5.979602932929992676e-01 6.597268275422003558e-01 6.053016185760498047e-01 6.596046463603690846e-01
6.005099415779113770e-01 6.594905197503080352e-01 5.928825139999389648e-01 6.631866559258733362e-01
5.981392264366149902e-01 6.605677543780227312e-01 6.021707653999328613e-01 6.602591322449198330e-01
5.984075665473937988e-01 6.597800982363174471e-01 6.027969121932983398e-01 6.594490321810672073e-01
5.997048020362854004e-01 6.589594354013527111e-01 5.948653817176818848e-01 6.631118643883497921e-01
5.957237482070922852e-01 6.599836866188868445e-01 6.010227799415588379e-01 6.594129719805852385e-01
6.008677482604980469e-01 6.599711841580522265e-01 6.008140444755554199e-01 6.609961088677582808e-01
6.003310084342956543e-01 6.595403150318559504e-01 5.997704267501831055e-01 6.592606537726746208e-01
6.007783412933349609e-01 6.594181256807005731e-01 6.061365008354187012e-01 6.594103966021035435e-01
5.956342816352844238e-01 6.592352361174853570e-01 6.067627072334289551e-01 6.593836173088608588e-01
6.010019779205322266e-01 6.589543620532047896e-01 6.031100153923034668e-01 6.601403813425819056e-01
5.982733964920043945e-01 6.589987896960032288e-01 6.044667363166809082e-01 6.593070440390891296e-01
6.011809110641479492e-01 6.582579672240597146e-01 6.034230589866638184e-01 6.597371561570546383e-01
5.985864996910095215e-01 6.583986331086014721e-01 5.917345285415649414e-01 6.643651622094631781e-01
5.979155302047729492e-01 6.592737342339122231e-01 5.913170576095581055e-01 6.648910426690418651e-01
5.993469357490539551e-01 6.590118490107521598e-01 5.874556303024291992e-01 6.642117864078879164e-01
5.995258688926696777e-01 6.585169447558278932e-01 5.963264703750610352e-01 6.616311079648112825e-01
6.008677482604980469e-01 6.586272257622974857e-01 6.057190299034118652e-01 6.582469331449318783e-01
6.014940142631530762e-01 6.577294563368365488e-01 6.054059863090515137e-01 6.582878979081974169e-01
6.022096872329711914e-01 6.582369001015372367e-01 6.092673540115356445e-01 6.585749646139851254e-01
5.998389720916748047e-01 6.580048540684080294e-01 6.041536331176757812e-01 6.585919334007140913e-01
6.029701232910156250e-01 6.576715324811889252e-01 6.117720603942871094e-01 6.580184427265134417e-01
6.005994081497192383e-01 6.583685712836513382e-01 6.080150008201599121e-01 6.584262480394398320e-01
5.991680026054382324e-01 6.583788673701536087e-01 6.047797799110412598e-01 6.577567126601157055e-01
5.991232991218566895e-01 6.578335847021066218e-01 5.957002639770507812e-01 6.617418166690867132e-01
6.004204750061035156e-01 6.577513576684345109e-01 6.062408685684204102e-01 6.582450215539312754e-01
6.020755171775817871e-01 6.580968291116626734e-01 6.093717217445373535e-01 6.583024928848968393e-01
6.017176508903503418e-01 6.574190055178623648e-01 6.067627072334289551e-01 6.580793502260613437e-01
6.028806567192077637e-01 6.574011066877515352e-01 6.065539717674255371e-01 6.586558062282292791e-01
6.031937599182128906e-01 6.565231405935767484e-01 6.086412072181701660e-01 6.583075253034379459e-01
6.022544503211975098e-01 6.576210181366289875e-01 6.044667363166809082e-01 6.581927763223897054e-01
6.024780869483947754e-01 6.577494679911018993e-01 6.043623685836791992e-01 6.580263357450110151e-01
6.012256145477294922e-01 6.568897792575909556e-01 6.068670153617858887e-01 6.574954466291270672e-01
6.032832264900207520e-01 6.572418126613728262e-01 6.058233976364135742e-01 6.575056962766868685e-01
6.018071174621582031e-01 6.574724082401600667e-01 5.997704267501831055e-01 6.584087322360910877e-01
6.051619052886962891e-01 6.555395577456831768e-01 6.047797799110412598e-01 6.585862760975773611e-01
6.015834808349609375e-01 6.570440327402389258e-01 6.007096767425537109e-01 6.589654224373259206e-01
6.015834808349609375e-01 6.573668289299748890e-01 5.932999253273010254e-01 6.610495821590141041e-01
6.043567657470703125e-01 6.557829937262577014e-01 5.951784849166870117e-01 6.640665869179360747e-01
6.021649837493896484e-01 6.562376307404559350e-01 6.056147217750549316e-01 6.580096231923175942e-01
6.012703776359558105e-01 6.562841699596465572e-01 6.057190299034118652e-01 6.572938780898068822e-01
6.053856015205383301e-01 6.561564280876299726e-01 6.119807958602905273e-01 6.568134295942887890e-01
6.007783412933349609e-01 6.567805745687397279e-01 6.023794412612915039e-01 6.588585674824930516e-01
6.039094924926757812e-01 6.562356285618891061e-01 6.005009412765502930e-01 6.582787909007127292e-01
6.026570200920104980e-01 6.556967951185397325e-01 6.104153394699096680e-01 6.563470810123038790e-01
6.058776378631591797e-01 6.562056301275291936e-01 6.101022958755493164e-01 6.564241009125801884e-01
6.044015288352966309e-01 6.564109058473122094e-01 6.128156781196594238e-01 6.569172946875788677e-01
6.050724387168884277e-01 6.552975521912662860e-01 6.137549281120300293e-01 6.567338075550233079e-01
6.063249111175537109e-01 6.565286152839319156e-01 6.007096767425537109e-01 6.583170871897844334e-01
6.025227904319763184e-01 6.564772605554727303e-01 6.102066636085510254e-01 6.570216103053944101e-01
6.043567657470703125e-01 6.550138810918463284e-01 5.968482494354248047e-01 6.622060961948260660e-01
6.035516262054443359e-01 6.559587545675590325e-01 6.055103540420532227e-01 6.571381684261282663e-01
6.067274808883666992e-01 6.545713636247645351e-01 6.079106926918029785e-01 6.566254361092335179e-01
6.052513718605041504e-01 6.556900130612497435e-01 6.101022958755493164e-01 6.564947579206094064e-01
6.043120622634887695e-01 6.558893508295996488e-01 6.111459136009216309e-01 6.561328667709559470e-01
