4.955269396305084229e-01 7.969348874435929986e+01 4.990607500076293945e-01 2.293304750700878802e+00
4.943639338016510010e-01 6.780687460726159799e+00 5.009392499923706055e-01 1.241626690932440802e+01
5.029075145721435547e-01 1.227829083937356458e+01 4.990607500076293945e-01 1.176755911361894924e+01
4.886384010314941406e-01 8.859344978881962263e+00 4.990607500076293945e-01 3.174468096998035893e+00
4.998210668563842773e-01 3.097280686262959826e+00 4.990607500076293945e-01 9.837544334877809105e-01
4.983449578285217285e-01 9.365953796343718940e-01 4.990607500076293945e-01 8.314144997899305389e-01
5.045177936553955078e-01 7.774898067508663191e-01 5.009392499923706055e-01 7.429776795595679495e-01
4.999105334281921387e-01 7.467649459177659876e-01 4.990607500076293945e-01 6.956968286345482921e-01
4.984791576862335205e-01 7.132624247501139214e-01 5.009392499923706055e-01 7.300366892667334850e-01
4.965110123157501221e-01 7.097806785076371527e-01 5.009392499923706055e-01 6.937501805357633167e-01
5.055466294288635254e-01 7.073325153262270959e-01 4.990607500076293945e-01 7.168610541613010811e-01
4.976292848587036133e-01 7.195453401498321799e-01 5.009392499923706055e-01 7.220950675916383288e-01
5.033100843429565430e-01 7.266555935501689545e-01 4.990607500076293945e-01 7.134438785225731827e-01
4.986580908298492432e-01 7.264445921585115373e-01 5.009392499923706055e-01 6.947967301104766014e-01
5.001341700553894043e-01 7.248592151791832805e-01 5.009392499923706055e-01 7.042461854384901576e-01
5.026838183403015137e-01 7.065251270076801093e-01 5.009392499923706055e-01 6.975686511075762652e-01
4.997316300868988037e-01 7.131921489756186672e-01 5.009392499923706055e-01 6.975579109129191879e-01
4.988817274570465088e-01 7.027016510198145216e-01 4.990607500076293945e-01 6.934437666673844980e-01
5.009840726852416992e-01 6.992897315387074375e-01 4.990607500076293945e-01 7.143176393950814163e-01
5.006262063980102539e-01 7.028524914246847555e-01 4.990607500076293945e-01 6.932896687675432768e-01
5.020576119422912598e-01 7.078362596250429295e-01 5.009392499923706055e-01 6.972385122889990239e-01
4.987475275993347168e-01 7.065190460008337059e-01 5.009392499923706055e-01 7.034656113086327212e-01
5.027285814285278320e-01 7.080990754442493262e-01 4.990607500076293945e-01 6.944855213588275733e-01
5.001341700553894043e-01 7.095759879670388015e-01 4.990607500076293945e-01 6.975751117484551012e-01
4.933351278305053711e-01 7.025630202888909492e-01 4.990607500076293945e-01 7.455490478467055038e-01
4.949901700019836426e-01 7.025515989554250718e-01 4.990607500076293945e-01 6.956338382568471035e-01
4.963768124580383301e-01 7.016225686587764798e-01 4.990607500076293945e-01 6.948418445438862001e-01
4.995526969432830811e-01 7.050512327472177043e-01 5.009392499923706055e-01 6.935252142684042997e-01
5.004473328590393066e-01 6.964737219660327439e-01 5.009392499923706055e-01 6.948494391659311153e-01
5.010735392570495605e-01 6.969653564332145557e-01 5.009392499923706055e-01 6.931733888515821951e-01
5.072910785675048828e-01 6.967542060672714532e-01 4.990607500076293945e-01 7.273657373684330185e-01
4.983896911144256592e-01 7.057724295286996741e-01 4.990607500076293945e-01 6.994259657403965047e-01
4.992842972278594971e-01 7.002817916409405097e-01 5.009392499923706055e-01 6.933961202620066988e-01
5.031311511993408203e-01 6.980686203634446363e-01 4.990607500076293945e-01 6.932725016096892290e-01
5.020129084587097168e-01 6.992895084345440715e-01 4.990607500076293945e-01 6.938261249771547901e-01
5.036678910255432129e-01 7.027274306845550100e-01 5.009392499923706055e-01 6.937648086551833071e-01
4.992842972278594971e-01 6.946386795688942462e-01 5.009392499923706055e-01 7.023976743532307498e-01
4.981660544872283936e-01 6.984430921805055981e-01 4.990607500076293945e-01 6.932377468268176024e-01
5.012077093124389648e-01 6.952533631807662484e-01 4.990607500076293945e-01 7.016832270295803031e-01
5.021023154258728027e-01 6.951447732228033249e-01 4.990607500076293945e-01 6.943475385967263769e-01
4.996868968009948730e-01 6.962161834987763420e-01 4.990607500076293945e-01 6.958638988862926311e-01
4.965110123157501221e-01 6.949981329564354215e-01 4.990607500076293945e-01 6.932871139166475460e-01
4.984791576862335205e-01 6.962019058134714111e-01 4.990607500076293945e-01 6.939483544219886557e-01
4.989264607429504395e-01 6.952159725546858127e-01 5.009392499923706055e-01 6.932109375384176708e-01
4.954822063446044922e-01 6.963445677977381232e-01 4.990607500076293945e-01 6.973310004094775971e-01
4.995526969432830811e-01 6.958834812389032010e-01 4.990607500076293945e-01 6.942625999749266752e-01
4.962873458862304688e-01 6.947073094169533558e-01 4.990607500076293945e-01 6.931810977562959941e-01
5.013866424560546875e-01 6.953785629770712351e-01 4.990607500076293945e-01 6.931706540546246353e-01
4.992395639419555664e-01 6.958854159423246699e-01 4.990607500076293945e-01 6.932669797139734413e-01
5.024154782295227051e-01 6.950136488805113144e-01 5.009392499923706055e-01 6.946188101462943409e-01
4.998210668563842773e-01 6.946958756591877782e-01 5.009392499923706055e-01 6.939907910753655429e-01
4.980765879154205322e-01 6.972514660227466798e-01 5.009392499923706055e-01 6.935791039461881580e-01
5.012971758842468262e-01 6.973949803992917085e-01 5.009392499923706055e-01 6.932509123619651215e-01
5.015655755996704102e-01 6.943715272424983986e-01 5.009392499923706055e-01 6.931511399218942548e-01
5.004473328590393066e-01 6.956930680850000881e-01 4.990607500076293945e-01 6.960406774047320777e-01
5.014314055442810059e-01 6.946986519302829066e-01 5.009392499923706055e-01 6.932104033733106352e-01
5.056807994842529297e-01 6.949234225174505397e-01 4.990607500076293945e-01 6.934387775931520892e-01
5.020576119422912598e-01 6.948244572752254600e-01 4.990607500076293945e-01 6.940108816849117623e-01
5.022812485694885254e-01 6.954043664026183791e-01 5.009392499923706055e-01 6.934349277128483147e-01
4.964662790298461914e-01 6.972234206456450201e-01 4.990607500076293945e-01 6.961535687512282466e-01
5.035337209701538086e-01 6.967510269395906786e-01 4.990607500076293945e-01 6.932345695670774077e-01
4.993737637996673584e-01 6.942060329466605006e-01 5.009392499923706055e-01 6.936544789896705865e-01
4.952138066291809082e-01 6.963152088575487175e-01 5.009392499923706055e-01 6.935496279750927862e-01
4.982107579708099365e-01 6.964669324968214559e-01 5.009392499923706055e-01 6.931479227639916196e-01
4.982554912567138672e-01 6.952492421525261479e-01 5.009392499923706055e-01 6.940336908310794639e-01
4.945875704288482666e-01 6.970260386540352293e-01 5.009392499923706055e-01 6.933415313275614889e-01
5.005367398262023926e-01 6.960233335717672665e-01 4.990607500076293945e-01 6.937466740135458387e-01
5.026391148567199707e-01 6.952878403352228398e-01 4.990607500076293945e-01 6.933935010664599163e-01
4.990159273147583008e-01 6.970863664570424723e-01 4.990607500076293945e-01 6.948759848801284722e-01
4.991053938865661621e-01 6.955839421118195087e-01 5.009392499923706055e-01 6.936160555042122366e-01
4.932456612586975098e-01 6.949409009476513743e-01 5.009392499923706055e-01 6.935165470613365857e-01
4.955716729164123535e-01 6.953335173720003315e-01 5.009392499923706055e-01 6.931863765805131861e-01
4.974056184291839600e-01 6.978030394496804734e-01 5.009392499923706055e-01 6.931463260910402102e-01
5.015208721160888672e-01 6.968009710887780317e-01 4.990607500076293945e-01 6.934359880062016535e-01
5.046520233154296875e-01 6.964016791148482932e-01 4.990607500076293945e-01 6.944210531442356338e-01
4.966899156570434570e-01 6.961299488339276476e-01 5.009392499923706055e-01 6.943012163201643938e-01
4.956611096858978271e-01 6.965977959608131709e-01 5.009392499923706055e-01 6.941032888644972365e-01
4.945875704288482666e-01 6.976291726475475352e-01 4.990607500076293945e-01 6.931550050548161979e-01
4.964662790298461914e-01 6.961766681041502425e-01 4.990607500076293945e-01 6.932091336239356583e-01
5.020576119422912598e-01 6.976080314058121790e-01 5.009392499923706055e-01 6.935110416125713773e-01
4.962426126003265381e-01 6.955567210896707042e-01 5.009392499923706055e-01 6.931553894805151383e-01
5.008946061134338379e-01 6.959601853674054484e-01 4.990607500076293945e-01 6.934743676372719934e-01
4.974056184291839600e-01 6.956930834100805150e-01 5.009392499923706055e-01 6.936485067062799770e-01
5.017445087432861328e-01 6.965571909071103240e-01 5.009392499923706055e-01 6.945799766440801104e-01
4.986580908298492432e-01 6.968553700906088277e-01 5.009392499923706055e-01 6.953559139904013087e-01
4.973608851432800293e-01 6.978588796596147947e-01 5.009392499923706055e-01 6.931518519678635526e-01
5.002236366271972656e-01 6.958767093556749161e-01 4.990607500076293945e-01 6.932384630031860340e-01
5.001789331436157227e-01 6.978536687803345018e-01 4.990607500076293945e-01 6.935792535736277076e-01
4.988817274570465088e-01 6.961287684401367137e-01 4.990607500076293945e-01 6.938548772326592617e-01
5.035784840583801270e-01 6.972713116286457513e-01 4.990607500076293945e-01 6.933456164539992805e-01
4.970925152301788330e-01 6.955633773682560195e-01 5.009392499923706055e-01 6.947187532763520190e-01
4.997763335704803467e-01 6.978827619791500014e-01 5.009392499923706055e-01 6.933590759317354024e-01
5.012524724006652832e-01 6.984074802449018460e-01 4.990607500076293945e-01 6.970763094637693058e-01
4.982554912567138672e-01 6.975709875190081455e-01 5.009392499923706055e-01 6.931643636682988108e-01
5.012077093124389648e-01 6.983861438403468069e-01 4.990607500076293945e-01 6.931575571935825186e-01
4.957505762577056885e-01 6.968043409641195840e-01 5.009392499923706055e-01 6.932607056501887133e-01
4.982107579708099365e-01 6.953732172648111609e-01 5.009392499923706055e-01 6.932001278112288611e-01
5.021023154258728027e-01 6.965234916844507129e-01 5.009392499923706055e-01 6.957359571617148797e-01
5.042941570281982422e-01 6.978429250991030619e-01 4.990607500076293945e-01 6.934018862493798174e-01
4.987027943134307861e-01 6.977033634308648091e-01 4.990607500076293945e-01 6.932022831206579028e-01
