5.082304477691650391e-01 7.077918794398700975e-01 5.536422729492187500e-01 6.872856970545991873e-01
5.194578766822814941e-01 6.997449973611120644e-01 5.619912147521972656e-01 6.839167935393891673e-01
5.365002751350402832e-01 6.918622092689634684e-01 5.661657452583312988e-01 6.818290069665075004e-01
5.446860194206237793e-01 6.893486191813048558e-01 5.730536580085754395e-01 6.797025228711165434e-01
5.444176197052001953e-01 6.888241043434648603e-01 5.689834952354431152e-01 6.782232365586319256e-01
5.473250746726989746e-01 6.860772201937711534e-01 5.612607002258300781e-01 6.774273813206277417e-01
5.549740791320800781e-01 6.847683131577482207e-01 5.698184370994567871e-01 6.759552125317696003e-01
5.623099207878112793e-01 6.823013042332896072e-01 5.684617161750793457e-01 6.751642364147834030e-01
5.632939934730529785e-01 6.803004303032265110e-01 5.737841725349426270e-01 6.741950503472519118e-01
5.645017027854919434e-01 6.791465954418833828e-01 5.736798048019409180e-01 6.732819239099446795e-01
5.663356781005859375e-01 6.785292223157215474e-01 5.721144080162048340e-01 6.734607987054527234e-01
5.629808306694030762e-01 6.791403858728625176e-01 5.735754370689392090e-01 6.723708077702236219e-01
5.718375444412231445e-01 6.765380234064793941e-01 5.688791275024414062e-01 6.725008067943387680e-01
5.715691447257995605e-01 6.773204278340171358e-01 5.761845111846923828e-01 6.716786871198273667e-01
5.740293264389038086e-01 6.757274233691272780e-01 5.771237611770629883e-01 6.714330510290946741e-01
5.741635560989379883e-01 6.761094742116485756e-01 5.749321579933166504e-01 6.715988537957190418e-01
5.704509019851684570e-01 6.753679603194269188e-01 5.756626725196838379e-01 6.724407460514874035e-01
5.725085139274597168e-01 6.764276390703617414e-01 5.830724239349365234e-01 6.700105083011133056e-01
5.756843686103820801e-01 6.731472076702510465e-01 5.803589820861816406e-01 6.699247818181270908e-01
5.737609863281250000e-01 6.738886435826619836e-01 5.736798048019409180e-01 6.706656104735555513e-01
5.766237378120422363e-01 6.736857742417752259e-01 5.811939239501953125e-01 6.697080882673993596e-01
5.770263075828552246e-01 6.740154931873302280e-01 5.819244384765625000e-01 6.687468741562639929e-01
5.765342712402343750e-01 6.727439521527456279e-01 5.866207480430603027e-01 6.691658335746243358e-01
5.751923322677612305e-01 6.739695690402960349e-01 5.785848498344421387e-01 6.690833969420765248e-01
5.747897624969482422e-01 6.742010603844319494e-01 5.829680562019348145e-01 6.686070604081493229e-01
5.774288773536682129e-01 6.722307291477092051e-01 5.831767916679382324e-01 6.688194243799940875e-01
5.802916288375854492e-01 6.725186356962378209e-01 5.786892175674438477e-01 6.686352717679867608e-01
5.776078104972839355e-01 6.728204645631052916e-01 5.820288062095642090e-01 6.683112424814833252e-01
5.770710110664367676e-01 6.729706555237005006e-01 5.797328352928161621e-01 6.698565763014887597e-01
5.820809006690979004e-01 6.714374012331946195e-01 5.831767916679382324e-01 6.675337657155137050e-01
5.813651680946350098e-01 6.715988288051136790e-01 5.935086607933044434e-01 6.673175850931724051e-01
5.760422348976135254e-01 6.710300346802120508e-01 5.901690721511840820e-01 6.675895352722881482e-01
5.732689499855041504e-01 6.731695608624321814e-01 5.817157030105590820e-01 6.691895611125425747e-01
5.779209136962890625e-01 6.728763388785421462e-01 5.827593207359313965e-01 6.682698673282329027e-01
5.816335678100585938e-01 6.706764890098639853e-01 5.803589820861816406e-01 6.683406332071128997e-01
5.797548890113830566e-01 6.708319532805125940e-01 5.872468948364257812e-01 6.672659844278269192e-01
5.805153250694274902e-01 6.718912278524471482e-01 5.852640271186828613e-01 6.670492986775817812e-01
5.828412771224975586e-01 6.709616415230612585e-01 5.829680562019348145e-01 6.675946012938651641e-01
5.845857858657836914e-01 6.692078555711673538e-01 5.725318193435668945e-01 6.739018513051086012e-01
5.841385126113891602e-01 6.699113501570779228e-01 5.846378803253173828e-01 6.666714767527913699e-01
5.866433978080749512e-01 6.695946346542493988e-01 5.818200707435607910e-01 6.662013653647896883e-01
5.823940038681030273e-01 6.702455867699762537e-01 5.787935853004455566e-01 6.684069047390207574e-01
5.805600285530090332e-01 6.702234860097046054e-01 5.974744558334350586e-01 6.661786887770628773e-01
5.835122466087341309e-01 6.693356740045982578e-01 5.808808207511901855e-01 6.666187851395644071e-01
5.857934951782226562e-01 6.697072707533857638e-01 5.805677175521850586e-01 6.679961123264450684e-01
5.843173861503601074e-01 6.692412035967331141e-01 5.830724239349365234e-01 6.664817317172595512e-01
5.847647190093994141e-01 6.692193421615345583e-01 5.911083221435546875e-01 6.657870849545876046e-01
5.835122466087341309e-01 6.699198771086164461e-01 5.903778076171875000e-01 6.659600484771783790e-01
5.843621492385864258e-01 6.689293523832134936e-01 5.908995866775512695e-01 6.657720618470928109e-01
5.881642699241638184e-01 6.673526632741005882e-01 6.002922058105468750e-01 6.654063939824280682e-01
5.874038338661193848e-01 6.691146133346578262e-01 5.932999253273010254e-01 6.648444253675277471e-01
5.813651680946350098e-01 6.688524318266093616e-01 5.800459384918212891e-01 6.671187345928351053e-01
5.838253498077392578e-01 6.684411517578536799e-01 5.821331739425659180e-01 6.662734362756104201e-01
5.837806463241577148e-01 6.696091846290140870e-01 5.798372030258178711e-01 6.681774739954372544e-01
5.831544399261474609e-01 6.698089356413039486e-01 5.873512625694274902e-01 6.663001922047280257e-01
5.870012640953063965e-01 6.681066282982688342e-01 5.794197320938110352e-01 6.683589147516193485e-01
5.857934951782226562e-01 6.689301646657995759e-01 5.792109966278076172e-01 6.669301462432234429e-01
5.883879065513610840e-01 6.686479951683108602e-01 5.825506448745727539e-01 6.660806948843541742e-01
5.878511071205139160e-01 6.667706455457486081e-01 5.794197320938110352e-01 6.670533795989747050e-01
5.855698585510253906e-01 6.678555053021404397e-01 5.784804821014404297e-01 6.672372073650459923e-01
5.840937495231628418e-01 6.674059330084004538e-01 5.847422480583190918e-01 6.658535556289603141e-01
5.858829617500305176e-01 6.675976755090510251e-01 5.965351462364196777e-01 6.656224394710494874e-01
5.866881608963012695e-01 6.693376603248529788e-01 5.869338512420654297e-01 6.653397505901920139e-01
5.878958702087402344e-01 6.668008481758740391e-01 5.881862044334411621e-01 6.653573302529943723e-01
5.835570096969604492e-01 6.686167935924935968e-01 5.846378803253173828e-01 6.655679045428166685e-01
5.831991434097290039e-01 6.673369658592669396e-01 5.958046317100524902e-01 6.656198446846685046e-01
5.878958702087402344e-01 6.657921790244818450e-01 5.911083221435546875e-01 6.640842792834052988e-01
5.826176404953002930e-01 6.679103224109848025e-01 5.840116739273071289e-01 6.652764011041477632e-01
5.895509123802185059e-01 6.665680575272674435e-01 5.968482494354248047e-01 6.641511652619424000e-01
5.881642699241638184e-01 6.661544214273570352e-01 5.926737785339355469e-01 6.648898736541292154e-01
5.837806463241577148e-01 6.671518749127683945e-01 5.880818367004394531e-01 6.649888922714833894e-01
5.850778222084045410e-01 6.683960737216279036e-01 5.935086607933044434e-01 6.652658114824432367e-01
5.835122466087341309e-01 6.680386837703167213e-01 5.934042930603027344e-01 6.650729664455398149e-01
5.882984399795532227e-01 6.672183255599849483e-01 5.981006026268005371e-01 6.652150492383502867e-01
5.891930460929870605e-01 6.669930349225583477e-01 5.963264703750610352e-01 6.649063832698647314e-01
5.861513614654541016e-01 6.670413902117711125e-01 5.978918671607971191e-01 6.658284186545554428e-01
5.842279195785522461e-01 6.665721787154770261e-01 5.992485880851745605e-01 6.637717655744613809e-01
5.887010097503662109e-01 6.652195174337008909e-01 5.811939239501953125e-01 6.656204768099035496e-01
5.865539312362670898e-01 6.662049606738394969e-01 5.914214253425598145e-01 6.633939247269691197e-01
5.859277248382568359e-01 6.666372321675386736e-01 6.012314558029174805e-01 6.650888332616956555e-01
5.877169370651245117e-01 6.663195582446311827e-01 6.009184122085571289e-01 6.630346741339927519e-01
5.813204646110534668e-01 6.678738129183737771e-01 5.840116739273071289e-01 6.660231133762368749e-01
5.933977365493774414e-01 6.658483666455645711e-01 5.910039544105529785e-01 6.641425648130721004e-01
5.869565010070800781e-01 6.667093757142062982e-01 5.893341898918151855e-01 6.640971852254579089e-01
5.865092277526855469e-01 6.675553379640700724e-01 5.984137058258056641e-01 6.638697380065121667e-01
5.930846333503723145e-01 6.647414612757283070e-01 5.970569849014282227e-01 6.636981836218247555e-01
5.886115431785583496e-01 6.653993582337331958e-01 5.930911898612976074e-01 6.627975039058128237e-01
5.892378091812133789e-01 6.644714730202693209e-01 6.036317944526672363e-01 6.626913323080930729e-01
5.910270214080810547e-01 6.642203416843963648e-01 5.927781462669372559e-01 6.638431697244112639e-01
5.919216275215148926e-01 6.650786997700743886e-01 5.925694108009338379e-01 6.648204157308157392e-01
5.864197611808776855e-01 6.670035663135662762e-01 5.984137058258056641e-01 6.636966508705316459e-01
5.866433978080749512e-01 6.660385053237577457e-01 5.873512625694274902e-01 6.632221384054433067e-01
5.932188034057617188e-01 6.640036576846606309e-01 6.012314558029174805e-01 6.625496668224418739e-01
5.897745490074157715e-01 6.649534799775789207e-01 5.972657203674316406e-01 6.619715775460147666e-01
5.898640155792236328e-01 6.658807856961085347e-01 5.966395139694213867e-01 6.636439019791195992e-01
5.909375548362731934e-01 6.647832023690053438e-01 5.976831316947937012e-01 6.638913770554036864e-01
5.927267670631408691e-01 6.652379975930632350e-01 5.986224412918090820e-01 6.640770885073996599e-01
5.904008150100708008e-01 6.646027759632029408e-01 5.992485880851745605e-01 6.636243145069232741e-01
5.888799428939819336e-01 6.647334426326857448e-01 5.934042930603027344e-01 6.630171667282925840e-01
5.919216275215148926e-01 6.647433768787885944e-01 5.892298221588134766e-01 6.631448027908963816e-01
