5.012077093124389648e-01 7.200024378685773163e-01 5.051137804985046387e-01 6.977825950814846578e-01
5.041599273681640625e-01 7.144710155799491869e-01 5.169066786766052246e-01 6.947331838457501130e-01
5.097513198852539062e-01 7.094320142966601406e-01 5.230640769004821777e-01 6.922930545111186662e-01
5.134639739990234375e-01 7.072759139279727325e-01 5.330828428268432617e-01 6.901939976093440787e-01
5.196815133094787598e-01 7.032017824389167338e-01 5.359006524085998535e-01 6.884540410510584518e-01
5.209339857101440430e-01 7.031313248323954879e-01 5.329784750938415527e-01 6.868518947360660043e-01
5.222759246826171875e-01 7.008867982696987964e-01 5.393446087837219238e-01 6.855115166065762766e-01
5.328770875930786133e-01 6.964519729787451707e-01 5.418493151664733887e-01 6.842453002158347397e-01
5.360977053642272949e-01 6.961480834911112359e-01 5.448758006095886230e-01 6.831127592403091198e-01
5.347110629081726074e-01 6.941509247785988546e-01 5.509288311004638672e-01 6.820766730239858910e-01
5.417785048484802246e-01 6.924050372793115748e-01 5.597996115684509277e-01 6.811557908293052188e-01
5.435230135917663574e-01 6.909250929714380041e-01 5.605301856994628906e-01 6.803547937918296151e-01
5.422257781028747559e-01 6.912975195141422002e-01 5.635566711425781250e-01 6.795130989865554305e-01
5.457594990730285645e-01 6.895898017671714397e-01 5.620955824851989746e-01 6.788758115488759959e-01
5.434782505035400391e-01 6.906459919987008034e-01 5.679398775100708008e-01 6.783182417592482638e-01
5.482197403907775879e-01 6.904069883150669718e-01 5.656439065933227539e-01 6.777389555503918750e-01
5.539005398750305176e-01 6.874594503704050119e-01 5.673137307167053223e-01 6.771840574944897329e-01
5.470119714736938477e-01 6.883614866416598588e-01 5.691922307014465332e-01 6.766886059089832761e-01
5.598944425582885742e-01 6.832091830714824843e-01 5.708620548248291016e-01 6.762781866630366290e-01
5.581499338150024414e-01 6.840259045346475109e-01 5.711750984191894531e-01 6.758571709279749262e-01
5.597602725028991699e-01 6.831197312915233688e-01 5.703402161598205566e-01 6.755004349518259898e-01
5.589103698730468750e-01 6.847193781603084783e-01 5.777499675750732422e-01 6.751748072381955623e-01
5.621309876441955566e-01 6.824020967540682658e-01 5.761845111846923828e-01 6.748233724924349586e-01
5.611916184425354004e-01 6.838688500816098026e-01 5.777499675750732422e-01 6.744983003299237501e-01
5.654410719871520996e-01 6.829470756293238853e-01 5.805677175521850586e-01 6.742172942632326249e-01
5.567632913589477539e-01 6.830094838573246285e-01 5.824462771415710449e-01 6.739098827292988592e-01
5.625782608985900879e-01 6.818303868859755257e-01 5.833855271339416504e-01 6.736563316617721897e-01
5.670960545539855957e-01 6.796566291558420181e-01 5.827593207359313965e-01 6.733136383707352124e-01
5.637412667274475098e-01 6.809120787599898250e-01 5.847422480583190918e-01 6.730327038644524640e-01
5.601628422737121582e-01 6.814322173115520132e-01 5.841160416603088379e-01 6.728110935836812967e-01
5.637412667274475098e-01 6.802850265177872169e-01 5.835942625999450684e-01 6.725667603726029897e-01
5.684379935264587402e-01 6.782545498433150133e-01 5.823419094085693359e-01 6.722914899248988441e-01
5.666934847831726074e-01 6.783529609297784813e-01 5.842204093933105469e-01 6.720564970639721913e-01
5.672302842140197754e-01 6.799344412114629588e-01 5.854727625846862793e-01 6.718150084537743982e-01
5.697351694107055664e-01 6.783117192400272000e-01 5.857858657836914062e-01 6.715930079124934338e-01
5.698246359825134277e-01 6.781409607843926768e-01 5.834898948669433594e-01 6.714031829189044398e-01
5.728216171264648438e-01 6.770082763577002227e-01 5.845335125923156738e-01 6.711305791414547972e-01
5.708087086677551270e-01 6.772958606636189094e-01 5.847422480583190918e-01 6.708841808676794249e-01
5.700483322143554688e-01 6.766965566391295317e-01 5.818200707435607910e-01 6.707374319057827217e-01
5.720164775848388672e-01 6.769730558035347290e-01 5.859946012496948242e-01 6.704885900281859490e-01
5.706745386123657227e-01 6.772129991588192732e-01 5.832811594009399414e-01 6.703677155657516984e-01
5.705403685569763184e-01 6.764816945962944805e-01 5.819244384765625000e-01 6.702066884362306576e-01
5.751476287841796875e-01 6.755734383153412237e-01 5.843247771263122559e-01 6.699734668073811239e-01
5.762211680412292480e-01 6.754307913895390980e-01 5.826549530029296875e-01 6.698586326803949165e-01
5.739846229553222656e-01 6.757375687430083877e-01 5.852640271186828613e-01 6.696528544308522068e-01
5.754159688949584961e-01 6.753668321503533134e-01 5.819244384765625000e-01 6.695520740241104329e-01
5.813651680946350098e-01 6.724491815998721034e-01 5.845335125923156738e-01 6.693195172899875089e-01
5.708981752395629883e-01 6.743768309732096622e-01 5.852640271186828613e-01 6.691503691862381586e-01
5.744766592979431152e-01 6.730873393103824487e-01 5.848466157913208008e-01 6.689857732052844064e-01
5.785471200942993164e-01 6.729080198083714492e-01 5.847422480583190918e-01 6.687850087128409671e-01
5.790839195251464844e-01 6.734953552436521163e-01 5.852640271186828613e-01 6.686747428072541410e-01
5.774735808372497559e-01 6.732386835765957755e-01 5.851596593856811523e-01 6.685497619070157604e-01
5.781445503234863281e-01 6.720354107416344203e-01 5.847422480583190918e-01 6.684791895970499942e-01
5.791733860969543457e-01 6.721018910472007502e-01 5.843247771263122559e-01 6.683171682730021379e-01
5.778762102127075195e-01 6.732999805709632968e-01 5.855771303176879883e-01 6.681346113635512340e-01
5.759527683258056641e-01 6.735738924629339763e-01 5.832811594009399414e-01 6.680689826685459742e-01
5.817677378654479980e-01 6.710159987408522708e-01 5.854727625846862793e-01 6.679311013376009187e-01
5.791286230087280273e-01 6.743298822107074431e-01 5.839073061943054199e-01 6.677445403421330417e-01
5.811862349510192871e-01 6.718678542573286450e-01 5.834898948669433594e-01 6.675949710392300451e-01
5.817677378654479980e-01 6.711551626608652787e-01 5.860989093780517578e-01 6.674172826759802168e-01
5.830202102661132812e-01 6.717589287686207555e-01 5.835942625999450684e-01 6.673229755128109453e-01
5.831991434097290039e-01 6.714136355207780404e-01 5.852640271186828613e-01 6.672721556297450674e-01
5.860171914100646973e-01 6.704021873148209298e-01 5.848466157913208008e-01 6.670452549919856367e-01
5.803810954093933105e-01 6.707606694207334241e-01 5.869338512420654297e-01 6.669715312745968516e-01
5.806047320365905762e-01 6.716832500980928211e-01 5.873512625694274902e-01 6.668465856320423546e-01
5.779209136962890625e-01 6.720721297196698973e-01 5.876643657684326172e-01 6.668409187493655743e-01
5.772499442100524902e-01 6.732526103207582269e-01 5.903778076171875000e-01 6.666309792347030472e-01
5.813651680946350098e-01 6.716827529448049505e-01 5.883948802947998047e-01 6.665756402098294009e-01
5.826623439788818359e-01 6.708281959376537484e-01 5.920475721359252930e-01 6.664521042525806127e-01
5.843621492385864258e-01 6.711726047353254732e-01 5.900647044181823730e-01 6.663570666681424282e-01
5.781893134117126465e-01 6.716289248848712479e-01 5.906908512115478516e-01 6.662484147782068433e-01
5.845857858657836914e-01 6.703925466021307678e-01 5.910039544105529785e-01 6.661195563289671329e-01
5.917874574661254883e-01 6.684015520806174671e-01 5.890210866928100586e-01 6.660637879665249894e-01
5.828860402107238770e-01 6.705163101387228153e-01 5.914214253425598145e-01 6.659738253984788248e-01
5.827071070671081543e-01 6.702831380694470598e-01 5.905865430831909180e-01 6.657702336976185631e-01
5.803810954093933105e-01 6.710223048674780477e-01 5.929868221282958984e-01 6.657505410744187779e-01
5.867776274681091309e-01 6.697788256975208965e-01 5.907952189445495605e-01 6.656102450151230032e-01
5.876722335815429688e-01 6.686732019288613715e-01 5.916301608085632324e-01 6.657186032859350178e-01
5.802916288375854492e-01 6.699309570457879781e-01 5.906908512115478516e-01 6.654312342896737675e-01
5.863749980926513672e-01 6.682516611268682905e-01 5.929868221282958984e-01 6.653430412617339362e-01
5.901324152946472168e-01 6.680896222047503219e-01 5.929868221282958984e-01 6.652702578197463579e-01
5.875827670097351074e-01 6.678010814090517000e-01 5.923606753349304199e-01 6.651836494219076634e-01
5.893272757530212402e-01 6.683990942555221304e-01 5.927781462669372559e-01 6.650922521622238959e-01
5.886563062667846680e-01 6.676153463399310262e-01 5.948653817176818848e-01 6.650550383611801841e-01
5.861961245536804199e-01 6.689674333311146359e-01 5.941348075866699219e-01 6.649239780857577609e-01
5.845857858657836914e-01 6.690117025187668487e-01 5.965351462364196777e-01 6.648080908189708538e-01
5.904902219772338867e-01 6.676844520013432982e-01 5.950741171836853027e-01 6.647548289742905014e-01
5.915637612342834473e-01 6.666441078283296129e-01 5.958046317100524902e-01 6.647118197007956253e-01
5.870459675788879395e-01 6.682864751771431244e-01 5.963264703750610352e-01 6.646163203327623004e-01
5.907586216926574707e-01 6.670993823850702720e-01 5.967438817024230957e-01 6.645301184433284325e-01
5.911164879798889160e-01 6.670169721756281644e-01 5.964307785034179688e-01 6.644700926346959191e-01
5.910717248916625977e-01 6.663872546598509361e-01 5.988311171531677246e-01 6.644762702934728926e-01
5.879853367805480957e-01 6.677076845886583678e-01 5.971613526344299316e-01 6.643255515950529100e-01
5.900429487228393555e-01 6.671983958847685914e-01 5.954915285110473633e-01 6.642134359300422286e-01
5.942476391792297363e-01 6.664379066848481470e-01 5.976831316947937012e-01 6.642060051181325475e-01
5.857487916946411133e-01 6.670961153381389508e-01 5.977874994277954102e-01 6.640734980335765147e-01
5.913401246070861816e-01 6.667619553719720260e-01 5.993529558181762695e-01 6.640308913495838183e-01
5.870907306671142578e-01 6.673415892024782137e-01 5.993529558181762695e-01 6.640078670245525005e-01
5.923241972923278809e-01 6.657887945385904116e-01 5.979962348937988281e-01 6.638776277281550620e-01
5.934872031211853027e-01 6.664995428039426351e-01 5.983093380928039551e-01 6.639904120201807203e-01
