5.590893030166625977e-01 6.812626976279202440e-01 5.771237611770629883e-01 6.721968313419005581e-01
5.748792290687561035e-01 6.712888549939317606e-01 5.824462771415710449e-01 6.678858648832445288e-01
5.781445503234863281e-01 6.684450805240548243e-01 5.897516012191772461e-01 6.666165896333898777e-01
5.882089734077453613e-01 6.642196037876390013e-01 5.962221026420593262e-01 6.628061643076749165e-01
5.921452641487121582e-01 6.598234701015842640e-01 5.921519398689270020e-01 6.593811584399802417e-01
5.987207293510437012e-01 6.586563050437643785e-01 6.023794412612915039e-01 6.561603405559717217e-01
5.973340272903442383e-01 6.555595968293895792e-01 5.836986303329467773e-01 6.557965308359385848e-01
6.039094924926757812e-01 6.508654943197608178e-01 6.088499426841735840e-01 6.447325040567047916e-01
6.020755171775817871e-01 6.513288970880035667e-01 5.881862044334411621e-01 6.547119296485360840e-01
6.039988994598388672e-01 6.494482583640448503e-01 5.906908512115478516e-01 6.518845728732081124e-01
6.055644750595092773e-01 6.496405623470612456e-01 6.139636635780334473e-01 6.451537436046572704e-01
6.090982556343078613e-01 6.453650119181373324e-01 6.101022958755493164e-01 6.504135589041258880e-01
6.112900376319885254e-01 6.434324220033510455e-01 5.667918920516967773e-01 7.372009024642947050e-01
6.124082803726196289e-01 6.416848634624122694e-01 6.006053090095520020e-01 6.444226987076761004e-01
6.118715405464172363e-01 6.404032728970210364e-01 6.141723990440368652e-01 6.366161215133643303e-01
6.180890798568725586e-01 6.376708509201525210e-01 5.710707306861877441e-01 6.712940446122706017e-01
6.167024374008178711e-01 6.381553893631911611e-01 6.107284426689147949e-01 6.349513186987445490e-01
6.193415522575378418e-01 6.364108521559942444e-01 6.218951940536499023e-01 6.302686608850370797e-01
6.256038546562194824e-01 6.354359700292012691e-01 6.087455749511718750e-01 6.569822703192115254e-01
6.193863153457641602e-01 6.342826478061959206e-01 6.201210618019104004e-01 6.330951904110957429e-01
6.273036599159240723e-01 6.310358818431812677e-01 6.077019572257995605e-01 6.421822443358760069e-01
6.246197819709777832e-01 6.301031812164304968e-01 6.102066636085510254e-01 6.385107942997003683e-01
6.232778429985046387e-01 6.299562978603733265e-01 5.997704267501831055e-01 6.908798407498094596e-01
6.277062296867370605e-01 6.271583203191001266e-01 6.020663976669311523e-01 6.441663090482531162e-01
6.300321817398071289e-01 6.276901785366265640e-01 6.127113103866577148e-01 6.371171577094716376e-01
6.311504840850830078e-01 6.244288984000266884e-01 6.253391504287719727e-01 6.253742389279849379e-01
6.297190785408020020e-01 6.254401675147689410e-01 6.176163554191589355e-01 6.361608309925933513e-01
6.333422660827636719e-01 6.239718322059425448e-01 6.175119876861572266e-01 6.494102191512008959e-01
6.321345567703247070e-01 6.234260920570497966e-01 6.407848000526428223e-01 6.184654731114506143e-01
6.330291628837585449e-01 6.209700225098739867e-01 6.320183873176574707e-01 6.196060761034899445e-01
6.329844594001770020e-01 6.185777683466230359e-01 6.325401663780212402e-01 6.357137440789146776e-01
6.382179260253906250e-01 6.194763051138983956e-01 6.226257681846618652e-01 6.396932170973816945e-01
6.351315379142761230e-01 6.200399242886748263e-01 6.349405050277709961e-01 6.211171814306024608e-01
6.387547254562377930e-01 6.174957706263206614e-01 6.284700632095336914e-01 6.344609898780387836e-01
6.420647501945495605e-01 6.146134253925235047e-01 6.271133422851562500e-01 6.245737446919534808e-01
6.399176716804504395e-01 6.187395401196352784e-01 6.175119876861572266e-01 6.368600127468574401e-01
6.439881920814514160e-01 6.117710136283721623e-01 6.371321082115173340e-01 6.115421707160884068e-01
6.421542167663574219e-01 6.140863448994640095e-01 6.407848000526428223e-01 6.119817820677202480e-01
6.478350162506103516e-01 6.125787035001371006e-01 6.462116241455078125e-01 6.108033824778130727e-01
6.469851732254028320e-01 6.102726055633448388e-01 6.271133422851562500e-01 6.214460423385342880e-01
6.473429799079895020e-01 6.113403605890095349e-01 6.343143582344055176e-01 6.208701798448580389e-01
6.473429799079895020e-01 6.101936962549493471e-01 6.471509337425231934e-01 6.101687993194135906e-01
6.464036703109741211e-01 6.084527865913392786e-01 6.168858408927917480e-01 6.396808306774249830e-01
6.490874886512756348e-01 6.074654173287920012e-01 6.366103291511535645e-01 6.218207849263895914e-01
6.477008461952209473e-01 6.066086859092193473e-01 6.467334628105163574e-01 6.097335067852333035e-01
6.515924334526062012e-01 6.034833260012517631e-01 6.308704018592834473e-01 6.214372014058853200e-01
6.535158157348632812e-01 6.052688431134055635e-01 6.444374918937683105e-01 6.128074122953205416e-01
6.495795249938964844e-01 6.039220073884747908e-01 6.368190646171569824e-01 6.099091912455509856e-01
6.507872343063354492e-01 6.028238610752922888e-01 6.380713582038879395e-01 6.146022054378236232e-01
6.506083607673645020e-01 6.040741006213365960e-01 6.357753872871398926e-01 6.193375205401462358e-01
6.532474756240844727e-01 6.022522010323740904e-01 6.405760645866394043e-01 6.110848537244818468e-01
6.557076573371887207e-01 6.010487192665492362e-01 6.405760645866394043e-01 6.279436088608590927e-01
6.554839611053466797e-01 5.992865627493237923e-01 6.353579759597778320e-01 6.263883611250710137e-01
6.574968695640563965e-01 5.988523224040420700e-01 6.476727128028869629e-01 6.071229763678931413e-01
6.578099727630615234e-01 5.990676616146389799e-01 6.532039046287536621e-01 6.034085620696200136e-01
6.570048332214355469e-01 5.996065632263349876e-01 6.467334628105163574e-01 6.118580455746189806e-01
6.552603244781494141e-01 5.963189415693667117e-01 6.489250659942626953e-01 6.028136277691453770e-01
6.574074029922485352e-01 5.946810541244242909e-01 6.526821255683898926e-01 6.062394907941800470e-01
6.569601297378540039e-01 5.960391804024025575e-01 6.416196823120117188e-01 6.122557189688008217e-01
6.600912213325500488e-01 5.948460914619836393e-01 6.520559191703796387e-01 6.020520350127398501e-01
6.547235846519470215e-01 5.951179334122969067e-01 6.296180486679077148e-01 6.876883905632116267e-01
6.617910265922546387e-01 5.932081948027966289e-01 6.502817869186401367e-01 6.095126171471355603e-01
6.605833172798156738e-01 5.931185730285563062e-01 6.472552418708801270e-01 6.105024592907785097e-01
6.607174873352050781e-01 5.933796823568646683e-01 6.504905223846435547e-01 6.189012766829912193e-01
6.649668812751770020e-01 5.903083236171854375e-01 6.475683450698852539e-01 6.189613366296211616e-01
6.632223725318908691e-01 5.899576772025029170e-01 6.505948901176452637e-01 6.079061226042594690e-01
6.677849292755126953e-01 5.882789717950853703e-01 6.620747447013854980e-01 5.965620863290849174e-01
6.620594263076782227e-01 5.877683506303746919e-01 6.204341650009155273e-01 6.657130394392982708e-01
6.630434989929199219e-01 5.873206566987896338e-01 6.572740674018859863e-01 6.029445070037013910e-01
6.651011109352111816e-01 5.882340287518087463e-01 6.575871706008911133e-01 5.942815896042004109e-01
6.672928929328918457e-01 5.870900579312765544e-01 6.460029482841491699e-01 6.100710619095595089e-01
6.650116443634033203e-01 5.878694144061435978e-01 6.508035659790039062e-01 5.994275146972857238e-01
6.644748449325561523e-01 5.858952366702137038e-01 6.573784351348876953e-01 5.953688629856439540e-01
6.651011109352111816e-01 5.855787249898884994e-01 6.463159918785095215e-01 6.091204202391613531e-01
6.675612926483154297e-01 5.832223829823799388e-01 6.542475223541259766e-01 6.086696249611117659e-01
6.695294380187988281e-01 5.839970061723139816e-01 6.604049205780029297e-01 5.927935629442374621e-01
6.623277664184570312e-01 5.834116148893213616e-01 6.606136560440063477e-01 5.885732855808757380e-01
6.692163348197937012e-01 5.832920779928493227e-01 6.343143582344055176e-01 6.198392598620537930e-01
6.700214743614196777e-01 5.835463528471868111e-01 6.613441705703735352e-01 5.929762804042917335e-01
6.703793406486511230e-01 5.779910833256725056e-01 6.444374918937683105e-01 6.285906366629133712e-01
6.688137650489807129e-01 5.832748823354444445e-01 6.393237113952636719e-01 6.080462856323578524e-01
6.681427955627441406e-01 5.786696693662198854e-01 6.457942128181457520e-01 6.058032180988771609e-01
6.710502505302429199e-01 5.809265784552665179e-01 6.428720355033874512e-01 6.389894117843231136e-01
6.690374016761779785e-01 5.805862944504510681e-01 6.616572737693786621e-01 5.899790461365451710e-01
6.713634133338928223e-01 5.782912561133713991e-01 6.473596096038818359e-01 6.068340795096364149e-01
6.727500557899475098e-01 5.783578829403575039e-01 6.566478610038757324e-01 5.900893383672057846e-01
6.717659831047058105e-01 5.762380182391139138e-01 6.594656705856323242e-01 5.888053996158377768e-01
6.711397171020507812e-01 5.779676095469733488e-01 6.482989192008972168e-01 6.137306888773803593e-01
6.723027229309082031e-01 5.781498261610581446e-01 6.498643159866333008e-01 6.164984123315175868e-01
6.718554496765136719e-01 5.779921968735315385e-01 6.643707156181335449e-01 5.811042976240056168e-01
6.748971343040466309e-01 5.751378976247203401e-01 6.607180237770080566e-01 5.934543359929050910e-01
6.713634133338928223e-01 5.760613006734105479e-01 6.607180237770080566e-01 5.931552668076620627e-01
6.761048436164855957e-01 5.744724317193351526e-01 6.595700383186340332e-01 5.997047399185664318e-01
6.762390136718750000e-01 5.744013388738327119e-01 6.567522287368774414e-01 5.950460861929023348e-01
6.764627099037170410e-01 5.728040204681209557e-01 6.532039046287536621e-01 6.419752881512515996e-01
6.751654744148254395e-01 5.729869037818601241e-01 6.646837592124938965e-01 6.001655430789780699e-01
6.747182011604309082e-01 5.742370014775949327e-01 6.637445092201232910e-01 5.915940447108428701e-01
6.756128072738647461e-01 5.734719955594834717e-01 6.726153492927551270e-01 5.753207230239490988e-01
6.762837767601013184e-01 5.708905270752742123e-01 6.586307883262634277e-01 5.897202567276887963e-01
6.757917404174804688e-01 5.732285174855948906e-01 6.610311269760131836e-01 5.852392468888384380e-01
