5.592681765556335449e-01 6.803209974996560216e-01 5.714882016181945801e-01 6.706509892588691235e-01
5.754607319831848145e-01 6.715546977351487534e-01 5.831767916679382324e-01 6.716304196367879342e-01
5.847647190093994141e-01 6.675755192286897399e-01 5.959089994430541992e-01 6.621510575320770364e-01
5.899087786674499512e-01 6.638557620521179370e-01 5.851596593856811523e-01 6.666969727484524100e-01
5.850331187248229980e-01 6.651609034481960059e-01 5.906908512115478516e-01 6.676955371504161851e-01
5.945607423782348633e-01 6.604120899854991622e-01 5.932999253273010254e-01 6.577230751501993433e-01
5.898640155792236328e-01 6.596950745620973056e-01 5.957002639770507812e-01 6.562614015934736811e-01
5.993916392326354980e-01 6.577144995169128538e-01 5.981006026268005371e-01 6.582879547385078745e-01
5.956342816352844238e-01 6.585879580858120530e-01 5.925694108009338379e-01 6.561493410294798601e-01
6.007783412933349609e-01 6.541116048023171148e-01 6.007096767425537109e-01 6.555488425713444922e-01
6.039541959762573242e-01 6.537164810049788111e-01 6.067627072334289551e-01 6.490665398020257770e-01
5.992574691772460938e-01 6.533725483405993240e-01 6.048841476440429688e-01 6.495999733806029353e-01
6.020755171775817871e-01 6.550684745419662613e-01 5.864120125770568848e-01 6.597014131513175839e-01
6.048488020896911621e-01 6.516289559987303859e-01 6.109371781349182129e-01 6.490353042311519660e-01
6.022991538047790527e-01 6.534684435970178340e-01 6.115633249282836914e-01 6.445943526200526019e-01
6.016729474067687988e-01 6.491008739305920150e-01 6.077019572257995605e-01 6.483872606246213754e-01
6.103059649467468262e-01 6.486571111754155794e-01 6.132331490516662598e-01 6.440786177891576481e-01
6.086062192916870117e-01 6.470452003390274598e-01 5.915257930755615234e-01 6.547385584185900775e-01
6.079352498054504395e-01 6.490922213816476827e-01 6.161552667617797852e-01 6.427723157881097826e-01
6.114689707756042480e-01 6.468317622489164753e-01 6.018576622009277344e-01 6.554150603255954888e-01
6.099928617477416992e-01 6.479273875063829013e-01 6.157378554344177246e-01 6.383716677902785408e-01
6.142422556877136230e-01 6.429043031587735602e-01 6.175119876861572266e-01 6.407567706916258432e-01
6.109769344329833984e-01 6.445279807348246459e-01 6.194949150085449219e-01 6.385861339610893195e-01
6.170155405998229980e-01 6.400931033471292109e-01 6.066583395004272461e-01 6.425573164599097664e-01
6.161209344863891602e-01 6.426794933684077948e-01 6.152160167694091797e-01 6.386275462879315024e-01
6.172392368316650391e-01 6.400235369308281408e-01 6.087455749511718750e-01 6.387839911626490563e-01
6.183574795722961426e-01 6.380853891202046269e-01 6.131287813186645508e-01 6.400647338933075359e-01
6.153605580329895020e-01 6.377602890600435614e-01 6.122938990592956543e-01 6.359280458051012053e-01
6.168813705444335938e-01 6.370596611066802195e-01 6.265915036201477051e-01 6.317085039264795920e-01
6.205045580863952637e-01 6.349040562169329105e-01 6.179294586181640625e-01 6.337648605135880464e-01
6.225174665451049805e-01 6.357753454711062568e-01 6.190774440765380859e-01 6.329709643288510268e-01
6.219806671142578125e-01 6.343265851210728723e-01 6.282613277435302734e-01 6.299020596621455192e-01
6.228752732276916504e-01 6.310694634349172105e-01 6.187643408775329590e-01 6.334291604982987822e-01
6.218017339706420898e-01 6.305773009296649079e-01 6.323314309120178223e-01 6.306369599880989885e-01
6.257380843162536621e-01 6.315379477417475407e-01 6.277394890785217285e-01 6.266020836374301961e-01
6.237698793411254883e-01 6.299807053065338280e-01 6.324357986450195312e-01 6.268325572819033464e-01
6.274825334548950195e-01 6.284103766923557766e-01 6.361928582191467285e-01 6.246181825610148675e-01
6.262748241424560547e-01 6.267540150709113300e-01 6.266958713531494141e-01 6.269226076831352357e-01
6.274825334548950195e-01 6.255678608733610258e-01 6.341056227684020996e-01 6.216315796046335551e-01
6.353104114532470703e-01 6.234267873805843241e-01 6.263828277587890625e-01 6.248674620867422647e-01
6.254696846008300781e-01 6.241908139865969263e-01 6.359841227531433105e-01 6.218495351664583559e-01
6.332527995109558105e-01 6.238507622042075429e-01 6.330620050430297852e-01 6.197347457362624157e-01
6.353998780250549316e-01 6.216574235110915447e-01 6.385931968688964844e-01 6.207500971003082624e-01
6.367418169975280762e-01 6.203661699119290551e-01 6.368190646171569824e-01 6.152193606011779892e-01
6.382179260253906250e-01 6.186582901051654870e-01 6.365059614181518555e-01 6.175590726558412014e-01
6.330291628837585449e-01 6.244030012110091121e-01 6.369233727455139160e-01 6.183258973838043904e-01
6.375469565391540527e-01 6.168269297905568660e-01 6.384888291358947754e-01 6.175603989618253520e-01
6.381284594535827637e-01 6.168061742673386361e-01 6.325401663780212402e-01 6.199786398684995481e-01
6.336553692817687988e-01 6.184035896145821942e-01 6.314965486526489258e-01 6.212297995238282855e-01
6.433172225952148438e-01 6.114223186179293945e-01 6.413066387176513672e-01 6.121117736521406449e-01
6.401860713958740234e-01 6.145766638625945744e-01 6.336881518363952637e-01 6.232699517590645222e-01
6.441223621368408203e-01 6.103700526627898748e-01 6.240868568420410156e-01 6.216183769829809469e-01
6.421542167663574219e-01 6.105106069099329735e-01 6.383844614028930664e-01 6.117350705554256418e-01
6.447486281394958496e-01 6.107994834816632412e-01 6.380713582038879395e-01 6.164057899233046367e-01
6.452853679656982422e-01 6.107161992520632188e-01 6.402630209922790527e-01 6.144593149280528355e-01
6.413490772247314453e-01 6.109832288818338730e-01 6.448549628257751465e-01 6.035426790394282648e-01
6.484612822532653809e-01 6.044843757082171143e-01 6.450636386871337891e-01 6.068521411228319229e-01
6.474772095680236816e-01 6.053726864129832519e-01 6.474639773368835449e-01 6.066595690406157981e-01
6.474324464797973633e-01 6.063699169755302210e-01 6.357753872871398926e-01 6.129994672565464153e-01
6.464483737945556641e-01 6.079846971746121209e-01 6.426633000373840332e-01 6.020731954454155987e-01
6.541867852210998535e-01 5.995343653753461011e-01 6.477770805358886719e-01 6.036265702193874816e-01
6.508767008781433105e-01 6.010438495596057695e-01 6.482989192008972168e-01 6.016164079659966912e-01
6.519502401351928711e-01 6.045935716627321987e-01 6.401586532592773438e-01 6.085378440678977929e-01
6.555287241935729980e-01 5.986925358101685690e-01 6.390106678009033203e-01 6.121511885329095071e-01
6.517266035079956055e-01 5.967830786403848231e-01 6.477770805358886719e-01 6.041114756892305149e-01
6.499820947647094727e-01 6.011661679421795856e-01 6.403673291206359863e-01 6.160215943697174845e-01
6.560207605361938477e-01 5.987556207305866351e-01 6.472552418708801270e-01 6.039803608477526398e-01
6.562891602516174316e-01 5.969384842128825364e-01 6.323314309120178223e-01 6.091771368765427352e-01
6.531580090522766113e-01 5.997232923270509053e-01 6.499686837196350098e-01 6.044049964670695774e-01
6.589282751083374023e-01 5.932736897920747321e-01 6.532039046287536621e-01 6.023132695556557836e-01
6.521739363670349121e-01 5.972331715602741120e-01 6.593613028526306152e-01 5.930850080596805629e-01
6.590177416801452637e-01 5.910906020527257887e-01 6.532039046287536621e-01 5.940019951511639196e-01
6.604938507080078125e-01 5.881830878005213092e-01 6.526821255683898926e-01 6.096040223939163116e-01
6.541867852210998535e-01 5.959065119596089755e-01 6.499686837196350098e-01 5.994424142287135826e-01
6.588388085365295410e-01 5.902567636478265323e-01 6.539344787597656250e-01 6.022718110728477736e-01
6.584362387657165527e-01 5.916367710799133040e-01 6.487163305282592773e-01 6.008773970345170357e-01
6.600465178489685059e-01 5.855636378907841388e-01 6.502817869186401367e-01 5.966753809866589542e-01
6.567811965942382812e-01 5.879538346433238472e-01 6.506991982460021973e-01 5.956892306484675714e-01
6.617462635040283203e-01 5.876728231438926864e-01 6.491338014602661133e-01 5.998301753493197053e-01
6.623725295066833496e-01 5.903114735344310304e-01 6.544562578201293945e-01 5.987079200628181441e-01
6.653694510459899902e-01 5.895809279739760989e-01 6.517428755760192871e-01 6.013870850855461692e-01
6.638486385345458984e-01 5.859437865996791617e-01 6.436026096343994141e-01 6.082066891213793181e-01
6.604490876197814941e-01 5.909455832054628655e-01 6.551868319511413574e-01 5.902761777042969671e-01
6.669350266456604004e-01 5.814799905079254261e-01 6.614485383033752441e-01 5.887154275428972960e-01
6.622830629348754883e-01 5.858953725376631061e-01 6.552911996841430664e-01 5.912933748715407667e-01
6.596439480781555176e-01 5.934540355305782944e-01 6.519515514373779297e-01 6.023683851159855607e-01
6.619251966476440430e-01 5.882630313012271461e-01 6.556042432785034180e-01 5.904857864884488494e-01
6.639381051063537598e-01 5.822097421396309480e-01 6.560217142105102539e-01 5.926187196048607886e-01
6.662641167640686035e-01 5.784545863201545624e-01 6.569609642028808594e-01 5.920131092802066730e-01
6.636250019073486328e-01 5.844646717017953907e-01 6.494469046592712402e-01 6.077665418380239215e-01
6.495348215103149414e-01 6.082837047229663341e-01 6.412022709846496582e-01 6.063527817692295763e-01
6.571390032768249512e-01 5.942462504517949107e-01 6.612398028373718262e-01 5.907577683671335622e-01
6.647879481315612793e-01 5.833964166860500233e-01 6.524733901023864746e-01 5.951761221542311020e-01
6.651458144187927246e-01 5.812915893547179191e-01 6.613441705703735352e-01 5.875293771848875135e-01
6.692163348197937012e-01 5.779399017908850578e-01 6.558129787445068359e-01 5.974537495829271849e-01
6.665772199630737305e-01 5.777427842075698594e-01 6.616572737693786621e-01 5.840787210162908805e-01
6.685006022453308105e-01 5.756782293532994865e-01 6.599874496459960938e-01 5.842216079555058172e-01
6.692163348197937012e-01 5.785366894947563399e-01 6.501774191856384277e-01 5.993000559059370458e-01
6.711397171020507812e-01 5.757367805027753249e-01 6.683364510536193848e-01 5.847658206565075067e-01
6.675612926483154297e-01 5.787981047701122872e-01 6.530995368957519531e-01 5.970844710527594135e-01
