5.600733757019042969e-01 6.831252572681081325e-01 5.779586434364318848e-01 6.701964830536106810e-01
5.837358832359313965e-01 6.679278385939932949e-01 5.882905721664428711e-01 6.658902305000088395e-01
5.906691551208496094e-01 6.641711942900867527e-01 6.036317944526672363e-01 6.602151488441685423e-01
5.953658819198608398e-01 6.587527363793882484e-01 5.945522785186767578e-01 6.601454469784892032e-01
5.972445607185363770e-01 6.585753092208687098e-01 6.013358235359191895e-01 6.541319132299070471e-01
6.013597846031188965e-01 6.551158221191574205e-01 6.096848249435424805e-01 6.550742656371957295e-01
6.078904867172241211e-01 6.518670144437741509e-01 6.067627072334289551e-01 6.545246300083240598e-01
6.101717948913574219e-01 6.498909901689600144e-01 6.113546490669250488e-01 6.516898289350845364e-01
6.139291524887084961e-01 6.455719601726207513e-01 6.140680313110351562e-01 6.405839899018721528e-01
6.133476495742797852e-01 6.448925849810804856e-01 6.078063249588012695e-01 6.436833451023631358e-01
6.196546554565429688e-01 6.421414754283644166e-01 6.105197072029113770e-01 6.428109858036539226e-01
6.194310188293457031e-01 6.387135486074670965e-01 6.188687086105346680e-01 6.376003838983813621e-01
6.277509331703186035e-01 6.354942782169634707e-01 6.171989440917968750e-01 6.386289998276252211e-01
6.235910058021545410e-01 6.354399176398123350e-01 6.322270631790161133e-01 6.264649118891441049e-01
6.297190785408020020e-01 6.338180279898119052e-01 6.241911649703979492e-01 6.360266939057509505e-01
6.302558779716491699e-01 6.318319595698317359e-01 6.167814731597900391e-01 6.394940829928944526e-01
6.350420713424682617e-01 6.263686637264987978e-01 6.432895064353942871e-01 6.271273300683067875e-01
6.332975625991821289e-01 6.294574120493049429e-01 6.316009163856506348e-01 6.283504922861248287e-01
6.328055262565612793e-01 6.268978768692692327e-01 6.281569600105285645e-01 6.299963426525272414e-01
6.367418169975280762e-01 6.242537171069827417e-01 6.376539468765258789e-01 6.213513107270941527e-01
6.400071382522583008e-01 6.231826304173635478e-01 6.429764032363891602e-01 6.198365316712465267e-01
6.400071382522583008e-01 6.187528154359006605e-01 6.378626823425292969e-01 6.210136141365989459e-01
6.409912109375000000e-01 6.171913218532356638e-01 6.313921809196472168e-01 6.384068762825615417e-01
6.407675743103027344e-01 6.191436792128114375e-01 6.467334628105163574e-01 6.136635997006251175e-01
6.453748345375061035e-01 6.131454357031868030e-01 6.358797550201416016e-01 6.246293268505304086e-01
6.504741311073303223e-01 6.103023456255936008e-01 6.478814482688903809e-01 6.127613298431664468e-01
6.486849188804626465e-01 6.089852789387247833e-01 6.394280791282653809e-01 6.197006227053970528e-01
6.537842154502868652e-01 6.098218411553799623e-01 6.500730514526367188e-01 6.072664380048665711e-01
6.500268578529357910e-01 6.091877428528490457e-01 6.526821255683898926e-01 6.102866456270267248e-01
6.519950032234191895e-01 6.081389637214379418e-01 6.417240500450134277e-01 6.158887505332255596e-01
6.523528099060058594e-01 6.042643525686176575e-01 6.573784351348876953e-01 6.005519972392946437e-01
6.560654640197753906e-01 6.025049919134219945e-01 6.575871706008911133e-01 6.008191593030229871e-01
6.582125425338745117e-01 5.976333733128826875e-01 6.546649932861328125e-01 6.027211120546149825e-01
6.554392576217651367e-01 5.985950217368160020e-01 6.488206982612609863e-01 6.021808554548432335e-01
6.609858870506286621e-01 5.957232130130516445e-01 6.601961851119995117e-01 6.020544080514296237e-01
6.580336093902587891e-01 5.989286517772719476e-01 6.566478610038757324e-01 5.992517193133585218e-01
6.640275716781616211e-01 5.915873315812522071e-01 6.593613028526306152e-01 5.947657538415792589e-01
6.592860817909240723e-01 5.963979055766748250e-01 6.564391851425170898e-01 6.027888202687141650e-01
6.636250019073486328e-01 5.948566771839743916e-01 6.583176851272583008e-01 5.990402540392230080e-01
6.655483841896057129e-01 5.894559114814167389e-01 6.632227301597595215e-01 5.932776398087463710e-01
6.640275716781616211e-01 5.939798399787359351e-01 6.460029482841491699e-01 6.035047596617149068e-01
6.650116443634033203e-01 5.891547945535851039e-01 6.595700383186340332e-01 5.950532956552316843e-01
6.671139597892761230e-01 5.884174155642935000e-01 6.542475223541259766e-01 5.990034645247175327e-01
6.668903231620788574e-01 5.855160604373865763e-01 6.662492156028747559e-01 5.891877540689101078e-01
6.728842258453369141e-01 5.806776962269182274e-01 6.676059365272521973e-01 5.859230453697830132e-01
6.753444075584411621e-01 5.796808222684349809e-01 6.634314060211181641e-01 5.865415913330640496e-01
6.745840311050415039e-01 5.776160568089535596e-01 6.617616415023803711e-01 5.842002730756730156e-01
6.701556444168090820e-01 5.807089799097600036e-01 6.661448478698730469e-01 5.948550782629652423e-01
6.753891706466674805e-01 5.759236156929795625e-01 6.764767169952392578e-01 5.823357865397852384e-01
6.711397171020507812e-01 5.790828177297151491e-01 6.731371283531188965e-01 5.835317261680335044e-01
6.779388189315795898e-01 5.755521024696130805e-01 6.668753623962402344e-01 5.845838421397805407e-01
6.764179468154907227e-01 5.722052803468695714e-01 6.656230688095092773e-01 5.881981570744061472e-01
6.777151823043823242e-01 5.727997513827537412e-01 6.696931719779968262e-01 5.873524233608647949e-01
6.801306009292602539e-01 5.684373505876111343e-01 6.725109815597534180e-01 5.823684119277496851e-01
6.829933524131774902e-01 5.674736608672299454e-01 6.682320833206176758e-01 5.842342832421391075e-01
6.794149279594421387e-01 5.713816341762573137e-01 6.663535833358764648e-01 5.894745104598043683e-01
6.795938611030578613e-01 5.711402177895985588e-01 6.759549379348754883e-01 5.740758257752245353e-01
6.801753640174865723e-01 5.666357050600664413e-01 6.809642910957336426e-01 5.725540049736446147e-01
6.821435093879699707e-01 5.633531526346969853e-01 6.682320833206176758e-01 5.800224039754149352e-01
6.796833276748657227e-01 5.703502808557381343e-01 6.685451865196228027e-01 5.805957759255234718e-01
6.791912913322448730e-01 5.710272474927965414e-01 6.665623188018798828e-01 5.881494340033701640e-01
6.808910369873046875e-01 5.658876564874272264e-01 6.732414960861206055e-01 5.763045703162980038e-01
6.861692667007446289e-01 5.624390965306624857e-01 6.766854524612426758e-01 5.761038003373907257e-01
6.876006722450256348e-01 5.578728198877150879e-01 6.663535833358764648e-01 5.877860207643271773e-01
6.868849396705627441e-01 5.615745882459863836e-01 6.787726879119873047e-01 5.726067351165282648e-01
6.891662478446960449e-01 5.588532070137558483e-01 6.740763783454895020e-01 5.786707310456618014e-01
6.900160908699035645e-01 5.569759355629678721e-01 6.755374670028686523e-01 5.777168915630556123e-01
6.884058117866516113e-01 5.569650736429286875e-01 6.757462024688720703e-01 5.718063285021860453e-01
6.924315690994262695e-01 5.538842551160911842e-01 6.721978783607482910e-01 5.736162155661347350e-01
6.866613030433654785e-01 5.586427550640914452e-01 6.796075701713562012e-01 5.702205243102694832e-01
6.913580298423767090e-01 5.498234538128474735e-01 6.761636137962341309e-01 5.684670757286933718e-01
6.897029876708984375e-01 5.530632050375666742e-01 6.790857911109924316e-01 5.816412474411908340e-01
6.880927085876464844e-01 5.562370301977981324e-01 6.731371283531188965e-01 5.715977681053876491e-01
6.905975937843322754e-01 5.540788393686956192e-01 6.813817620277404785e-01 5.770881502072464642e-01
6.895688176155090332e-01 5.529302125818338354e-01 6.799206733703613281e-01 5.638012427971174079e-01
6.926552057266235352e-01 5.523673282004060159e-01 6.901481747627258301e-01 5.639883846859423677e-01
6.953837871551513672e-01 5.473176509776467302e-01 6.872260570526123047e-01 5.660866090759208991e-01
6.925210356712341309e-01 5.500237852798888216e-01 6.739720106124877930e-01 5.702069917916504638e-01
6.931025385856628418e-01 5.459418374185891487e-01 6.860780715942382812e-01 5.614704543452898600e-01
6.967257261276245117e-01 5.465076672388842205e-01 6.798163056373596191e-01 5.642468896571043446e-01
6.991411447525024414e-01 5.442147939186826600e-01 6.867042183876037598e-01 5.624775768097695083e-01
6.935945749282836914e-01 5.492126282286529104e-01 6.839908361434936523e-01 5.700748643679052208e-01
6.965467929840087891e-01 5.458834647364469994e-01 6.762679815292358398e-01 5.747774377965997328e-01
6.964126229286193848e-01 5.473447029226728988e-01 6.788770556449890137e-01 5.692782805872173002e-01
6.960994601249694824e-01 5.435638044554040871e-01 6.856606006622314453e-01 5.640389317760535759e-01
6.961889266967773438e-01 5.404858125580681572e-01 6.858693361282348633e-01 5.582543989856116884e-01
7.004383802413940430e-01 5.397990127009939521e-01 6.855562329292297363e-01 5.736706739575746505e-01
6.963678598403930664e-01 5.458128582302925746e-01 6.846169829368591309e-01 5.621349923024966388e-01
7.024065256118774414e-01 5.423946023456609478e-01 6.869129538536071777e-01 5.641967180600819809e-01
6.955179572105407715e-01 5.458439533837176061e-01 6.923397779464721680e-01 5.581081339273391562e-01
7.040168046951293945e-01 5.357821505576089161e-01 6.923397779464721680e-01 5.538061405865440934e-01
6.970388293266296387e-01 5.440899863996452313e-01 6.763723492622375488e-01 5.645300068802535653e-01
7.029880285263061523e-01 5.372626142225404022e-01 6.865998506546020508e-01 5.625131340346339881e-01
6.994095444679260254e-01 5.378248380951344831e-01 6.874347925186157227e-01 5.620613268834517839e-01
7.045088410377502441e-01 5.335418840579982946e-01 6.980797052383422852e-01 5.552703242689103202e-01
7.037931680679321289e-01 5.392350176831524067e-01 6.838864684104919434e-01 5.650045482954584308e-01
7.040168046951293945e-01 5.320984740486766063e-01 6.817992329597473145e-01 5.732318830997703563e-01
7.041957378387451172e-01 5.347162255406443521e-01 6.863911747932434082e-01 5.592444929218670646e-01
7.049114108085632324e-01 5.333023360513962086e-01 6.982884407043457031e-01 5.530899857783013740e-01
7.035695314407348633e-01 5.351721055073822564e-01 6.880609393119812012e-01 5.641978227054617046e-01
