5.568974614143371582e-01 6.832335507705484812e-01 5.724274516105651855e-01 6.728581417405612441e-01
5.788155198097229004e-01 6.718796604774701642e-01 5.841160416603088379e-01 6.673661072675680650e-01
5.927267670631408691e-01 6.643184456933608484e-01 6.043623685836791992e-01 6.603526704820454896e-01
5.928162336349487305e-01 6.617648251092077549e-01 5.946566462516784668e-01 6.652284668149293090e-01
5.912506580352783203e-01 6.627267549301989469e-01 6.093717217445373535e-01 6.574961767144901215e-01
5.963947176933288574e-01 6.613050594720586428e-01 5.931955575942993164e-01 6.597413786068213604e-01
6.033726930618286133e-01 6.557376672040373666e-01 6.150072813034057617e-01 6.519753504983818448e-01
6.073984503746032715e-01 6.525565373767443500e-01 6.042580008506774902e-01 6.555020873244533641e-01
6.096796989440917969e-01 6.511768231474663882e-01 6.081193685531616211e-01 6.480717161482546507e-01
6.121846437454223633e-01 6.481084908498893071e-01 6.151116490364074707e-01 6.487890864010769087e-01
6.140633225440979004e-01 6.483930107582701607e-01 6.134418845176696777e-01 6.459054215992947601e-01
6.148237586021423340e-01 6.453075605591415131e-01 6.163640022277832031e-01 6.444153056292015735e-01
6.165682673454284668e-01 6.444498909609670534e-01 6.129200458526611328e-01 6.459886170309437903e-01
6.150473952293395996e-01 6.445933839229249784e-01 6.193905472755432129e-01 6.448875593507098491e-01
6.134371161460876465e-01 6.428881932785183162e-01 6.207472085952758789e-01 6.401941572119462798e-01
6.207729578018188477e-01 6.406384221896179731e-01 6.160508990287780762e-01 6.423918566532609287e-01
6.184022426605224609e-01 6.404412796937154484e-01 6.176163554191589355e-01 6.415043818604794224e-01
6.179102063179016113e-01 6.410279032432835145e-01 6.209559440612792969e-01 6.375411244156314883e-01
6.208176612854003906e-01 6.398601449011561693e-01 6.272177100181579590e-01 6.369389861890553117e-01
6.231436729431152344e-01 6.367309417360305090e-01 6.211646795272827148e-01 6.383665828459995639e-01
6.202361583709716797e-01 6.357035322828356039e-01 5.985180735588073730e-01 6.545125802656575065e-01
6.244408488273620605e-01 6.364824115259529735e-01 6.327489018440246582e-01 6.351037727992735471e-01
6.263195276260375977e-01 6.319348008416381113e-01 6.309747695922851562e-01 6.323657021520531218e-01
6.297190785408020020e-01 6.308411271057224878e-01 6.216865181922912598e-01 6.344399211228055613e-01
6.286455392837524414e-01 6.301418360496681137e-01 6.300354599952697754e-01 6.263517661623158039e-01
6.338343024253845215e-01 6.268334969208990692e-01 6.301398277282714844e-01 6.321058794964929950e-01
6.320450901985168457e-01 6.268975989382176150e-01 6.282613277435302734e-01 6.262579204095128915e-01
6.351762413978576660e-01 6.239293453454075600e-01 6.328532695770263672e-01 6.253432934430018797e-01
6.356235742568969727e-01 6.221196427714699162e-01 6.370277404785156250e-01 6.189559902012211623e-01
6.390678286552429199e-01 6.195760466668959188e-01 6.283656954765319824e-01 6.234500195680990897e-01
6.394256353378295898e-01 6.175746988751078526e-01 6.451680064201354980e-01 6.144605074315000470e-01
6.422884464263916016e-01 6.157550922039903840e-01 6.413066387176513672e-01 6.178967464296137857e-01
6.407228708267211914e-01 6.166625571690298457e-01 6.421415209770202637e-01 6.141386116827437514e-01
6.409017443656921387e-01 6.136545727986260079e-01 6.352536082267761230e-01 6.148934392435420060e-01
6.414385437965393066e-01 6.154356035441400641e-01 6.404716968536376953e-01 6.222058826362730777e-01
6.370102167129516602e-01 6.196117253311206330e-01 6.438112854957580566e-01 6.108453654715423342e-01
6.464931368827819824e-01 6.114728595387596277e-01 6.334794163703918457e-01 6.159715145496654776e-01
6.446591615676879883e-01 6.113651795087805541e-01 6.321227550506591797e-01 6.265662344107670867e-01
6.432277560234069824e-01 6.098155024802882629e-01 6.495512127876281738e-01 6.109387622051760669e-01
6.454195976257324219e-01 6.072681660322836183e-01 6.554998755455017090e-01 6.037943603424656969e-01
6.482823491096496582e-01 6.072074284833367530e-01 6.455854773521423340e-01 6.135907478582334207e-01
6.510556340217590332e-01 6.038338737893902408e-01 6.496555805206298828e-01 6.093007053544640117e-01
6.544104218482971191e-01 6.024761346909841553e-01 6.500730514526367188e-01 6.083890287867669278e-01
6.488638520240783691e-01 6.057935344509541853e-01 6.425589919090270996e-01 6.105880536631984601e-01
6.559312939643859863e-01 5.988232293332022005e-01 6.503861546516418457e-01 6.064115691299454269e-01
6.570495367050170898e-01 5.977763985239514799e-01 6.563348174095153809e-01 5.994588851903829285e-01
6.575863361358642578e-01 5.987222154785896144e-01 6.537257432937622070e-01 6.026721424161703977e-01
6.566917300224304199e-01 5.983435255211225767e-01 6.553955078125000000e-01 5.992210584526842521e-01
6.583467721939086914e-01 5.960549015887074420e-01 6.491338014602661133e-01 6.046356833371755446e-01
6.548577547073364258e-01 5.999947235716074356e-01 6.616572737693786621e-01 5.953486227859811075e-01
6.536500453948974609e-01 5.962344319625454414e-01 6.490294337272644043e-01 6.090897061560552883e-01
6.550813913345336914e-01 5.933990897742424941e-01 6.530995368957519531e-01 6.023716263347068667e-01
6.625514626502990723e-01 5.916781335253262775e-01 6.638488769531250000e-01 5.935379859923918255e-01
6.617462635040283203e-01 5.897542270655964369e-01 6.592569351196289062e-01 5.957886074162106471e-01
6.571837663650512695e-01 5.959120843380204535e-01 6.575871706008911133e-01 5.991950025266855606e-01
6.627303361892700195e-01 5.875621931692380784e-01 6.633270978927612305e-01 5.954957727076141127e-01
6.620146632194519043e-01 5.889923761837553284e-01 6.584220528602600098e-01 5.971117769096818684e-01
6.634460687637329102e-01 5.878005714893426159e-01 6.462116241455078125e-01 6.095977565909297402e-01
6.653694510459899902e-01 5.883150309201621297e-01 6.635357737541198730e-01 5.891968223352418432e-01
6.661746501922607422e-01 5.852919457679273130e-01 6.613441705703735352e-01 5.942675235051995131e-01
6.643853783607482910e-01 5.851633860143913290e-01 6.596744060516357422e-01 5.885545116231277740e-01
6.673376560211181641e-01 5.832194525006633157e-01 6.612398028373718262e-01 5.940614951052513026e-01
6.588835120201110840e-01 5.872985346305773513e-01 6.612398028373718262e-01 5.957408654144874527e-01
6.693058013916015625e-01 5.804738239837601288e-01 6.549780964851379395e-01 5.966534855171176099e-01
6.679190993309020996e-01 5.811135744041781015e-01 6.577958464622497559e-01 6.012676240407059947e-01
6.663088202476501465e-01 5.849487505417259037e-01 6.636401414871215820e-01 5.885111959536422077e-01
6.697978377342224121e-01 5.780320441196037384e-01 6.657273769378662109e-01 5.849852267970772068e-01
6.652352809906005859e-01 5.815602392838069568e-01 6.645793914794921875e-01 5.929066116688919141e-01
6.620146632194519043e-01 5.838201826427976693e-01 6.518472433090209961e-01 6.000268737499959704e-01
6.693505048751831055e-01 5.771912366743696676e-01 6.623877882957458496e-01 5.949516225846469553e-01
6.693952679634094238e-01 5.761769445088793518e-01 6.678146719932556152e-01 5.810527831371978813e-01
6.728842258453369141e-01 5.770239881740569787e-01 6.717804074287414551e-01 5.904297648778018548e-01
6.706476807594299316e-01 5.779496340488018413e-01 6.726153492927551270e-01 5.826276781488823886e-01
6.695294380187988281e-01 5.755672086050908076e-01 6.690670251846313477e-01 5.896806729235496425e-01
6.734210252761840820e-01 5.755350391070047644e-01 6.714673638343811035e-01 5.885143621160451310e-01
6.714975833892822266e-01 5.795067489776399849e-01 6.651012301445007324e-01 5.885281466387727312e-01
6.714081168174743652e-01 5.730569011134012403e-01 6.683364510536193848e-01 5.845490014769543219e-01
6.782519221305847168e-01 5.745929543266869999e-01 6.690670251846313477e-01 5.901031186600065315e-01
6.731973290443420410e-01 5.754723684649962756e-01 6.542475223541259766e-01 5.936837944673909462e-01
6.736446619033813477e-01 5.706586720564216231e-01 6.539344787597656250e-01 6.100426120191744239e-01
6.803095340728759766e-01 5.712516044520973280e-01 6.711542606353759766e-01 5.834380263477048079e-01
6.776257157325744629e-01 5.684141242924306558e-01 6.672928333282470703e-01 5.870396826914670019e-01
6.770442128181457520e-01 5.682057298707885451e-01 6.621791124343872070e-01 5.975781452354721468e-01
6.773125529289245605e-01 5.709076762561999807e-01 6.654143333435058594e-01 5.858651576274074291e-01
6.724816560745239258e-01 5.725865897519747394e-01 6.727196574211120605e-01 5.799396121783088054e-01
6.780282855033874512e-01 5.669376502354427361e-01 6.726153492927551270e-01 5.791930784340120208e-01
6.816961765289306641e-01 5.678429166219980395e-01 6.710498929023742676e-01 5.909751602663324554e-01
6.710502505302429199e-01 5.717533043190626829e-01 6.522646546363830566e-01 6.014888735584863477e-01
6.751207709312438965e-01 5.711913252158377086e-01 6.768941879272460938e-01 5.794826158649163395e-01
6.757917404174804688e-01 5.671558711157221877e-01 6.759549379348754883e-01 5.708852308798224584e-01
6.816514730453491211e-01 5.610128237685400032e-01 6.709455251693725586e-01 5.810460365035046149e-01
6.801306009292602539e-01 5.633663501737795620e-01 6.765810847282409668e-01 5.761242758578334344e-01
6.827697157859802246e-01 5.617540697651315362e-01 6.717804074287414551e-01 5.748887649908167585e-01
6.816514730453491211e-01 5.629896677858523546e-01 6.781465411186218262e-01 5.747467170824613891e-01
6.815172433853149414e-01 5.639757374506513266e-01 6.831558942794799805e-01 5.718844369865613286e-01
6.805331707000732422e-01 5.640204603225392743e-01 6.714673638343811035e-01 5.777606878766334830e-01
6.796385645866394043e-01 5.653380677170650737e-01 6.700062751770019531e-01 5.831295065356305596e-01
6.820987462997436523e-01 5.602069481218153735e-01 6.694844365119934082e-01 5.820841594171335398e-01
6.815620064735412598e-01 5.658448912372613382e-01 6.788770556449890137e-01 5.728919001094385788e-01
6.840668916702270508e-01 5.594655420063945339e-01 6.725109815597534180e-01 5.780779920274244921e-01
