5.690194964408874512e-01 6.781927170790165160e-01 5.894385576248168945e-01 6.653099881535257110e-01
5.896850824356079102e-01 6.672188161438576959e-01 5.701314806938171387e-01 6.720857647111734279e-01
5.913848876953125000e-01 6.643635398651794866e-01 6.047797799110412598e-01 6.569077513258234635e-01
6.022544503211975098e-01 6.579808791905060739e-01 6.009184122085571289e-01 6.573581336137273023e-01
6.068617105484008789e-01 6.550770028372487896e-01 5.987268090248107910e-01 6.567647345776200796e-01
6.079352498054504395e-01 6.532565885866492561e-01 6.080150008201599121e-01 6.535459115395240159e-01
6.062802076339721680e-01 6.496248318825239565e-01 6.157378554344177246e-01 6.449815987221907410e-01
6.133476495742797852e-01 6.471032822125711848e-01 6.207472085952758789e-01 6.406067150093474050e-01
6.162104010581970215e-01 6.450454594624407401e-01 6.175119876861572266e-01 6.431583539973318997e-01
6.137949824333190918e-01 6.451984318558144915e-01 6.118764281272888184e-01 6.465133797945744609e-01
6.252012848854064941e-01 6.401887651653531686e-01 6.086412072181701660e-01 6.464113477773791860e-01
6.225621700286865234e-01 6.389410260602855773e-01 6.208515763282775879e-01 6.348388046990404154e-01
6.194757819175720215e-01 6.373198760880364189e-01 6.237737536430358887e-01 6.362072403434422263e-01
6.264537572860717773e-01 6.362770173434046939e-01 6.283656954765319824e-01 6.369311443402309036e-01
6.314188838005065918e-01 6.322092118598541255e-01 6.276351213455200195e-01 6.347981260778808865e-01
6.313294172286987305e-01 6.327608893096372533e-01 6.364015936851501465e-01 6.282418423743020286e-01
6.363839507102966309e-01 6.284800513227076779e-01 6.292005777359008789e-01 6.271417100776388587e-01
6.311951875686645508e-01 6.287886676111765771e-01 6.285744309425354004e-01 6.312216303090266711e-01
6.332975625991821289e-01 6.276219714133678407e-01 6.412022709846496582e-01 6.225833834971796765e-01
6.357129812240600586e-01 6.249956649645301843e-01 6.423502564430236816e-01 6.192267135398369371e-01
6.404097080230712891e-01 6.223906512485674059e-01 6.388019323348999023e-01 6.219538587838119303e-01
6.430488228797912598e-01 6.194641967753131695e-01 6.443331241607666016e-01 6.158427319902887165e-01
6.429593563079833984e-01 6.210212321033160565e-01 6.379670500755310059e-01 6.249106095917561499e-01
6.427357196807861328e-01 6.188498695968707164e-01 6.252348423004150391e-01 6.346796705612830491e-01
6.394256353378295898e-01 6.217823281103008748e-01 6.401586532592773438e-01 6.178769768217465819e-01
6.458668708801269531e-01 6.122113803798513443e-01 6.288874745368957520e-01 6.246667781121992835e-01
6.461799740791320801e-01 6.127231907046828407e-01 6.321227550506591797e-01 6.232162887058285694e-01
6.520397067070007324e-01 6.113414120580284994e-01 6.589438319206237793e-01 6.090671120270187977e-01
6.498479247093200684e-01 6.092299809714382119e-01 6.456898450851440430e-01 6.160648109842705722e-01
6.484612822532653809e-01 6.088162450612092380e-01 6.431851387023925781e-01 6.077691464900870644e-01
6.532921791076660156e-01 6.051468117908109789e-01 6.516385078430175781e-01 6.080330205197573834e-01
6.542315483093261719e-01 6.035185917308109049e-01 6.454811096191406250e-01 6.093262717784060367e-01
6.543210148811340332e-01 6.039232032139925099e-01 6.520559191703796387e-01 6.028533201082293402e-01
6.570495367050170898e-01 5.978513081356586767e-01 6.536213755607604980e-01 6.018995209592191697e-01
6.592860817909240723e-01 6.011115020365296324e-01 6.551868319511413574e-01 6.042051886720961607e-01
6.585256457328796387e-01 5.980865906082170058e-01 6.418284177780151367e-01 6.103443946153628286e-01
6.604938507080078125e-01 5.978765916709162243e-01 6.593613028526306152e-01 6.001144978279013831e-01
6.597334146499633789e-01 5.944113950969110993e-01 6.606136560440063477e-01 6.032929714699921675e-01
6.591071486473083496e-01 5.968474950404771828e-01 6.416196823120117188e-01 6.173092698508477749e-01
6.591966152191162109e-01 5.959667513101338798e-01 6.576914787292480469e-01 5.954553545628576972e-01
6.635802388191223145e-01 5.880468650375245687e-01 6.521602869033813477e-01 5.988287759135745292e-01
6.656378507614135742e-01 5.878120934116454199e-01 6.647881269454956055e-01 5.958478650203753446e-01
6.675165295600891113e-01 5.840942091795940927e-01 6.548737287521362305e-01 5.989046762641997423e-01
6.644748449325561523e-01 5.874542412123967550e-01 6.607180237770080566e-01 5.929715772979917698e-01
6.733762621879577637e-01 5.838091973222673259e-01 6.572740674018859863e-01 5.925753006629569386e-01
6.693952679634094238e-01 5.854099432670019088e-01 6.559173464775085449e-01 5.932162099381225184e-01
6.691715717315673828e-01 5.837715736632484997e-01 6.641619801521301270e-01 5.872186354544783882e-01
6.695741415023803711e-01 5.815757802591103864e-01 6.730327606201171875e-01 5.852101435991747813e-01
6.751654744148254395e-01 5.780930220494224780e-01 6.651012301445007324e-01 5.889887694176889621e-01
6.739130616188049316e-01 5.770461008253966462e-01 6.691713333129882812e-01 5.914297319359282934e-01
6.786992549896240234e-01 5.748472831014188600e-01 6.394280791282653809e-01 6.093067235201192755e-01
6.739130616188049316e-01 5.772498943955426398e-01 6.655187010765075684e-01 5.940352167099857139e-01
6.770442128181457520e-01 5.734456240501615287e-01 6.681277155876159668e-01 5.883787536491708048e-01
6.754786372184753418e-01 5.740688915200642395e-01 6.543518900871276855e-01 5.987497004679364077e-01
6.738235950469970703e-01 5.747726398283050653e-01 6.707367897033691406e-01 5.867901220871047929e-01
6.789228916168212891e-01 5.716717442409960936e-01 6.730327606201171875e-01 5.889328317710885718e-01
6.851851940155029297e-01 5.664140454322329488e-01 6.725109815597534180e-01 5.853485573908153716e-01
6.802648305892944336e-01 5.700329318842578541e-01 6.799206733703613281e-01 5.793219317575756255e-01
6.800858974456787109e-01 5.668435881657855058e-01 6.759549379348754883e-01 5.818268673525949231e-01
6.849167943000793457e-01 5.683018006564338753e-01 6.725109815597534180e-01 5.794794879833509160e-01
6.829933524131774902e-01 5.664036742986944262e-01 6.706324219703674316e-01 5.828043422104793869e-01
6.855430603027343750e-01 5.650969470394043848e-01 6.707367897033691406e-01 5.767860731583899225e-01
6.846483945846557617e-01 5.600061820922287437e-01 6.502817869186401367e-01 5.961209849733023480e-01
6.846483945846557617e-01 5.651552042182175217e-01 6.763723492622375488e-01 5.783560872948809717e-01
6.820540428161621094e-01 5.657802978042285602e-01 6.830515265464782715e-01 5.754504300960293639e-01
6.883610486984252930e-01 5.587885146982278783e-01 6.760593056678771973e-01 5.742186687978466653e-01
6.865271329879760742e-01 5.583806149881499481e-01 6.742851138114929199e-01 5.776366512826678346e-01
6.879584789276123047e-01 5.616768693471769769e-01 6.767898201942443848e-01 5.837096202923395261e-01
6.871086359024047852e-01 5.610837904087523365e-01 6.786683201789855957e-01 5.725354519922483121e-01
6.941313147544860840e-01 5.532270264787652048e-01 6.852431893348693848e-01 5.686161275871410847e-01
6.914474964141845703e-01 5.547765746358085392e-01 6.706324219703674316e-01 5.830637861756237106e-01
6.902397274971008301e-01 5.585000516690472594e-01 6.756418347358703613e-01 5.745417506678371922e-01
6.910001635551452637e-01 5.515276669048201352e-01 6.683364510536193848e-01 5.779496871760732013e-01
6.923421025276184082e-01 5.526715921340378257e-01 6.863911747932434082e-01 5.640373752749655578e-01
6.959205865859985352e-01 5.498848651427662437e-01 6.749113202095031738e-01 5.798882100084982172e-01
6.890320181846618652e-01 5.557254902214627812e-01 6.823210120201110840e-01 5.739222768327931767e-01
6.968598961830139160e-01 5.479611922598712770e-01 6.808599233627319336e-01 5.676675483419560964e-01
6.970388293266296387e-01 5.478385101279283909e-01 6.682320833206176758e-01 5.807943957206775920e-01
6.963678598403930664e-01 5.508840407960891028e-01 6.882696747779846191e-01 5.653063029243662330e-01
6.977545022964477539e-01 5.492263840080523485e-01 6.881653070449829102e-01 5.641713908944839817e-01
6.968151926994323730e-01 5.475282011699283968e-01 6.807555556297302246e-01 5.716535334446762873e-01
6.961889266967773438e-01 5.521717008718503017e-01 6.809642910957336426e-01 5.674686051066945014e-01
6.953390836715698242e-01 5.454544039110865716e-01 6.834689974784851074e-01 5.678576290346192268e-01
7.014224529266357422e-01 5.414026476313504865e-01 6.897307634353637695e-01 5.661596836986035886e-01
6.994990110397338867e-01 5.427143587838304528e-01 6.824253797531127930e-01 5.697464061987671524e-01
6.966362595558166504e-01 5.476813037678303075e-01 6.860780715942382812e-01 5.649630031240332473e-01
6.960994601249694824e-01 5.434204396396997705e-01 6.905656456947326660e-01 5.625653975170655796e-01
6.967704296112060547e-01 5.482907024451969535e-01 6.850344538688659668e-01 5.657392394266504976e-01
6.989622712135314941e-01 5.423875283439890671e-01 6.890001893043518066e-01 5.680827257330147706e-01
7.028090953826904297e-01 5.382328449474674814e-01 6.886871457099914551e-01 5.673835516548236813e-01
7.020486593246459961e-01 5.384616851699994822e-01 6.881653070449829102e-01 5.670889588020410210e-01
7.032116651535034180e-01 5.376823444361336080e-01 6.928616166114807129e-01 5.558930013777443335e-01
6.970388293266296387e-01 5.454654557842713025e-01 6.892089247703552246e-01 5.562477158843239788e-01
6.980676054954528809e-01 5.403270813471346967e-01 6.940096020698547363e-01 5.654255935404798317e-01
7.039721012115478516e-01 5.367086562472179745e-01 6.942183375358581543e-01 5.626358487267156816e-01
7.055376768112182617e-01 5.366543318125147621e-01 6.848257184028625488e-01 5.565149198118864993e-01
7.068795561790466309e-01 5.345842053796806548e-01 6.980797052383422852e-01 5.525270129041367495e-01
7.043299078941345215e-01 5.388920478113522483e-01 6.879565715789794922e-01 5.591392199596515455e-01
6.986491084098815918e-01 5.410154073348005799e-01 6.948444843292236328e-01 5.545224662713879038e-01
7.020039558410644531e-01 5.341153441953155889e-01 6.829472184181213379e-01 5.688255455518311798e-01
