5.602523088455200195e-01 6.857376051921710847e-01 5.814026594161987305e-01 6.667562302033255284e-01
5.816782712936401367e-01 6.729723962374121182e-01 5.852640271186828613e-01 6.672560837616678953e-01
5.883432030677795410e-01 6.682017868523691950e-01 5.954915285110473633e-01 6.656211561361451423e-01
5.913848876953125000e-01 6.665655039017561734e-01 5.981006026268005371e-01 6.633335138332666636e-01
5.895061492919921875e-01 6.670200222185673766e-01 5.951784849166870117e-01 6.631722932716820340e-01
5.902218818664550781e-01 6.658203619220512959e-01 5.978918671607971191e-01 6.668549609243982212e-01
5.939345359802246094e-01 6.637697382910900945e-01 5.971613526344299316e-01 6.609220583014387973e-01
5.965288877487182617e-01 6.636762321048653712e-01 5.847422480583190918e-01 6.685183302292717622e-01
5.923241972923278809e-01 6.647620576399343451e-01 5.871425867080688477e-01 6.656682249450205369e-01
5.952317118644714355e-01 6.623884476154727752e-01 5.902734398841857910e-01 6.631207959782825512e-01
5.968867540359497070e-01 6.630036587001898463e-01 5.889167189598083496e-01 6.655343155153259360e-01
5.980944633483886719e-01 6.624465183018144465e-01 5.990398526191711426e-01 6.638385344959952805e-01
5.974682569503784180e-01 6.620300758352090087e-01 5.970569849014282227e-01 6.633608873441357856e-01
5.998836755752563477e-01 6.594628459184236347e-01 5.994573235511779785e-01 6.637821807241270911e-01
6.016281843185424805e-01 6.581298551718991474e-01 5.985180735588073730e-01 6.641189387187508286e-01
6.027017235755920410e-01 6.593397052711654771e-01 6.017532944679260254e-01 6.602059181237663887e-01
6.086509227752685547e-01 6.562636537615014198e-01 6.108328104019165039e-01 6.555390946304243682e-01
6.011809110641479492e-01 6.578025634332725913e-01 6.061365008354187012e-01 6.554202127247656939e-01
6.078010201454162598e-01 6.552241268727877488e-01 6.145898699760437012e-01 6.561122455295355094e-01
6.010019779205322266e-01 6.575337323227004038e-01 6.102066636085510254e-01 6.577006884119849239e-01
6.088745594024658203e-01 6.542902319668912892e-01 6.194949150085449219e-01 6.531104263446196878e-01
6.046698689460754395e-01 6.562861996636362161e-01 6.000834703445434570e-01 6.535488063645646939e-01
6.109321713447570801e-01 6.522476758763239291e-01 6.125026345252990723e-01 6.518794682473286750e-01
6.110216379165649414e-01 6.521103196439300698e-01 6.156334877014160156e-01 6.499724150251381394e-01
6.103506684303283691e-01 6.520638853220889208e-01 6.066583395004272461e-01 6.519502017175049513e-01
6.099480986595153809e-01 6.504808013459227878e-01 6.132331490516662598e-01 6.515708736028732462e-01
6.108427047729492188e-01 6.483315816397401399e-01 6.115633249282836914e-01 6.510997200853215761e-01
6.063696742057800293e-01 6.507149694601097600e-01 6.192861795425415039e-01 6.462382009745489819e-01
6.129450798034667969e-01 6.468023999493670573e-01 6.158422231674194336e-01 6.472791376105929695e-01
6.218464970588684082e-01 6.453830954064024850e-01 6.188687086105346680e-01 6.577779635136969949e-01
6.149132251739501953e-01 6.466775857009451345e-01 6.094760894775390625e-01 6.492878520595731784e-01
6.145553588867187500e-01 6.443613668336150013e-01 6.097891926765441895e-01 6.504313773214133176e-01
6.150921583175659180e-01 6.452151060658931625e-01 6.128156781196594238e-01 6.508827703752041449e-01
6.173287034034729004e-01 6.434814178958564446e-01 6.144855022430419922e-01 6.476572471828456745e-01
6.200572848320007324e-01 6.423395739341383193e-01 6.189730763435363770e-01 6.394762647746624618e-01
6.209071278572082520e-01 6.392043059084235868e-01 6.173032522201538086e-01 6.443059487846444222e-01
6.192073822021484375e-01 6.389641439707809401e-01 6.208515763282775879e-01 6.373629624001095895e-01
6.258722543716430664e-01 6.358270792846795194e-01 6.239824891090393066e-01 6.446068160619996545e-01
6.238593459129333496e-01 6.374499288158140820e-01 6.260697245597839355e-01 6.330317659060558100e-01
6.277062296867370605e-01 6.326169972130514241e-01 6.147986054420471191e-01 6.529088624333370117e-01
6.273036599159240723e-01 6.345631945834941945e-01 6.223126649856567383e-01 6.457195630204923820e-01
6.256486177444458008e-01 6.325976190274379407e-01 6.146942377090454102e-01 6.466495158701693891e-01
6.283771991729736328e-01 6.303930328344057310e-01 6.236693859100341797e-01 6.366029063885457751e-01
6.303453445434570312e-01 6.292427721081574887e-01 6.300354599952697754e-01 6.320297351039741995e-01
6.273036599159240723e-01 6.296809081272781716e-01 6.197035908699035645e-01 6.337007566201017239e-01
6.311951875686645508e-01 6.267880542181455406e-01 6.284700632095336914e-01 6.292695179659397731e-01
6.320450901985168457e-01 6.257532747130122308e-01 6.251304745674133301e-01 6.279912654056202248e-01
6.281982660293579102e-01 6.265562196114042859e-01 6.224170327186584473e-01 6.391697870592711883e-01
6.351315379142761230e-01 6.228468913493632186e-01 6.313921809196472168e-01 6.277437625611109739e-01
6.335659623146057129e-01 6.202118473970990031e-01 6.273220777511596680e-01 6.283576891955242605e-01
6.310162544250488281e-01 6.231784020389079526e-01 6.282613277435302734e-01 6.326275880539300456e-01
6.299874782562255859e-01 6.251571498162035168e-01 6.262784600257873535e-01 6.317451809000506069e-01
6.351762413978576660e-01 6.186430635872883776e-01 6.286787986755371094e-01 6.281572129103863977e-01
6.393361687660217285e-01 6.162886025547703595e-01 6.353579759597778320e-01 6.234375786194097380e-01
6.387547254562377930e-01 6.158490916402464821e-01 6.328532695770263672e-01 6.229788790140289301e-01
6.426462531089782715e-01 6.139897971273556854e-01 6.317052841186523438e-01 6.184177960142216435e-01
6.403203010559082031e-01 6.124869806754992263e-01 6.485075950622558594e-01 6.167863432362292730e-01
6.467167735099792480e-01 6.100260584101435679e-01 6.302441954612731934e-01 6.166114547112818700e-01
6.431382894515991211e-01 6.103574033925903697e-01 6.347317695617675781e-01 6.137783118937513160e-01
6.422436833381652832e-01 6.156203321596658284e-01 6.351492404937744141e-01 6.177757865724222697e-01
6.485954523086547852e-01 6.076310336493832009e-01 6.394280791282653809e-01 6.132454194347785048e-01
6.483270525932312012e-01 6.054596956715981859e-01 6.429764032363891602e-01 6.124519049636110157e-01
6.522186398506164551e-01 6.003261329684493885e-01 6.406804323196411133e-01 6.208783187962753081e-01
6.468062400817871094e-01 6.052144809152300020e-01 6.445418596267700195e-01 6.128741851730800105e-01
6.542762517929077148e-01 6.012644576224386306e-01 6.476727128028869629e-01 6.203960495163318711e-01
6.508767008781433105e-01 6.022858812079956436e-01 6.456898450851440430e-01 6.068242024066576867e-01
6.561549305915832520e-01 5.972650793908768074e-01 6.409935355186462402e-01 6.114846019101923824e-01
6.560207605361938477e-01 5.954733560157389194e-01 6.454811096191406250e-01 6.132120148196545939e-01
6.565127968788146973e-01 5.949811303651829641e-01 6.554998755455017090e-01 6.046663383381571943e-01
6.584362387657165527e-01 5.952932213943489259e-01 6.442287564277648926e-01 6.039621175840835798e-01
6.595991849899291992e-01 5.939297074281074673e-01 6.541432142257690430e-01 6.025696763338412865e-01
6.608964204788208008e-01 5.905379624342445011e-01 6.510123014450073242e-01 6.042089855912283758e-01
6.618357300758361816e-01 5.921998242078601038e-01 6.445418596267700195e-01 6.057129631433624262e-01
6.635802388191223145e-01 5.913577527154385560e-01 6.425589919090270996e-01 6.154385068749516075e-01
6.652352809906005859e-01 5.853307867630327399e-01 6.568565964698791504e-01 5.972406039579356563e-01
6.660851836204528809e-01 5.842609887559078174e-01 6.463159918785095215e-01 6.023731457119668731e-01
6.645643115043640137e-01 5.886660829535705908e-01 6.441243886947631836e-01 6.282132203756606303e-01
6.685453653335571289e-01 5.856808757692399947e-01 6.546649932861328125e-01 6.038682411891934665e-01
6.667113900184631348e-01 5.845088329846710451e-01 6.591525673866271973e-01 5.959387094908331628e-01
6.704688072204589844e-01 5.811401293025628689e-01 6.420371532440185547e-01 6.051295366075237769e-01
6.646985411643981934e-01 5.847587499278967815e-01 6.609267592430114746e-01 5.929201093279377055e-01
6.716765165328979492e-01 5.806580980938733649e-01 6.566478610038757324e-01 5.957753083771092362e-01
6.691268682479858398e-01 5.781803494340982397e-01 6.601961851119995117e-01 5.918765515182342618e-01
6.628198027610778809e-01 5.911886807011883516e-01 6.611354351043701172e-01 5.956076654430422224e-01
6.698425412178039551e-01 5.752230639171037607e-01 6.550824642181396484e-01 6.043849731506820699e-01
6.726158261299133301e-01 5.778061258470805761e-01 6.612398028373718262e-01 5.911648915172792451e-01
6.690821051597595215e-01 5.813664588887270668e-01 6.637445092201232910e-01 5.878937210327049856e-01
6.747629046440124512e-01 5.739614169442774916e-01 6.579002141952514648e-01 5.930239715846886694e-01
6.727052927017211914e-01 5.763093607117268924e-01 6.573784351348876953e-01 5.919633221710880466e-01
6.811146736145019531e-01 5.702065939253996296e-01 6.530995368957519531e-01 5.936622176481870516e-01
6.714528799057006836e-01 5.756355128938385191e-01 6.549780964851379395e-01 6.039232276247876730e-01
6.761943101882934570e-01 5.716228727834513634e-01 6.604049205780029297e-01 6.019078818698239131e-01
6.777151823043823242e-01 5.726011225673418581e-01 6.582133173942565918e-01 5.966749020469783726e-01
6.800411343574523926e-01 5.663162865735140716e-01 6.520559191703796387e-01 6.036522399157479013e-01
6.812936067581176758e-01 5.642249251248094843e-01 6.606136560440063477e-01 5.985056565714091947e-01
6.776257157325744629e-01 5.730021425427381798e-01 6.697975397109985352e-01 5.818761355865477158e-01
6.814277768135070801e-01 5.665934600521230768e-01 6.678146719932556152e-01 5.852500929809567598e-01
6.773125529289245605e-01 5.688961903318179303e-01 6.649968624114990234e-01 5.835660120013163032e-01
6.821882128715515137e-01 5.667611174132107799e-01 6.612398028373718262e-01 5.915698657028860552e-01
6.794149279594421387e-01 5.681278835172238750e-01 6.580045819282531738e-01 5.933823750228579552e-01
