5.454911589622497559e-01 8.157340941797708300e-01 5.761845111846923828e-01 6.769072112622078752e-01
5.637860298156738281e-01 6.796505806654675741e-01 5.854727625846862793e-01 6.742886377261740893e-01
5.706298351287841797e-01 6.748976900914974708e-01 5.793153643608093262e-01 6.729724017793961011e-01
5.735372900962829590e-01 6.770888392070811834e-01 5.874556303024291992e-01 6.772227177189974467e-01
5.721954107284545898e-01 6.771259386033102734e-01 5.763932466506958008e-01 6.765281267415952371e-01
5.645017027854919434e-01 6.793147896926887697e-01 5.738885402679443359e-01 6.741565552516213256e-01
5.643227696418762207e-01 6.772329311909199845e-01 5.735754370689392090e-01 6.743944812681897938e-01
5.700483322143554688e-01 6.754287278040040921e-01 5.792109966278076172e-01 6.743827616215448684e-01
5.656647086143493652e-01 6.763444250140596692e-01 5.807764530181884766e-01 6.698293384344188306e-01
5.657541751861572266e-01 6.770670679413711701e-01 5.687747597694396973e-01 6.753442320413615141e-01
5.615047216415405273e-01 6.772343471131739845e-01 5.751408934593200684e-01 6.717285111039547063e-01
5.747897624969482422e-01 6.734497975548044968e-01 5.739929080009460449e-01 6.719925169207262572e-01
5.689300298690795898e-01 6.752393283343183228e-01 5.589647293090820312e-01 6.789796368559724016e-01
5.581946969032287598e-01 6.802446199862639542e-01 5.603214502334594727e-01 6.767158999345517234e-01
5.649937391281127930e-01 6.769772722482638727e-01 5.666875243186950684e-01 6.767079194934202402e-01
5.627571940422058105e-01 6.781743581338951499e-01 5.571905374526977539e-01 6.778754748946762554e-01
5.336375236511230469e-01 6.868537654601988285e-01 5.356919169425964355e-01 6.908675231408087924e-01
4.988817274570465088e-01 6.951647065346602261e-01 5.008348822593688965e-01 6.937561013633387619e-01
4.972714185714721680e-01 6.944703375595715489e-01 4.990607500076293945e-01 6.933429747403128118e-01
5.000447034835815430e-01 6.943090250803929386e-01 4.985389411449432373e-01 6.932244323111605988e-01
5.004920363426208496e-01 6.937493799325284982e-01 4.991650879383087158e-01 6.932591421697215095e-01
4.945875704288482666e-01 6.937404075298524431e-01 4.991650879383087158e-01 6.931365628975016957e-01
5.024154782295227051e-01 6.937523678646336789e-01 4.988520145416259766e-01 6.933309907854486864e-01
4.965557456016540527e-01 6.941659446798383870e-01 4.990607500076293945e-01 6.933410517658328276e-01
5.029522180557250977e-01 6.937251662521205509e-01 5.015654563903808594e-01 6.931720081039520753e-01
4.953927397727966309e-01 6.942092056968894864e-01 4.985389411449432373e-01 6.934664741833407309e-01
4.938718974590301514e-01 6.941578777899872765e-01 5.013567209243774414e-01 6.931575639241425169e-01
4.940060973167419434e-01 6.938772496201950357e-01 5.014610886573791504e-01 6.937384417300382911e-01
4.945428371429443359e-01 6.940261164063907806e-01 5.014610886573791504e-01 6.932773955478919170e-01
4.970477819442749023e-01 6.947714278684743450e-01 4.986432790756225586e-01 6.932022982364257624e-01
5.036231875419616699e-01 6.941435339092930645e-01 4.987476468086242676e-01 6.950822164907357603e-01
5.013419389724731445e-01 6.938034608829509731e-01 5.009392499923706055e-01 6.932547002365185840e-01
4.896224737167358398e-01 6.941857689564674416e-01 5.009392499923706055e-01 6.931864897186137409e-01
4.961084127426147461e-01 6.938455597640662553e-01 4.990607500076293945e-01 6.932765383034652507e-01
4.982107579708099365e-01 6.941991680251569097e-01 4.986432790756225586e-01 6.932643533151101600e-01
5.059044361114501953e-01 6.965767066345207592e-01 4.991650879383087158e-01 8.069120381401466702e-01
5.026838183403015137e-01 7.458742611052887606e-01 5.009392499923706055e-01 6.960025127285881519e-01
4.969583153724670410e-01 6.956269510062356165e-01 5.009392499923706055e-01 6.952512309910036103e-01
5.025049448013305664e-01 6.942823149155878948e-01 4.990607500076293945e-01 6.942976424799063295e-01
4.996421635150909424e-01 6.936646447900071122e-01 4.990607500076293945e-01 6.933332676803909411e-01
4.937824308872222900e-01 6.935419173120364045e-01 4.990607500076293945e-01 6.932973474282806414e-01
4.986133575439453125e-01 6.937224719494096137e-01 4.990607500076293945e-01 6.932789380155757186e-01
4.967793822288513184e-01 6.934414743779916401e-01 5.009392499923706055e-01 6.931800653306956495e-01
4.937376976013183594e-01 6.935552109074861749e-01 5.009392499923706055e-01 6.931476683463365651e-01
4.970030486583709717e-01 6.935517470020581277e-01 4.990607500076293945e-01 6.932373961907690729e-01
4.974950850009918213e-01 6.934894225447649774e-01 4.990607500076293945e-01 6.931479401564553111e-01
4.974950850009918213e-01 6.935783935629803443e-01 4.990607500076293945e-01 6.932606903726883374e-01
4.959295094013214111e-01 6.935490267842843171e-01 4.990607500076293945e-01 6.934240936262576760e-01
4.957505762577056885e-01 6.935221557327962971e-01 5.009392499923706055e-01 6.931478478445237679e-01
4.962426126003265381e-01 6.936699908435355333e-01 5.009392499923706055e-01 6.931709962805834291e-01
4.970030486583709717e-01 6.935107544915026789e-01 4.990607500076293945e-01 6.931951585927703663e-01
5.021917819976806641e-01 6.935265216637135355e-01 5.009392499923706055e-01 6.934008638387531009e-01
5.005367398262023926e-01 6.935392825926409710e-01 4.990607500076293945e-01 6.937491323350242212e-01
4.984791576862335205e-01 6.937726760810678517e-01 5.009392499923706055e-01 6.931512877453943622e-01
5.014314055442810059e-01 6.934320165744555231e-01 5.009392499923706055e-01 6.933812676703250411e-01
4.991948604583740234e-01 6.937568284655154516e-01 5.009392499923706055e-01 6.932696288797954853e-01
5.011182427406311035e-01 6.934993812555404480e-01 5.009392499923706055e-01 6.931910228440617550e-01
4.978529214859008789e-01 6.935512241789940635e-01 5.009392499923706055e-01 6.934318296149438732e-01
5.035337209701538086e-01 6.935180940852435638e-01 4.990607500076293945e-01 6.932780139383057927e-01
5.034442543983459473e-01 6.942568863839534421e-01 5.009392499923706055e-01 6.931597333042985865e-01
4.991501271724700928e-01 6.935985865906922898e-01 5.009392499923706055e-01 6.933957771527395897e-01
4.992395639419555664e-01 6.937367920692970591e-01 5.009392499923706055e-01 6.931521677816617766e-01
4.953480064868927002e-01 6.938053492591982341e-01 5.009392499923706055e-01 6.931458479849039733e-01
4.962873458862304688e-01 6.936461446344542869e-01 5.009392499923706055e-01 6.934805506954261345e-01
4.961531460285186768e-01 6.935156367187275128e-01 5.009392499923706055e-01 6.933433192802903600e-01
4.950349032878875732e-01 6.937794483802168788e-01 4.990607500076293945e-01 6.936440431755684921e-01
4.986580908298492432e-01 6.937894997026822219e-01 4.990607500076293945e-01 6.932298424621634592e-01
4.985686242580413818e-01 6.935476412242460587e-01 4.990607500076293945e-01 6.937095168437571457e-01
5.010735392570495605e-01 6.938397412458799929e-01 4.990607500076293945e-01 6.933990790460284881e-01
4.942297339439392090e-01 6.938611101029191763e-01 5.009392499923706055e-01 6.931663722863552479e-01
5.033995509147644043e-01 6.934563012813322880e-01 5.009392499923706055e-01 6.932153362517216033e-01
5.011182427406311035e-01 6.937845491897998151e-01 4.990607500076293945e-01 6.931677118170811447e-01
4.970477819442749023e-01 6.940115035102797370e-01 4.990607500076293945e-01 6.933601743566345510e-01
4.938271641731262207e-01 6.938115299590522644e-01 4.990607500076293945e-01 6.933587039843204236e-01
5.000894665718078613e-01 6.936547663092804683e-01 4.990607500076293945e-01 6.932379172306621928e-01
4.982107579708099365e-01 6.942183715240497488e-01 4.990607500076293945e-01 6.933848334115174650e-01
5.034442543983459473e-01 6.936464491631054718e-01 4.990607500076293945e-01 6.933817811958776778e-01
5.016997456550598145e-01 6.938660351699826867e-01 5.009392499923706055e-01 6.933138075787547150e-01
4.986580908298492432e-01 6.940967244162588035e-01 5.009392499923706055e-01 6.931468803234176468e-01
5.024154782295227051e-01 6.936048356295272388e-01 4.990607500076293945e-01 6.932713998879352912e-01
5.035784840583801270e-01 6.938644807781083612e-01 5.009392499923706055e-01 6.959719639112097456e-01
4.985686242580413818e-01 6.947958030007909125e-01 4.990607500076293945e-01 6.932000845788889309e-01
4.990159273147583008e-01 6.948624875874399587e-01 4.990607500076293945e-01 6.934525314489105030e-01
5.007604360580444336e-01 6.938439662223170323e-01 4.990607500076293945e-01 6.932285507669331270e-01
4.987027943134307861e-01 6.946684528728102048e-01 5.009392499923706055e-01 6.950267620635067756e-01
4.993737637996673584e-01 6.940838938579296791e-01 4.990607500076293945e-01 6.936032948103808549e-01
5.004025697708129883e-01 6.942312010692385238e-01 4.990607500076293945e-01 6.932385587737047716e-01
5.032653212547302246e-01 6.938710074493850133e-01 5.009392499923706055e-01 6.934391825713187574e-01
4.995079636573791504e-01 6.937932620792487404e-01 5.009392499923706055e-01 6.931454438153997755e-01
5.009393692016601562e-01 6.942441328242887622e-01 5.009392499923706055e-01 6.932868460876362438e-01
5.045625567436218262e-01 6.934983999918133968e-01 4.990607500076293945e-01 6.935535420756379077e-01
4.978529214859008789e-01 6.944351873493381788e-01 5.009392499923706055e-01 6.931454077241714362e-01
4.926194250583648682e-01 6.949349440238326014e-01 5.009392499923706055e-01 6.965301271222424928e-01
4.948112368583679199e-01 6.942736232594270973e-01 5.009392499923706055e-01 6.931812046365930513e-01
5.016550421714782715e-01 6.935114363669325765e-01 5.009392499923706055e-01 6.931459343998199740e-01
5.012524724006652832e-01 6.938457321258963972e-01 5.009392499923706055e-01 6.931461476503346653e-01
5.018786787986755371e-01 6.941533499059234780e-01 5.009392499923706055e-01 6.931515516181799841e-01
4.983896911144256592e-01 6.937010788516551063e-01 4.990607500076293945e-01 6.934970737971634103e-01
4.948112368583679199e-01 6.939893214534957888e-01 4.990607500076293945e-01 6.947942201465685530e-01
5.057255029678344727e-01 6.939900278362568509e-01 5.009392499923706055e-01 6.931538779783835702e-01
