4.971819519996643066e-01 3.939598433050833570e+00 4.991650879383087158e-01 8.399183034424093641e-01
4.940060973167419434e-01 7.390036491657502316e-01 5.009392499923706055e-01 7.486913568091227988e-01
5.068885087966918945e-01 7.065607448514916733e-01 5.009392499923706055e-01 6.958791229526326561e-01
5.023707151412963867e-01 7.092537959928609803e-01 5.009392499923706055e-01 7.380205782612836440e-01
5.024601817131042480e-01 7.285917120620589715e-01 4.990607500076293945e-01 6.966655471209965977e-01
5.017892122268676758e-01 6.983672568998133823e-01 4.990607500076293945e-01 7.160228872766974950e-01
4.986580908298492432e-01 7.157912161124586614e-01 4.990607500076293945e-01 6.943318400321288886e-01
5.034442543983459473e-01 7.015681674387016509e-01 5.012523531913757324e-01 6.948463476244131076e-01
5.025049448013305664e-01 6.993045664405243000e-01 5.009392499923706055e-01 6.942910207783447030e-01
4.948112368583679199e-01 7.034857452800905575e-01 4.990607500076293945e-01 6.933403262089796737e-01
5.039810538291931152e-01 7.063155922272866816e-01 5.009392499923706055e-01 6.939650082906684281e-01
4.980318546295166016e-01 7.079276339827336173e-01 5.009392499923706055e-01 6.996829328345893773e-01
4.999105334281921387e-01 6.995178009640831140e-01 4.987476468086242676e-01 7.163071026386037543e-01
4.991053938865661621e-01 7.076249790865655198e-01 4.990607500076293945e-01 6.999992723256952543e-01
4.961978793144226074e-01 7.218358716441728440e-01 4.990607500076293945e-01 6.960821450938513566e-01
4.993290305137634277e-01 7.103923740914221963e-01 4.990607500076293945e-01 6.942893620374381847e-01
4.988817274570465088e-01 6.981431891867418971e-01 5.009392499923706055e-01 7.141041468912115997e-01
5.015208721160888672e-01 7.032865838834735372e-01 4.990607500076293945e-01 8.297745844960038308e-01
4.991053938865661621e-01 7.068868322328925036e-01 5.009392499923706055e-01 6.932132349858276532e-01
4.950796067714691162e-01 6.978200207479227091e-01 4.990607500076293945e-01 6.932346521875002443e-01
5.035784840583801270e-01 6.959421245628188979e-01 5.009392499923706055e-01 6.939546729124456137e-01
4.966899156570434570e-01 6.959415403114573850e-01 5.009392499923706055e-01 6.940181893064243379e-01
5.023707151412963867e-01 6.951144519592785675e-01 4.990607500076293945e-01 6.969066873096370074e-01
5.033547878265380859e-01 6.949450265083613187e-01 4.990607500076293945e-01 6.950009487113681939e-01
4.967346489429473877e-01 6.951877675493280950e-01 4.990607500076293945e-01 7.009819985505957307e-01
4.995079636573791504e-01 6.945855212693650138e-01 5.009392499923706055e-01 7.007364192279686987e-01
4.963320791721343994e-01 6.950080458839329456e-01 4.990607500076293945e-01 6.940006279069529382e-01
4.988369941711425781e-01 6.945077431481347929e-01 5.009392499923706055e-01 7.008131508214119343e-01
5.018786787986755371e-01 6.944906939374971833e-01 5.009392499923706055e-01 6.953986262857130285e-01
4.953927397727966309e-01 6.943980801679257020e-01 5.009392499923706055e-01 6.932432413648598191e-01
4.974950850009918213e-01 6.942640523041141432e-01 5.009392499923706055e-01 6.941557203994317415e-01
5.051440596580505371e-01 6.956707062864585511e-01 5.009392499923706055e-01 6.941488368529612485e-01
5.009840726852416992e-01 6.942894961928228748e-01 4.990607500076293945e-01 6.931936885190392861e-01
5.029969811439514160e-01 6.953274877473650806e-01 4.990607500076293945e-01 6.941834731730009977e-01
4.975845515727996826e-01 6.948151880117707790e-01 5.009392499923706055e-01 6.949530361191860184e-01
4.973608851432800293e-01 6.951905489821066375e-01 4.990607500076293945e-01 6.961518815454026399e-01
5.012524724006652832e-01 6.942087162008095946e-01 4.990607500076293945e-01 6.934466931919941457e-01
5.024601817131042480e-01 6.945622310290333612e-01 5.009392499923706055e-01 6.936924463024071175e-01
5.004920363426208496e-01 6.944442974004576552e-01 5.009392499923706055e-01 6.933215894123826439e-01
5.016997456550598145e-01 6.941940356695837089e-01 4.990607500076293945e-01 6.931614608063974003e-01
4.965110123157501221e-01 6.941389641345432349e-01 5.009392499923706055e-01 6.931563782507829119e-01
4.958847761154174805e-01 6.944919623465204417e-01 5.009392499923706055e-01 6.944682162555964045e-01
5.000894665718078613e-01 6.938013163635013969e-01 5.009392499923706055e-01 6.944687230879119655e-01
4.983002245426177979e-01 6.950243367857019683e-01 4.990607500076293945e-01 6.933483186058748693e-01
4.978081881999969482e-01 6.940090775937721723e-01 4.990607500076293945e-01 6.947214326115048744e-01
5.009393692016601562e-01 6.946349748240150390e-01 4.990607500076293945e-01 6.931474533292053541e-01
4.944534003734588623e-01 6.945964540452388425e-01 5.009392499923706055e-01 6.933408086321294350e-01
5.006709694862365723e-01 6.945884065863526802e-01 4.990607500076293945e-01 6.939718835514588902e-01
5.029522180557250977e-01 6.946803264721153059e-01 5.009392499923706055e-01 7.017840309621794503e-01
5.026391148567199707e-01 6.944183307526725635e-01 4.990607500076293945e-01 6.932327850356129195e-01
4.995079636573791504e-01 6.941799801286249183e-01 4.990607500076293945e-01 6.931516784911014861e-01
5.000000000000000000e-01 6.950072102138022956e-01 5.009392499923706055e-01 6.932456871458494430e-01
5.030864477157592773e-01 6.945260942014263028e-01 5.009392499923706055e-01 6.931602781437503635e-01
5.002236366271972656e-01 6.956399337062471044e-01 4.990607500076293945e-01 6.965002181310540053e-01
5.012524724006652832e-01 6.941148969755549514e-01 5.009392499923706055e-01 6.931823353209044525e-01
5.010288357734680176e-01 6.940660641666472896e-01 5.009392499923706055e-01 6.932283725377239580e-01
4.982554912567138672e-01 6.946792732540962856e-01 5.009392499923706055e-01 6.932863493573812042e-01
4.957505762577056885e-01 6.949180698305192916e-01 4.990607500076293945e-01 6.938517330036708675e-01
4.946770370006561279e-01 6.946235232136505067e-01 4.990607500076293945e-01 6.975646581686605341e-01
4.995526969432830811e-01 6.945567935795834424e-01 4.990607500076293945e-01 6.953504576958735584e-01
4.988817274570465088e-01 6.945459869236826345e-01 4.990607500076293945e-01 6.931580883230951118e-01
4.925746917724609375e-01 6.946079743678464924e-01 4.990607500076293945e-01 6.994774351909249788e-01
5.014314055442810059e-01 6.946835898504122309e-01 4.990607500076293945e-01 6.938979921050321131e-01
5.017892122268676758e-01 6.942098812055322865e-01 5.009392499923706055e-01 6.939472116699449966e-01
4.988369941711425781e-01 6.940872811486200611e-01 4.990607500076293945e-01 6.957605604562100421e-01
4.973608851432800293e-01 6.944761351537439564e-01 5.009392499923706055e-01 7.065268577675409833e-01
4.977187216281890869e-01 6.945732403663216203e-01 4.990607500076293945e-01 6.931653715603238730e-01
5.022365450859069824e-01 6.940653034689004963e-01 5.009392499923706055e-01 6.995638008034072985e-01
4.988817274570465088e-01 6.944947556810315836e-01 4.990607500076293945e-01 7.180916209779236725e-01
4.974503517150878906e-01 6.950693991129205385e-01 5.009392499923706055e-01 6.931575075417066856e-01
4.985686242580413818e-01 6.940409140246437403e-01 4.990607500076293945e-01 6.934564744249263057e-01
4.988817274570465088e-01 6.949186202749879637e-01 4.990607500076293945e-01 6.938900507409595519e-01
5.007604360580444336e-01 6.942122312218329538e-01 4.990607500076293945e-01 6.939986507645282687e-01
4.944981336593627930e-01 6.947684185964345671e-01 5.009392499923706055e-01 6.931457092433054301e-01
4.982554912567138672e-01 6.942215524327245424e-01 4.990607500076293945e-01 6.966110980229546223e-01
5.000894665718078613e-01 6.948516358627917500e-01 5.009392499923706055e-01 6.931492088981123789e-01
5.044730901718139648e-01 6.941352208156793546e-01 4.990607500076293945e-01 6.944140835436369841e-01
5.067543387413024902e-01 6.946772204718365540e-01 4.990607500076293945e-01 6.936322894655719828e-01
4.940508008003234863e-01 6.947118360852486685e-01 4.990607500076293945e-01 7.031081423110540074e-01
5.073358416557312012e-01 6.943527460738144752e-01 4.990607500076293945e-01 6.955008758331135965e-01
4.957505762577056885e-01 6.945189302328939052e-01 4.990607500076293945e-01 6.931496727095842747e-01
5.004473328590393066e-01 6.944973434973624737e-01 5.009392499923706055e-01 7.032480550892192817e-01
5.021917819976806641e-01 6.945074913454388765e-01 4.990607500076293945e-01 6.936564119044785759e-01
5.024154782295227051e-01 6.945617318388003225e-01 4.990607500076293945e-01 6.937187902490969948e-01
5.006262063980102539e-01 6.943880024504888171e-01 4.990607500076293945e-01 6.953712126403033267e-01
5.019681453704833984e-01 6.943191187414591292e-01 5.009392499923706055e-01 6.934514242531336636e-01
4.984344244003295898e-01 6.939513895545327271e-01 4.990607500076293945e-01 7.150409393707661820e-01
4.949007034301757812e-01 6.949418346151126080e-01 4.990607500076293945e-01 6.931586128464573004e-01
5.051440596580505371e-01 6.945049826500346857e-01 5.009392499923706055e-01 6.931926204252033541e-01
4.956163763999938965e-01 6.949910961530101350e-01 4.990607500076293945e-01 6.936158363566820029e-01
5.024601817131042480e-01 6.942144470130380274e-01 4.990607500076293945e-01 6.931602226446227366e-01
4.978976547718048096e-01 6.942933668047696072e-01 4.990607500076293945e-01 6.932613335828198275e-01
4.997763335704803467e-01 6.944927152270898851e-01 5.009392499923706055e-01 6.932420008641846376e-01
4.966004788875579834e-01 6.945880365021903646e-01 4.990607500076293945e-01 7.007225897062847597e-01
4.922168552875518799e-01 6.946365871461863684e-01 4.990607500076293945e-01 6.932833572689065527e-01
5.027285814285278320e-01 6.940924254272551330e-01 5.009392499923706055e-01 6.932713742844373028e-01
4.990159273147583008e-01 6.940762067463940310e-01 4.990607500076293945e-01 6.974625133243887998e-01
5.006262063980102539e-01 6.944074255982032318e-01 4.990607500076293945e-01 6.949061306974529950e-01
5.044730901718139648e-01 6.943658929025579019e-01 4.990607500076293945e-01 6.931673418104561391e-01
4.996421635150909424e-01 6.942946472115072432e-01 4.990607500076293945e-01 6.940441538784454245e-01
