5.109143257141113281e-01 7.129771820034402907e-01 5.354831814765930176e-01 6.888107103436557077e-01
5.197262763977050781e-01 7.030982162705430305e-01 5.620955824851989746e-01 6.850001103966103511e-01
5.306852459907531738e-01 6.953011339520017708e-01 5.562512874603271484e-01 6.823327932743955548e-01
5.333691239356994629e-01 6.950620047669436863e-01 5.614694356918334961e-01 6.803224380865795506e-01
5.413759350776672363e-01 6.917938061297141950e-01 5.612607002258300781e-01 6.784302193295903560e-01
5.469672679901123047e-01 6.873431988427071149e-01 5.661657452583312988e-01 6.770263129125629886e-01
5.573000311851501465e-01 6.832772143988985469e-01 5.630348324775695801e-01 6.757051094517382284e-01
5.536321401596069336e-01 6.860622047716783412e-01 5.683573484420776367e-01 6.745466571266232059e-01
5.542583465576171875e-01 6.848819108443602310e-01 5.752452611923217773e-01 6.736661129195863351e-01
5.540794134140014648e-01 6.845695777599746235e-01 5.753496289253234863e-01 6.728285086650087621e-01
5.598496794700622559e-01 6.809455138516353756e-01 5.777499675750732422e-01 6.719298459522611289e-01
5.652621388435363770e-01 6.794081464140546700e-01 5.820288062095642090e-01 6.713337946649733379e-01
5.619967579841613770e-01 6.804285895463967337e-01 5.814026594161987305e-01 6.707540761202767099e-01
5.692878961563110352e-01 6.771189155359348399e-01 5.838029384613037109e-01 6.704433156413390771e-01
5.680801868438720703e-01 6.761631146699889072e-01 5.781673789024353027e-01 6.699107535645300038e-01
5.679012537002563477e-01 6.782158311502433090e-01 5.801503062248229980e-01 6.695713984073017322e-01
5.690194964408874512e-01 6.770790897044497436e-01 5.803589820861816406e-01 6.693504255640558842e-01
5.700483322143554688e-01 6.764276647508027374e-01 5.799415707588195801e-01 6.690293845964160324e-01
5.702719688415527344e-01 6.746512615610308350e-01 5.823419094085693359e-01 6.686640254293197971e-01
5.726426839828491211e-01 6.756861957460295054e-01 5.796284675598144531e-01 6.684363038747401786e-01
5.687958598136901855e-01 6.758602471849874949e-01 5.825506448745727539e-01 6.683022361338151196e-01
5.723742842674255371e-01 6.761543816457090683e-01 5.832811594009399414e-01 6.681786585117874822e-01
5.745213627815246582e-01 6.746235308333189407e-01 5.836986303329467773e-01 6.678896539272483057e-01
5.705403685569763184e-01 6.738568827427229291e-01 5.823419094085693359e-01 6.676510995426150341e-01
5.742977261543273926e-01 6.727619130403672543e-01 5.852640271186828613e-01 6.675772191437617797e-01
5.742530226707458496e-01 6.747854720993744504e-01 5.810895562171936035e-01 6.670988902645552665e-01
5.751923322677612305e-01 6.725504582950778687e-01 5.853683948516845703e-01 6.673381856452744731e-01
5.740740895271301270e-01 6.724755301802289864e-01 5.860989093780517578e-01 6.669994488784600772e-01
5.760869383811950684e-01 6.714262168999114433e-01 5.842204093933105469e-01 6.665063329838780692e-01
5.758633017539978027e-01 6.705619389393564500e-01 5.851596593856811523e-01 6.663996949620845101e-01
5.771157741546630859e-01 6.712403389673409215e-01 5.870382189750671387e-01 6.664673646092041936e-01
5.763106346130371094e-01 6.712806104845854271e-01 5.828636884689331055e-01 6.660688337590991992e-01
5.800679922103881836e-01 6.703424027789831596e-01 5.879774689674377441e-01 6.659891328814631084e-01
5.790839195251464844e-01 6.707738180624647217e-01 5.847422480583190918e-01 6.656526595733529561e-01
5.815441012382507324e-01 6.700233173063220304e-01 5.874556303024291992e-01 6.655496621126920642e-01
5.810967683792114258e-01 6.692728052669953964e-01 5.828636884689331055e-01 6.651730939133185805e-01
5.811415314674377441e-01 6.709129787937518907e-01 5.873512625694274902e-01 6.651585929902852357e-01
5.806047320365905762e-01 6.700754004506780381e-01 5.894385576248168945e-01 6.649830133575060920e-01
5.829755067825317383e-01 6.694729178424042582e-01 5.876643657684326172e-01 6.646554732068897797e-01
5.807389616966247559e-01 6.700436464894284905e-01 5.887079834938049316e-01 6.647650141279076719e-01
5.805600285530090332e-01 6.690246411951651373e-01 5.893341898918151855e-01 6.643215624008664832e-01
5.865092277526855469e-01 6.683511375570407864e-01 5.897516012191772461e-01 6.642580140336175054e-01
5.820809006690979004e-01 6.695736049859249972e-01 5.912126898765563965e-01 6.641731517371144422e-01
5.806047320365905762e-01 6.696985272777636888e-01 5.901690721511840820e-01 6.636408404825226981e-01
5.805600285530090332e-01 6.692237688702064036e-01 5.894385576248168945e-01 6.634730674035612674e-01
5.821703076362609863e-01 6.685079559057252041e-01 5.886036157608032227e-01 6.632971031211457591e-01
5.822597742080688477e-01 6.682979879065306106e-01 5.881862044334411621e-01 6.631635005104344893e-01
5.835122466087341309e-01 6.673223165434275517e-01 5.906908512115478516e-01 6.630210435806001001e-01
5.849436521530151367e-01 6.657610385676875353e-01 5.904821753501892090e-01 6.627743635937008992e-01
5.893272757530212402e-01 6.659753575673106329e-01 5.914214253425598145e-01 6.625016125152713986e-01
5.841832160949707031e-01 6.666755923049184629e-01 5.919432044029235840e-01 6.622623968064672573e-01
5.859724283218383789e-01 6.666429064358724288e-01 5.924650430679321289e-01 6.619785978684119554e-01
5.863749980926513672e-01 6.653972791631482808e-01 5.919432044029235840e-01 6.617852490969924339e-01
5.889246463775634766e-01 6.652012308161338039e-01 5.930911898612976074e-01 6.615208093146147661e-01
5.877169370651245117e-01 6.650586306440913198e-01 5.935086607933044434e-01 6.612268764174972224e-01
5.882984399795532227e-01 6.650257193139977874e-01 5.940304994583129883e-01 6.608622996748875211e-01
5.882984399795532227e-01 6.640844787568477292e-01 5.969526171684265137e-01 6.608956950339363035e-01
5.885668396949768066e-01 6.641767554919607575e-01 5.989354848861694336e-01 6.604030119603920834e-01
5.871801972389221191e-01 6.641426499680386231e-01 5.995616912841796875e-01 6.601574108038782418e-01
5.896403789520263672e-01 6.636520273827508642e-01 5.965351462364196777e-01 6.598061203608257541e-01
5.932188034057617188e-01 6.631832771639125657e-01 6.005009412765502930e-01 6.601444064662641553e-01
5.919216275215148926e-01 6.639381785536947467e-01 5.968482494354248047e-01 6.592516465292571626e-01
5.927267670631408691e-01 6.621129276778493500e-01 5.952827930450439453e-01 6.588766564658030678e-01
5.953211784362792969e-01 6.608386754051136514e-01 5.983093380928039551e-01 6.586317762754277938e-01
5.937556028366088867e-01 6.617207611517906818e-01 5.987268090248107910e-01 6.583900410729394137e-01
5.945160388946533203e-01 6.620190801806474790e-01 5.991442203521728516e-01 6.581391009526023073e-01
5.958579182624816895e-01 6.605889240410102170e-01 5.999791026115417480e-01 6.578582004101434233e-01
5.962604880332946777e-01 6.608234267687835839e-01 6.013358235359191895e-01 6.575551530534055056e-01
5.951869487762451172e-01 6.617039067307105560e-01 6.019620299339294434e-01 6.576224390461657965e-01
5.948738455772399902e-01 6.605977623785601605e-01 6.008140444755554199e-01 6.572158725543849611e-01
5.942923426628112793e-01 6.611899279229946913e-01 6.027969121932983398e-01 6.569036084235623241e-01
5.993021726608276367e-01 6.598330053730286915e-01 5.998747944831848145e-01 6.567676714904321367e-01
5.960368514060974121e-01 6.591550340527049245e-01 6.030056476593017578e-01 6.565980427550314191e-01
5.994811058044433594e-01 6.611247837575481290e-01 6.023794412612915039e-01 6.563910975308936413e-01
5.966183543205261230e-01 6.596395103529156811e-01 6.025881767272949219e-01 6.563432994826405853e-01
5.993469357490539551e-01 6.585172609195958371e-01 6.039448976516723633e-01 6.560732457289937258e-01
5.953658819198608398e-01 6.583006203142597323e-01 6.032143831253051758e-01 6.556781924883126056e-01
5.963052511215209961e-01 6.595023459133169119e-01 6.057190299034118652e-01 6.558015524557253562e-01
5.945607423782348633e-01 6.594420773310276651e-01 6.044667363166809082e-01 6.555256357622952779e-01
5.936213731765747070e-01 6.597733815639043042e-01 6.065539717674255371e-01 6.556382789987035276e-01
5.990785360336303711e-01 6.579622661497921410e-01 6.078063249588012695e-01 6.551845272506510165e-01
5.988548994064331055e-01 6.580642061213044514e-01 6.077019572257995605e-01 6.551424846771588539e-01
5.976471900939941406e-01 6.589999351951085771e-01 6.070757508277893066e-01 6.551771076480472633e-01
6.049830317497253418e-01 6.580919398351141592e-01 6.066583395004272461e-01 6.549932304913602676e-01
6.040883660316467285e-01 6.580136340704048070e-01 6.085368394851684570e-01 6.547750631843770597e-01
5.986312627792358398e-01 6.581402143930403792e-01 6.088499426841735840e-01 6.549787521237895316e-01
5.984970331192016602e-01 6.577662889998806550e-01 6.085368394851684570e-01 6.545750978619537808e-01
6.031937599182128906e-01 6.580004199158209222e-01 6.092673540115356445e-01 6.542309924845057800e-01
6.049382686614990234e-01 6.575544551054892661e-01 6.098935604095458984e-01 6.541148517704586940e-01
6.046698689460754395e-01 6.563866470448338486e-01 6.117720603942871094e-01 6.539309361836428414e-01
6.009125113487243652e-01 6.570556751835813225e-01 6.111459136009216309e-01 6.538922462750018649e-01
6.038647294044494629e-01 6.577441057166636407e-01 6.091629862785339355e-01 6.539372848807534222e-01
6.039541959762573242e-01 6.549347930548335972e-01 6.086412072181701660e-01 6.540582867386295352e-01
6.032832264900207520e-01 6.564950933714931436e-01 6.086412072181701660e-01 6.538456374457822795e-01
6.053408384323120117e-01 6.553443191963949088e-01 6.084324717521667480e-01 6.535416782039163985e-01
6.012703776359558105e-01 6.567785120709975777e-01 6.092673540115356445e-01 6.533930742573922368e-01
6.018071174621582031e-01 6.569030091851698616e-01 6.099979281425476074e-01 6.533154468649838842e-01
6.036857962608337402e-01 6.549636031289202132e-01 6.096848249435424805e-01 6.535424488592536107e-01
6.027911901473999023e-01 6.557266379878695650e-01 6.094760894775390625e-01 6.532229526981981893e-01
6.040436625480651855e-01 6.547890510493388216e-01 6.090586781501770020e-01 6.530622053410111150e-01
