5.640543699264526367e-01 6.829517573507468686e-01 5.827593207359313965e-01 6.698487852988723734e-01
5.854356884956359863e-01 6.698554975974962966e-01 6.007096767425537109e-01 6.623800099829099119e-01
5.938003063201904297e-01 6.645799523113152807e-01 6.027969121932983398e-01 6.597828461839719827e-01
5.983628630638122559e-01 6.612183893488353670e-01 5.873512625694274902e-01 6.636840431880811630e-01
6.022991538047790527e-01 6.582062826491059671e-01 5.981006026268005371e-01 6.558083612195785284e-01
6.044462323188781738e-01 6.554030761946546546e-01 5.940304994583129883e-01 6.579609845456437789e-01
6.040436625480651855e-01 6.554362950821557288e-01 5.907952189445495605e-01 6.605771133830516950e-01
6.078457832336425781e-01 6.537134384379487129e-01 6.116676926612854004e-01 6.520823292532188509e-01
6.126766800880432129e-01 6.503634408135003930e-01 6.050928831100463867e-01 6.490368559922338187e-01
6.085614562034606934e-01 6.509858449705386851e-01 6.170945763587951660e-01 6.442781060256034253e-01
6.155394315719604492e-01 6.464699273310784422e-01 6.215821504592895508e-01 6.433400238040493102e-01
6.194310188293457031e-01 6.452670385722802937e-01 6.165727376937866211e-01 6.430135167632862192e-01
6.243066787719726562e-01 6.409857787243857796e-01 6.269046068191528320e-01 6.358506016804912342e-01
6.230989694595336914e-01 6.406579964765390933e-01 6.276351213455200195e-01 6.404199063267844716e-01
6.231436729431152344e-01 6.417205512875584494e-01 6.287831068038940430e-01 6.344878206893014294e-01
6.240830421447753906e-01 6.390389039683244121e-01 6.303485631942749023e-01 6.335815609534034554e-01
6.315082907676696777e-01 6.341388186202916444e-01 6.120851635932922363e-01 6.460805438650198962e-01
6.274378299713134766e-01 6.345978302890786793e-01 6.293049454689025879e-01 6.329100062816781502e-01
6.319556236267089844e-01 6.310439952415054510e-01 6.325401663780212402e-01 6.289282367364321669e-01
6.354446411132812500e-01 6.316965434371646371e-01 6.334794163703918457e-01 6.292725700820519519e-01
6.367418169975280762e-01 6.272345943748683927e-01 6.360884904861450195e-01 6.242794394866332253e-01
6.378600597381591797e-01 6.262049620278216100e-01 6.394280791282653809e-01 6.242560607932648997e-01
6.415727138519287109e-01 6.235931891728693222e-01 6.397411823272705078e-01 6.216183334396169213e-01
6.461352705955505371e-01 6.210513150975665031e-01 6.371321082115173340e-01 6.204015208644225732e-01
6.393809318542480469e-01 6.220859367021146502e-01 6.362972259521484375e-01 6.224897936176243540e-01
6.396493315696716309e-01 6.234103561322192899e-01 6.360884904861450195e-01 6.278419560068362326e-01
6.443907618522644043e-01 6.203961962663032681e-01 6.432895064353942871e-01 6.185234260569034692e-01
6.484612822532653809e-01 6.153455269872064592e-01 6.237737536430358887e-01 6.297232625106758963e-01
6.485059857368469238e-01 6.177021244660454435e-01 6.329576373100280762e-01 6.267571687524190471e-01
6.491769552230834961e-01 6.165256642083785099e-01 6.484032273292541504e-01 6.150317611586846311e-01
6.468957066535949707e-01 6.139992327164571773e-01 6.409935355186462402e-01 6.180546814950964585e-01
6.528448462486267090e-01 6.085340839034650839e-01 6.421415209770202637e-01 6.144857696615014797e-01
6.528001427650451660e-01 6.081461059981029260e-01 6.519515514373779297e-01 6.108095803407108670e-01
6.550813913345336914e-01 6.100202838089240354e-01 6.397411823272705078e-01 6.183899312097974610e-01
6.569153666496276855e-01 6.039036325103888103e-01 6.498643159866333008e-01 6.108139851874087034e-01
6.573626995086669922e-01 6.029982162110599786e-01 6.506991982460021973e-01 6.105117256172114537e-01
6.573626995086669922e-01 6.020875768641023029e-01 6.577958464622497559e-01 5.995287433145339850e-01
6.542315483093261719e-01 6.053428601378254559e-01 6.597787737846374512e-01 6.026945050438020646e-01
6.567811965942382812e-01 6.005474798132042213e-01 6.537257432937622070e-01 6.013736280586793326e-01
6.598675847053527832e-01 6.012058545468552673e-01 6.525777578353881836e-01 6.071246557234722951e-01
6.588835120201110840e-01 5.975207365632035916e-01 6.587351560592651367e-01 5.948607336501939846e-01
6.645196080207824707e-01 5.950691055197859791e-01 6.485075950622558594e-01 6.057180542956810410e-01
6.603596210479736328e-01 5.975419591654389517e-01 6.527864933013916016e-01 6.041724727388165794e-01
6.625961661338806152e-01 5.941777717216131238e-01 6.562304496765136719e-01 6.012582422372717561e-01
6.656378507614135742e-01 5.898791430013127224e-01 6.629096269607543945e-01 5.956193099587229201e-01
6.617015600204467773e-01 5.930042113594898856e-01 6.543518900871276855e-01 6.024482229063988781e-01
6.678743958473205566e-01 5.886784023346169903e-01 6.610311269760131836e-01 6.028619485243803533e-01
6.703345775604248047e-01 5.873553251341387949e-01 6.557086110115051270e-01 5.961750459755619236e-01
6.709160804748535156e-01 5.847300181962186150e-01 6.608223915100097656e-01 5.936128398342487289e-01
6.704688072204589844e-01 5.832082521917568707e-01 6.491338014602661133e-01 5.995114774500942545e-01
6.715422868728637695e-01 5.815320869297520012e-01 6.657273769378662109e-01 5.873211715296547952e-01
6.723027229309082031e-01 5.821277102367846679e-01 6.651012301445007324e-01 5.851838522031047596e-01
6.712291836738586426e-01 5.790685158996766724e-01 6.680233478546142578e-01 5.860470895776169753e-01
6.771783828735351562e-01 5.784597933281724336e-01 6.627008914947509766e-01 5.919269706157372912e-01
6.702898740768432617e-01 5.797480566916685119e-01 6.625965237617492676e-01 5.933038672831580929e-01
6.768205165863037109e-01 5.746200107721890493e-01 6.764767169952392578e-01 5.801817220527826224e-01
6.743603348731994629e-01 5.775555564841466927e-01 6.525777578353881836e-01 6.004654303196202969e-01
6.751654744148254395e-01 5.763931438969379650e-01 6.665623188018798828e-01 5.937679203211999601e-01
6.820540428161621094e-01 5.699439388542359985e-01 6.815904974937438965e-01 5.767923974463348147e-01
6.814277768135070801e-01 5.721167422168518257e-01 6.692757010459899902e-01 5.809011013342129104e-01
6.800411343574523926e-01 5.726072719238337605e-01 6.613441705703735352e-01 5.964320922440313755e-01
6.730631589889526367e-01 5.797400458018155955e-01 6.587351560592651367e-01 5.859720039979771089e-01
6.819645762443542480e-01 5.678397879913638091e-01 6.752243638038635254e-01 5.800678981193991834e-01
6.833065152168273926e-01 5.696102336707621339e-01 6.766854524612426758e-01 5.789133896536081680e-01
6.802200675010681152e-01 5.660334188623747931e-01 6.705280542373657227e-01 5.760578775152088715e-01
6.869297027587890625e-01 5.629391049865235530e-01 6.700062751770019531e-01 5.769336625072110092e-01
6.771783828735351562e-01 5.724141223312468885e-01 6.666666865348815918e-01 5.842492849138578581e-01
6.801753640174865723e-01 5.665806989418967765e-01 6.689626574516296387e-01 5.800544205400646192e-01
6.839774847030639648e-01 5.656977405614642684e-01 6.760593056678771973e-01 5.821309019991262046e-01
6.925210356712341309e-01 5.578318160619819555e-01 6.821122765541076660e-01 5.755391281150223914e-01
6.897029876708984375e-01 5.605774930923094201e-01 6.673972010612487793e-01 5.794448845820943106e-01
6.927894353866577148e-01 5.563279094818048831e-01 6.853474974632263184e-01 5.765756825344767744e-01
6.837537884712219238e-01 5.627513277251257051e-01 6.767898201942443848e-01 5.756180564089723450e-01
6.888530850410461426e-01 5.585442882762395866e-01 6.819035410881042480e-01 5.685201705534705940e-01
6.903291940689086914e-01 5.582122741306078106e-01 6.758505702018737793e-01 5.699853714461416976e-01
6.903739571571350098e-01 5.540118263752777938e-01 6.735545992851257324e-01 5.745542472276228274e-01
6.878243088722229004e-01 5.573089360913515700e-01 6.728240251541137695e-01 5.787809810517003939e-01
6.882268786430358887e-01 5.558684375060438665e-01 6.755374670028686523e-01 5.799762334661378027e-01
6.920737028121948242e-01 5.503294655623600651e-01 6.861824393272399902e-01 5.676660462078683134e-01
6.926105022430419922e-01 5.546507475350107574e-01 6.808599233627319336e-01 5.671510040399252439e-01
6.944891810417175293e-01 5.512016608092669134e-01 6.822166442871093750e-01 5.643426964661691914e-01
6.959652900695800781e-01 5.488775917787973579e-01 6.793988943099975586e-01 5.697354265280492047e-01
6.928341388702392578e-01 5.531993234791041658e-01 6.875391602516174316e-01 5.641385503960810732e-01
6.975755691528320312e-01 5.500236093987290742e-01 6.852431893348693848e-01 5.720629256146358976e-01
6.962336897850036621e-01 5.499873682123366248e-01 6.878522038459777832e-01 5.652735258313216216e-01
7.003041505813598633e-01 5.442853229675934656e-01 6.860780715942382812e-01 5.648524329374190467e-01
6.997674107551574707e-01 5.429525188308513828e-01 6.849300861358642578e-01 5.635177636290860104e-01
6.972624659538269043e-01 5.487769027156423896e-01 6.823210120201110840e-01 5.688495091694278916e-01
6.972177624702453613e-01 5.472076544289854461e-01 6.822166442871093750e-01 5.647849219871995397e-01
6.944891810417175293e-01 5.522178351761808379e-01 6.712586283683776855e-01 5.819871462080677960e-01
6.971282958984375000e-01 5.436803070819320460e-01 6.696931719779968262e-01 5.763833098933085486e-01
6.948470473289489746e-01 5.456004088798177554e-01 6.892089247703552246e-01 5.646476234530785066e-01
7.010198831558227539e-01 5.428306979108398211e-01 6.787726879119873047e-01 5.696279342103367505e-01
6.993200778961181641e-01 5.444556999545678844e-01 6.903569102287292480e-01 5.579822125526441301e-01
6.976203322410583496e-01 5.434576287041795739e-01 6.765810847282409668e-01 5.753464084208024243e-01
6.985149383544921875e-01 5.433571775690304584e-01 6.891045570373535156e-01 5.712455861430605353e-01
7.004383802413940430e-01 5.437937701275276092e-01 6.924441456794738770e-01 5.643831785450248439e-01
6.964573264122009277e-01 5.446675000900572661e-01 6.857649683952331543e-01 5.575059207190902200e-01
7.011987566947937012e-01 5.395155606745052346e-01 6.891045570373535156e-01 5.630698814020851373e-01
7.017355561256408691e-01 5.394553377048596499e-01 6.834689974784851074e-01 5.569531644368515000e-01
