5.556449890136718750e-01 6.820532573018096567e-01 5.732623934745788574e-01 6.706285793929078753e-01
5.788155198097229004e-01 6.721773232260209729e-01 5.743060111999511719e-01 6.737153323103256541e-01
5.842726826667785645e-01 6.686172420937167571e-01 5.906908512115478516e-01 6.662888923783163442e-01
5.984970331192016602e-01 6.634936390611604340e-01 5.971613526344299316e-01 6.615111251585021890e-01
5.998389720916748047e-01 6.609366686191855411e-01 5.932999253273010254e-01 6.611249317109672008e-01
5.960368514060974121e-01 6.603678352377627681e-01 6.035274267196655273e-01 6.611321818676803019e-01
5.993916392326354980e-01 6.566447030028368381e-01 5.946566462516784668e-01 6.789247041653302395e-01
6.011809110641479492e-01 6.555966828201725827e-01 6.118764281272888184e-01 6.490276474789472561e-01
6.037305593490600586e-01 6.530971458526007023e-01 5.961177349090576172e-01 6.477840840381063892e-01
6.103506684303283691e-01 6.501374990574509960e-01 6.084324717521667480e-01 6.663915006359493187e-01
6.126319766044616699e-01 6.473940774161180967e-01 6.034230589866638184e-01 6.570114897203654936e-01
6.141527891159057617e-01 6.442226490579407994e-01 6.056147217750549316e-01 6.469552303574772623e-01
6.155841946601867676e-01 6.435422053872887904e-01 5.977874994277954102e-01 6.498183405391857459e-01
6.192520856857299805e-01 6.424839968949230817e-01 6.081193685531616211e-01 6.403767487072691278e-01
6.171944737434387207e-01 6.414977654849379762e-01 6.228345036506652832e-01 6.376091642933134906e-01
6.213544607162475586e-01 6.395583850664707803e-01 5.884992480278015137e-01 6.496768887270419901e-01
6.228305697441101074e-01 6.384128598327349913e-01 6.260697245597839355e-01 6.378530076788700987e-01
6.243961453437805176e-01 6.371142302201032726e-01 6.111459136009216309e-01 6.373850630335409218e-01
6.230095028877258301e-01 6.358947480465009239e-01 6.197035908699035645e-01 6.331664332515435367e-01
6.262301206588745117e-01 6.322964240344783882e-01 6.188687086105346680e-01 6.365512589700683677e-01
6.258722543716430664e-01 6.312842744261447647e-01 6.276351213455200195e-01 6.457327148954645768e-01
6.324029564857482910e-01 6.302234584092026859e-01 6.098935604095458984e-01 6.577143148225375047e-01
6.305242180824279785e-01 6.298525934996599407e-01 6.343143582344055176e-01 6.264810391194982619e-01
6.350867748260498047e-01 6.267188386789991350e-01 6.185556054115295410e-01 6.329991034440272113e-01
6.317766904830932617e-01 6.254896212400531397e-01 6.332707405090332031e-01 6.374713742790230064e-01
6.363392472267150879e-01 6.242417693778000709e-01 6.234606504440307617e-01 6.287272146414476515e-01
6.361156105995178223e-01 6.224031493795603165e-01 6.297224164009094238e-01 6.271337014328485226e-01
6.372338533401489258e-01 6.224115188677636912e-01 6.289918422698974609e-01 6.274232658855204425e-01
6.418411135673522949e-01 6.192251883032582338e-01 6.422458887100219727e-01 6.163842475157992329e-01
6.368759870529174805e-01 6.179444852701174717e-01 6.442287564277648926e-01 6.200692109861595247e-01
6.420200467109680176e-01 6.196033683525340452e-01 6.429764032363891602e-01 6.165690181823145766e-01
6.415727138519287109e-01 6.174837832886836964e-01 6.444374918937683105e-01 6.134716441053559288e-01
6.428251862525939941e-01 6.160455079278316370e-01 6.386975646018981934e-01 6.170061766242861401e-01
6.446143984794616699e-01 6.142708442360029775e-01 6.307660341262817383e-01 6.185959347527053565e-01
6.459116339683532715e-01 6.116514411440132637e-01 6.198079586029052734e-01 6.509426992438676063e-01
6.458221673965454102e-01 6.133285169632154421e-01 6.462116241455078125e-01 6.134817117292132860e-01
6.456879377365112305e-01 6.123957598138994873e-01 6.449592709541320801e-01 6.087715835144315024e-01
6.504294276237487793e-01 6.093483741924574648e-01 6.374452114105224609e-01 6.173681882522071840e-01
6.503399610519409180e-01 6.075811723217509064e-01 6.295136809349060059e-01 6.385468565156180443e-01
6.535158157348632812e-01 6.083794782959001113e-01 6.354623436927795410e-01 6.299216035038910366e-01
6.512345671653747559e-01 6.065723942417773351e-01 6.412022709846496582e-01 6.307908885664592624e-01
6.492664217948913574e-01 6.047873207144499608e-01 6.320183873176574707e-01 6.444175886948604326e-01
6.513687372207641602e-01 6.027845630259265342e-01 6.478814482688903809e-01 6.095179621448250096e-01
6.536500453948974609e-01 6.038747521136992313e-01 6.533082723617553711e-01 6.056054870113404265e-01
6.563786268234252930e-01 6.039106494349344434e-01 6.500730514526367188e-01 6.087604122404712825e-01
6.524422764778137207e-01 6.038254530042926893e-01 6.169902086257934570e-01 6.523430556450774409e-01
6.549472212791442871e-01 6.011472056240062534e-01 6.513254046440124512e-01 6.068104092001392891e-01
6.575863361358642578e-01 5.986428842559059493e-01 6.393237113952636719e-01 6.107475886487234717e-01
6.523975729942321777e-01 6.001864098269731329e-01 6.444374918937683105e-01 6.109840527528314080e-01
6.615226268768310547e-01 6.001476466517090547e-01 6.390106678009033203e-01 6.210484098875554970e-01
6.567811965942382812e-01 5.967642827331752775e-01 6.245042681694030762e-01 6.317484675158391294e-01
6.562891602516174316e-01 5.985675841052665591e-01 6.468378305435180664e-01 6.112385694628791333e-01
6.584362387657165527e-01 5.944183572372270241e-01 6.528908610343933105e-01 6.105904497176664059e-01
6.613436937332153320e-01 5.948979492839322480e-01 6.502817869186401367e-01 6.045716852167408728e-01
6.639828085899353027e-01 5.946101747955783168e-01 6.501774191856384277e-01 5.986094532269721213e-01
6.594650149345397949e-01 5.943511215235727230e-01 6.520559191703796387e-01 6.063728628116767938e-01
6.624619960784912109e-01 5.935175663287193260e-01 6.561260819435119629e-01 5.966400616951761382e-01
6.646985411643981934e-01 5.922735207813287772e-01 6.589438319206237793e-01 6.065323497750917392e-01
6.629987359046936035e-01 5.909478161347362368e-01 6.618660092353820801e-01 5.935889809944265849e-01
6.660851836204528809e-01 5.895551305952769772e-01 6.532039046287536621e-01 6.043082961979402423e-01
6.632671356201171875e-01 5.882645386194026438e-01 6.519515514373779297e-01 5.969283942687588773e-01
6.672034263610839844e-01 5.889946198629808505e-01 6.513254046440124512e-01 6.065453481037217376e-01
6.662641167640686035e-01 5.859276220631697285e-01 6.492381691932678223e-01 5.980113546551206749e-01
6.647879481315612793e-01 5.888219938911251061e-01 6.448549628257751465e-01 6.631815407251768768e-01
6.660404205322265625e-01 5.875436406503276032e-01 6.422458887100219727e-01 6.435097888675022082e-01
6.674718260765075684e-01 5.866838735957374817e-01 6.582133173942565918e-01 5.962155211123612020e-01
6.692163348197937012e-01 5.886763853002136004e-01 6.403673291206359863e-01 6.175410052575986963e-01
6.725264191627502441e-01 5.834631740908264863e-01 6.542475223541259766e-01 5.994623428320641212e-01
6.742708683013916016e-01 5.815892224662482235e-01 6.506991982460021973e-01 6.019418045141283757e-01
6.660851836204528809e-01 5.860619884438240668e-01 6.499686837196350098e-01 6.065179606589761185e-01
6.706924438476562500e-01 5.830484766784390649e-01 6.600918173789978027e-01 5.877010250011930337e-01
6.698873043060302734e-01 5.850556947438869670e-01 6.584220528602600098e-01 5.864261995275541484e-01
6.698873043060302734e-01 5.812924350922639150e-01 6.402630209922790527e-01 6.209320753557749928e-01
6.694399714469909668e-01 5.815021546161287525e-01 6.592569351196289062e-01 5.968910629877191010e-01
6.714081168174743652e-01 5.804845078363894961e-01 6.591525673866271973e-01 5.887736823558309407e-01
6.723474860191345215e-01 5.801693729284432832e-01 6.619703769683837891e-01 5.896568957337554595e-01
6.721237897872924805e-01 5.804031853877190672e-01 6.488206982612609863e-01 6.124104551770348515e-01
6.724816560745239258e-01 5.793985718157023124e-01 6.573784351348876953e-01 5.925572836132841914e-01
6.715870499610900879e-01 5.775337611910140723e-01 6.425589919090270996e-01 6.107029694650945029e-01
6.723474860191345215e-01 5.796235349635187051e-01 6.646837592124938965e-01 5.903565751015829033e-01
6.720343828201293945e-01 5.785670962779887461e-01 6.443331241607666016e-01 6.291037902183110875e-01
6.762390136718750000e-01 5.753199436686337043e-01 6.562304496765136719e-01 6.032017097048161247e-01
6.771336793899536133e-01 5.751019368382425112e-01 6.591525673866271973e-01 6.019286146195789167e-01
6.772231459617614746e-01 5.761302498952927120e-01 6.550824642181396484e-01 5.917664381139489116e-01
6.785203218460083008e-01 5.738247783351699827e-01 6.570653319358825684e-01 6.107452786110607601e-01
6.778940558433532715e-01 5.731418907567712440e-01 6.529952287673950195e-01 5.934624692836849569e-01
6.776704192161560059e-01 5.744117467577032343e-01 6.489250659942626953e-01 5.920569407643816451e-01
6.767758131027221680e-01 5.754931336183798374e-01 6.424546241760253906e-01 6.470920147066747674e-01
6.750313043594360352e-01 5.736074782927959026e-01 6.613441705703735352e-01 5.919823725172284057e-01
6.772231459617614746e-01 5.703880000592216337e-01 6.621791124343872070e-01 5.824799955052937239e-01
6.765968799591064453e-01 5.731047421645810713e-01 6.666666865348815918e-01 5.866031740408953477e-01
6.740025281906127930e-01 5.727181567512699134e-01 6.552911996841430664e-01 5.987244881510709327e-01
6.775809526443481445e-01 5.714340311808201456e-01 6.527864933013916016e-01 6.048644001437636364e-01
6.772678494453430176e-01 5.707357110011384016e-01 6.540388464927673340e-01 5.960433526169505170e-01
6.795490980148315430e-01 5.703583150478185315e-01 6.553955078125000000e-01 6.070341563155122744e-01
6.762390136718750000e-01 5.696019698051033586e-01 6.593613028526306152e-01 5.900311456719909975e-01
6.822776794433593750e-01 5.713769288966557003e-01 6.687539219856262207e-01 5.862146059124635489e-01
6.807568669319152832e-01 5.700244815687861566e-01 6.499686837196350098e-01 6.010136084898954900e-01
6.822776794433593750e-01 5.659123949318628499e-01 6.682320833206176758e-01 5.914893947919608319e-01
6.811594367027282715e-01 5.677036561283832494e-01 6.537257432937622070e-01 6.210289004201855478e-01
