5.398998260498046875e-01 6.923766237270172486e-01 5.788979530334472656e-01 6.729087994432578768e-01
5.657541751861572266e-01 6.767584589368479397e-01 5.531204342842102051e-01 6.792995682018481141e-01
5.781893134117126465e-01 6.733157249848431558e-01 5.872468948364257812e-01 6.653872543226276859e-01
5.778762102127075195e-01 6.713176289575644162e-01 5.815069675445556641e-01 6.697914429309098638e-01
5.811862349510192871e-01 6.691223601788138797e-01 5.964307785034179688e-01 6.629248532291445173e-01
5.861513614654541016e-01 6.678544594107256316e-01 5.971613526344299316e-01 6.600360982827616629e-01
5.869117975234985352e-01 6.657305670607855941e-01 5.946566462516784668e-01 6.635347187108521227e-01
5.907586216926574707e-01 6.631574906844703854e-01 6.007096767425537109e-01 6.604255252729450687e-01
5.892825126647949219e-01 6.630586567558954814e-01 5.988311171531677246e-01 6.627516060153170185e-01
5.957237482070922852e-01 6.616334792197892112e-01 6.008140444755554199e-01 6.549021325860833187e-01
5.976918935775756836e-01 6.584444421842243766e-01 6.109371781349182129e-01 6.567412329053510245e-01
5.983628630638122559e-01 6.577366185990274339e-01 5.957002639770507812e-01 6.525891024492598280e-01
6.001520752906799316e-01 6.549653618445356873e-01 5.979962348937988281e-01 6.565013354318770533e-01
5.945607423782348633e-01 6.576335968922621955e-01 6.007096767425537109e-01 6.518124230866938484e-01
6.027464866638183594e-01 6.546958165553542486e-01 6.123982667922973633e-01 6.536180510249224307e-01
6.046698689460754395e-01 6.521980792875898825e-01 6.023794412612915039e-01 6.491905926563276141e-01
5.998389720916748047e-01 6.528294947305632867e-01 6.156334877014160156e-01 6.488458787168249753e-01
5.984075665473937988e-01 6.549926985886382891e-01 5.928825139999389648e-01 6.529114728580062144e-01
6.043120622634887695e-01 6.509639117836760747e-01 6.060321331024169922e-01 6.505724792937300771e-01
6.026570200920104980e-01 6.520250888731637939e-01 6.183469295501708984e-01 6.434665428673990162e-01
6.027911901473999023e-01 6.498761979150183832e-01 6.065539717674255371e-01 6.462052160676897694e-01
6.069064140319824219e-01 6.501952084046310754e-01 6.122938990592956543e-01 6.423444233988699903e-01
5.997495055198669434e-01 6.499893211213564337e-01 6.097891926765441895e-01 6.473064713850321672e-01
6.071300506591796875e-01 6.483679450375169351e-01 6.023794412612915039e-01 6.444598681940163498e-01
6.098139286041259766e-01 6.480485938768050236e-01 6.185556054115295410e-01 6.429661492842568826e-01
6.116926074028015137e-01 6.462897545196306659e-01 6.200166940689086914e-01 6.405924945304598550e-01
6.080247163772583008e-01 6.491124077119688751e-01 6.075975894927978516e-01 6.417229848001576586e-01
6.128108501434326172e-01 6.444092177709114244e-01 6.113546490669250488e-01 6.473165725123979364e-01
6.095455288887023926e-01 6.470264265716001439e-01 6.087455749511718750e-01 6.500425518890234899e-01
6.120951771736145020e-01 6.442350358394800525e-01 6.224170327186584473e-01 6.389942265855721448e-01
6.154052615165710449e-01 6.427385629257889033e-01 6.079106926918029785e-01 6.408373699559470893e-01
6.102612018585205078e-01 6.442383266365534489e-01 6.013358235359191895e-01 6.437756301241511769e-01
6.113795042037963867e-01 6.418734331808398919e-01 6.224170327186584473e-01 6.359692544485278098e-01
6.197441220283508301e-01 6.398321162355374847e-01 6.297224164009094238e-01 6.345514782508662188e-01
6.137055158615112305e-01 6.424480216045417302e-01 6.208515763282775879e-01 6.428710229335610205e-01
6.172839403152465820e-01 6.391332223304888593e-01 6.167814731597900391e-01 6.481947584357248271e-01
6.174628734588623047e-01 6.385389681172980447e-01 6.208515763282775879e-01 6.377918929129098302e-01
6.154052615165710449e-01 6.390146574301761584e-01 6.254435181617736816e-01 6.361415931984916172e-01
6.196994185447692871e-01 6.371158628797335410e-01 6.246086359024047852e-01 6.333868068883374836e-01
6.207729578018188477e-01 6.382204517948752986e-01 6.145898699760437012e-01 6.395673222094929722e-01
6.185811161994934082e-01 6.372114183182238101e-01 6.258609890937805176e-01 6.319755640240906081e-01
6.218464970588684082e-01 6.329263137521161653e-01 6.207472085952758789e-01 6.300145902207688886e-01
6.217122673988342285e-01 6.344086553739465284e-01 6.229388713836669922e-01 6.351039180599357126e-01
6.231883764266967773e-01 6.331010995471727520e-01 6.185556054115295410e-01 6.348994692763813008e-01
6.271247267723083496e-01 6.327908972675161392e-01 6.303485631942749023e-01 6.276083176182297718e-01
6.271247267723083496e-01 6.304810501249814569e-01 6.242955327033996582e-01 6.372595381522770941e-01
6.286903023719787598e-01 6.311063719768390534e-01 6.295136809349060059e-01 6.296359641744557756e-01
6.260064244270324707e-01 6.294867335992841983e-01 6.255478858947753906e-01 6.267956473637761317e-01
6.249328851699829102e-01 6.291763375218811793e-01 6.231475472450256348e-01 6.313383656263700239e-01
6.264537572860717773e-01 6.278488299121027794e-01 6.210603117942810059e-01 6.348397006846200341e-01
6.278851032257080078e-01 6.282874995362334181e-01 6.344187259674072266e-01 6.288464123111406900e-01
6.269904971122741699e-01 6.280707055841112663e-01 6.282613277435302734e-01 6.290654667706211400e-01
6.312399506568908691e-01 6.239613598116950932e-01 6.095804572105407715e-01 6.468779305604573926e-01
6.255143880844116211e-01 6.325919264479258342e-01 6.324357986450195312e-01 6.246878681912398923e-01
6.305242180824279785e-01 6.253318228540746260e-01 6.302441954612731934e-01 6.256694366602976176e-01
6.315082907676696777e-01 6.264025440879831264e-01 6.384888291358947754e-01 6.187623762133922511e-01
6.337001323699951172e-01 6.221013912512164401e-01 6.307660341262817383e-01 6.233063595600004669e-01
6.354446411132812500e-01 6.217605637126157880e-01 6.396368145942687988e-01 6.211966105603246024e-01
6.332080960273742676e-01 6.220811892332172022e-01 6.256522536277770996e-01 6.272906435603414765e-01
6.351762413978576660e-01 6.213246974050945504e-01 6.377583146095275879e-01 6.266891781160612851e-01
6.371443867683410645e-01 6.197403735478036468e-01 6.320183873176574707e-01 6.251857114022322248e-01
6.322240233421325684e-01 6.232953560887689592e-01 6.333750486373901367e-01 6.239346859226692077e-01
6.374127864837646484e-01 6.191033422573667400e-01 6.457942128181457520e-01 6.163268397830269363e-01
6.350420713424682617e-01 6.182628783520186522e-01 6.417240500450134277e-01 6.155598316752968202e-01
6.379495263099670410e-01 6.160914607520691089e-01 6.408891677856445312e-01 6.151334436346359569e-01
6.426910161972045898e-01 6.138317376284548876e-01 6.420371532440185547e-01 6.133353654314644965e-01
6.398729681968688965e-01 6.136870617771814640e-01 6.509079337120056152e-01 6.119638198204813140e-01
6.389783620834350586e-01 6.139631633426660962e-01 6.477770805358886719e-01 6.125613195342276551e-01
6.389335989952087402e-01 6.143817618571916217e-01 6.494469046592712402e-01 6.091249289927664901e-01
6.416621804237365723e-01 6.110735365414069475e-01 6.453767418861389160e-01 6.164632601345837459e-01
6.402755379676818848e-01 6.092973744043789219e-01 6.448549628257751465e-01 6.193796133875623111e-01
6.454643011093139648e-01 6.091944880531605655e-01 6.453767418861389160e-01 6.174376379147225036e-01
6.438540220260620117e-01 6.090306007898350638e-01 6.427676677703857422e-01 6.128443242040015893e-01
6.411701440811157227e-01 6.104055213083583453e-01 6.489250659942626953e-01 6.086854531232013255e-01
6.464036703109741211e-01 6.059329304974115926e-01 6.484032273292541504e-01 6.131459343809096962e-01
6.460011005401611328e-01 6.054780386730903574e-01 6.488206982612609863e-01 6.103373979929965776e-01
6.467614769935607910e-01 6.041937671251172981e-01 6.487163305282592773e-01 6.128029436264922358e-01
6.422884464263916016e-01 6.106035779661047602e-01 6.455854773521423340e-01 6.110034347252317755e-01
6.479244828224182129e-01 6.047106595324326372e-01 6.496555805206298828e-01 6.096578701829840075e-01
6.508767008781433105e-01 6.003064808830163024e-01 6.439156532287597656e-01 6.120476204800073816e-01
6.476560831069946289e-01 6.069908266546133468e-01 6.509079337120056152e-01 6.057688277864028414e-01
6.516819000244140625e-01 6.014126608763766813e-01 6.494469046592712402e-01 6.078173895017560113e-01
6.494453549385070801e-01 6.025708404033549570e-01 6.461072564125061035e-01 6.104628660439499477e-01
6.490874886512756348e-01 6.030029544123897134e-01 6.429764032363891602e-01 6.109887426343896255e-01
6.533368825912475586e-01 5.968667774363395351e-01 6.502817869186401367e-01 6.045309598548903596e-01
6.462247371673583984e-01 6.019848426652308904e-01 6.504905223846435547e-01 6.063169152123075722e-01
6.539631485939025879e-01 6.009346089415994463e-01 6.490294337272644043e-01 6.071866219736942183e-01
6.516819000244140625e-01 5.970320401389647147e-01 6.495512127876281738e-01 6.038354010826808560e-01
6.521739363670349121e-01 5.989555026192766585e-01 6.523690223693847656e-01 6.060069460780256323e-01
6.608069539070129395e-01 5.923303774482855388e-01 6.471509337425231934e-01 6.053081634795584032e-01
6.564680337905883789e-01 5.961911067977150314e-01 6.496555805206298828e-01 6.132681741393003483e-01
6.539631485939025879e-01 5.936887673347105432e-01 6.489250659942626953e-01 6.063197517763272426e-01
6.567364335060119629e-01 5.932376684091410501e-01 6.534126400947570801e-01 6.048389979156266749e-01
6.553050875663757324e-01 5.939121660125726843e-01 6.480901837348937988e-01 6.071133525504420758e-01
6.533816456794738770e-01 5.961933754321863121e-01 6.512210369110107422e-01 6.049483404779603113e-01
6.563786268234252930e-01 5.917217414202939896e-01 6.563348174095153809e-01 6.037222595982202344e-01
6.560207605361938477e-01 5.944543069218198861e-01 6.490294337272644043e-01 6.094063533618937489e-01
6.620594263076782227e-01 5.899808076866028816e-01 6.599874496459960938e-01 5.980591256318423810e-01
6.566917300224304199e-01 5.921196331063245388e-01 6.490294337272644043e-01 6.053250434378247835e-01
6.571837663650512695e-01 5.911676948858429759e-01 6.423502564430236816e-01 6.268654148928484160e-01
