4.939613640308380127e-01 2.383860815742357531e+00 5.012523531913757324e-01 6.953991749445398440e-01
4.966004788875579834e-01 6.990526274185228095e-01 4.987476468086242676e-01 7.117488741178000788e-01
4.978529214859008789e-01 7.327970301215519511e-01 5.009392499923706055e-01 6.953775804716121334e-01
4.976292848587036133e-01 7.430538682929943572e-01 5.009392499923706055e-01 6.979202048511301548e-01
4.862229526042938232e-01 6.956509736617022543e-01 5.012523531913757324e-01 6.931378350479819872e-01
4.957953095436096191e-01 7.081850597674570480e-01 4.990607500076293945e-01 6.932536309981142120e-01
4.977187216281890869e-01 6.952108835081952654e-01 5.012523531913757324e-01 6.931362713435775813e-01
4.976739883422851562e-01 6.952569681473208529e-01 5.012523531913757324e-01 6.931261859042637807e-01
4.991948604583740234e-01 6.938937294033137304e-01 4.990607500076293945e-01 6.930029489406338561e-01
4.983449578285217285e-01 7.090076778672593782e-01 5.009392499923706055e-01 6.931454750546530708e-01
4.970925152301788330e-01 6.939431962567634837e-01 5.009392499923706055e-01 6.931634473168658550e-01
4.994184970855712891e-01 6.941446128397470439e-01 4.990607500076293945e-01 6.932313736334545506e-01
4.944086670875549316e-01 6.943172809369109189e-01 5.009392499923706055e-01 6.931455233131413873e-01
4.982107579708099365e-01 6.951137302301079179e-01 4.990607500076293945e-01 6.931475200874027687e-01
4.992842972278594971e-01 1.806271406315502981e+00 5.012523531913757324e-01 6.929426341409151702e-01
4.977634549140930176e-01 6.936918313653850365e-01 5.012523531913757324e-01 6.929575916223400522e-01
5.020129084587097168e-01 6.949209321758832436e-01 5.009392499923706055e-01 9.320220059727457595e-01
4.990606606006622314e-01 1.259222110048520360e+00 5.009392499923706055e-01 6.931461779938389300e-01
5.014314055442810059e-01 6.938433234221096368e-01 5.009392499923706055e-01 6.938524854703229661e-01
4.943192005157470703e-01 6.944680657257097378e-01 5.009392499923706055e-01 6.935288574172568943e-01
5.034890174865722656e-01 6.950035836620266361e-01 4.990607500076293945e-01 6.932835085012299947e-01
5.049203634262084961e-01 6.943178779005172441e-01 5.009392499923706055e-01 6.934824019228832404e-01
5.009840726852416992e-01 6.948450613499626005e-01 5.009392499923706055e-01 6.933823789591779807e-01
4.944086670875549316e-01 1.086382878042116307e+00 5.009392499923706055e-01 6.932280775998584943e-01
4.991501271724700928e-01 6.939207016621874446e-01 5.009392499923706055e-01 6.933662361900633231e-01
4.979871213436126709e-01 6.942093516104249629e-01 5.009392499923706055e-01 6.931604989956923202e-01
4.928878247737884521e-01 6.934535984789073071e-01 5.009392499923706055e-01 6.931467410717396804e-01
4.982554912567138672e-01 6.949365021163351752e-01 5.009392499923706055e-01 6.932125796084362968e-01
4.982554912567138672e-01 6.951965124753405334e-01 5.009392499923706055e-01 6.931461461076555697e-01
4.973161518573760986e-01 7.066270817390472025e-01 5.009392499923706055e-01 6.931794793614264316e-01
4.965557456016540527e-01 6.937247256533919382e-01 5.009392499923706055e-01 6.931460325963261226e-01
4.979423880577087402e-01 7.252151914904723107e-01 4.990607500076293945e-01 6.937344431926899535e-01
4.968241155147552490e-01 6.935387383123313709e-01 4.990607500076293945e-01 6.931480165190747611e-01
5.022365450859069824e-01 6.938819231511783592e-01 5.009392499923706055e-01 6.932406863771134464e-01
4.999105334281921387e-01 6.935801882290801856e-01 4.990607500076293945e-01 6.936274388592369444e-01
5.005367398262023926e-01 6.940107550661984703e-01 5.009392499923706055e-01 6.931600412678504686e-01
5.106906294822692871e-01 6.955699421869320220e-01 4.990607500076293945e-01 6.931544221833463304e-01
4.990159273147583008e-01 6.935054271650732405e-01 4.990607500076293945e-01 6.932271867150728850e-01
4.970477819442749023e-01 6.941905013455711426e-01 5.009392499923706055e-01 6.932777988714108330e-01
5.047861933708190918e-01 6.958746697868979370e-01 5.009392499923706055e-01 6.934145571319128010e-01
4.994184970855712891e-01 6.948203988590571090e-01 4.990607500076293945e-01 6.935184479655515100e-01
5.007604360580444336e-01 6.944954222847041780e-01 5.009392499923706055e-01 6.931457189845779965e-01
5.011630058288574219e-01 6.949830856577486893e-01 5.009392499923706055e-01 6.932033605327737602e-01
4.954822063446044922e-01 7.084162260748487761e-01 5.009392499923706055e-01 6.932084364324739845e-01
5.029075145721435547e-01 6.939596139717068013e-01 5.009392499923706055e-01 6.932209273689451390e-01
4.944981336593627930e-01 6.938699828552461479e-01 4.990607500076293945e-01 6.931762346841178202e-01
4.996868968009948730e-01 6.936421678240727307e-01 5.009392499923706055e-01 6.931549267638478229e-01
5.042046904563903809e-01 7.755312790894555164e-01 4.990607500076293945e-01 6.931473180586349425e-01
5.012971758842468262e-01 6.934624916966688479e-01 4.990607500076293945e-01 6.935255177283281558e-01
4.987027943134307861e-01 6.942750383924981561e-01 5.009392499923706055e-01 6.932121059561641152e-01
4.954822063446044922e-01 6.977169862222662999e-01 4.990607500076293945e-01 6.932017885302481641e-01
4.983896911144256592e-01 6.933872294801359804e-01 5.009392499923706055e-01 6.931452685471393149e-01
4.978081881999969482e-01 6.944241600741339893e-01 5.012523531913757324e-01 6.930703662477388782e-01
4.983896911144256592e-01 7.194629882972725099e-01 5.009392499923706055e-01 6.931454709864588448e-01
4.941402673721313477e-01 6.941424402083197220e-01 4.990607500076293945e-01 6.931654196819615477e-01
4.963768124580383301e-01 6.936274976055488706e-01 5.009392499923706055e-01 6.931941751472339153e-01
4.967793822288513184e-01 6.961448436283343977e-01 5.009392499923706055e-01 6.931573104271184782e-01
4.983896911144256592e-01 6.938752214092541726e-01 5.009392499923706055e-01 6.932352878708502031e-01
4.998210668563842773e-01 6.996826289868520732e-01 4.990607500076293945e-01 6.931524251602656506e-01
4.985686242580413818e-01 6.936632266388444990e-01 4.990607500076293945e-01 6.931633134770059934e-01
5.023707151412963867e-01 6.932880428187598865e-01 5.009392499923706055e-01 6.933386562214443050e-01
5.052782297134399414e-01 6.935324673576717114e-01 5.009392499923706055e-01 6.931459299957197784e-01
5.018786787986755371e-01 6.936224358925177080e-01 5.009392499923706055e-01 6.933454693147519388e-01
4.974503517150878906e-01 6.976343378608609314e-01 5.009392499923706055e-01 6.931450555952076709e-01
4.967793822288513184e-01 6.934066833739930269e-01 5.009392499923706055e-01 6.932176450328472184e-01
4.991501271724700928e-01 6.942809376206418026e-01 5.009392499923706055e-01 6.932247010732438541e-01
4.987475275993347168e-01 6.936455462097930180e-01 4.990607500076293945e-01 6.931636756333845462e-01
5.003131031990051270e-01 7.007569747782496083e-01 5.009392499923706055e-01 6.931551419675935355e-01
5.031311511993408203e-01 6.933968320027684706e-01 5.009392499923706055e-01 6.931638963857987834e-01
5.013866424560546875e-01 6.937410143582460886e-01 5.009392499923706055e-01 6.931853214625998127e-01
5.075594782829284668e-01 6.938163555357361734e-01 4.990607500076293945e-01 6.934683466350776149e-01
4.968241155147552490e-01 6.936465520555036290e-01 4.990607500076293945e-01 6.932404235991325159e-01
4.936034977436065674e-01 6.933958058942514269e-01 4.990607500076293945e-01 6.932391400527316838e-01
5.022365450859069824e-01 6.933300789278337151e-01 5.009392499923706055e-01 6.932013590309471507e-01
5.027285814285278320e-01 6.933555211315302058e-01 5.009392499923706055e-01 6.931457644936138696e-01
4.984344244003295898e-01 6.933404324540598518e-01 4.990607500076293945e-01 6.937921547834968727e-01
4.972714185714721680e-01 6.934561180735683283e-01 4.990607500076293945e-01 6.935254908807341190e-01
4.981660544872283936e-01 6.933419078849769601e-01 4.990607500076293945e-01 6.933196732679903773e-01
4.898461401462554932e-01 6.970520799542651025e-01 5.009392499923706055e-01 6.931698003434308974e-01
5.046072602272033691e-01 7.031046873364130700e-01 4.990607500076293945e-01 6.939381351552560417e-01
5.009393692016601562e-01 6.935212422108304464e-01 5.009392499923706055e-01 6.932270820617079110e-01
5.002683997154235840e-01 6.938589938234229759e-01 5.012523531913757324e-01 6.929578981676223215e-01
5.004025697708129883e-01 6.933592484214476936e-01 4.990607500076293945e-01 6.933835493177143983e-01
4.969135820865631104e-01 6.934265555561622829e-01 4.990607500076293945e-01 6.931483104616633639e-01
4.995526969432830811e-01 6.933931793333016902e-01 4.990607500076293945e-01 6.932048070184424482e-01
5.000000000000000000e-01 6.970292641088902119e-01 4.990607500076293945e-01 6.934613719461257819e-01
4.997316300868988037e-01 6.932754226416845134e-01 4.990607500076293945e-01 6.932291282017030154e-01
4.974503517150878906e-01 6.933817946435215651e-01 5.009392499923706055e-01 6.931652663719974905e-01
5.014314055442810059e-01 6.933140862199227428e-01 5.009392499923706055e-01 6.934626041611209324e-01
5.044730901718139648e-01 6.932916449591861596e-01 5.009392499923706055e-01 6.931888922299405120e-01
5.024601817131042480e-01 6.933970091103611733e-01 5.009392499923706055e-01 6.931467188895059639e-01
5.017445087432861328e-01 6.945373102619984973e-01 4.990607500076293945e-01 6.931766082488577396e-01
4.959742426872253418e-01 6.935720584712059544e-01 5.009392499923706055e-01 6.932246665122537843e-01
5.015655755996704102e-01 6.934326913685678884e-01 5.009392499923706055e-01 6.932492402594663261e-01
4.986133575439453125e-01 6.934719675127732907e-01 5.009392499923706055e-01 6.931476984534624686e-01
4.974503517150878906e-01 6.954786997614403887e-01 4.990607500076293945e-01 6.935189520857374390e-01
4.983449578285217285e-01 6.935053893162838046e-01 4.990607500076293945e-01 6.933543337981403765e-01
4.992395639419555664e-01 6.933149557502693572e-01 5.009392499923706055e-01 6.935496793935851390e-01
5.065754055976867676e-01 6.931881193270899022e-01 5.009392499923706055e-01 6.931469308337198099e-01
4.949007034301757812e-01 6.934059774498112505e-01 5.009392499923706055e-01 7.154980666874793949e-01
