5.409733653068542480e-01 6.903857455566714263e-01 5.768106579780578613e-01 6.747253773058662363e-01
5.630255937576293945e-01 6.787984179648458571e-01 5.335003137588500977e-01 6.870001066181411487e-01
5.728663206100463867e-01 6.757298428122014977e-01 5.823419094085693359e-01 6.750580839637027042e-01
5.728663206100463867e-01 6.752362758598423609e-01 5.747234225273132324e-01 6.714440577091391749e-01
5.780103802680969238e-01 6.721686463083856866e-01 5.805677175521850586e-01 6.691286266658729165e-01
5.774288773536682129e-01 6.716771745835333762e-01 5.822375416755676270e-01 6.728429913122702111e-01
5.755501985549926758e-01 6.719293295430633917e-01 5.829680562019348145e-01 6.693335860015902083e-01
5.805600285530090332e-01 6.701178797926453656e-01 5.915257930755615234e-01 6.725925649787458660e-01
5.831544399261474609e-01 6.698605196274207696e-01 5.720100402832031250e-01 6.707265362986392088e-01
5.817677378654479980e-01 6.681418227454080094e-01 5.780630111694335938e-01 6.683117811999821356e-01
5.832886099815368652e-01 6.672796309900786982e-01 5.810895562171936035e-01 6.683912328229619781e-01
5.827518105506896973e-01 6.679181573556902674e-01 5.908995866775512695e-01 6.651187171594654668e-01
5.864644646644592285e-01 6.669597760426760891e-01 5.978918671607971191e-01 6.648722976614104274e-01
5.848541855812072754e-01 6.654787647060811384e-01 5.786892175674438477e-01 6.696808456976461876e-01
5.861513614654541016e-01 6.657175728003098536e-01 5.853683948516845703e-01 6.662315130482583392e-01
5.850331187248229980e-01 6.645563522206796581e-01 5.929868221282958984e-01 6.636845784479927790e-01
5.814546346664428711e-01 6.660809578121742458e-01 5.825506448745727539e-01 6.662752311206316946e-01
5.831096768379211426e-01 6.649423440830676268e-01 5.864120125770568848e-01 6.642192818754726336e-01
5.861066579818725586e-01 6.650340847816337275e-01 5.771237611770629883e-01 6.655375765898212670e-01
5.870459675788879395e-01 6.648121160926792061e-01 5.895428657531738281e-01 6.641769473748275754e-01
5.895956158638000488e-01 6.640084647155443109e-01 5.830724239349365234e-01 6.616898308067027390e-01
5.883432030677795410e-01 6.624589637495106320e-01 5.904821753501892090e-01 6.617489010624336698e-01
5.904902219772338867e-01 6.630201516114742066e-01 5.884992480278015137e-01 6.682749961020180152e-01
5.883879065513610840e-01 6.619769515452007536e-01 5.826549530029296875e-01 6.627792109778269936e-01
5.914743542671203613e-01 6.623641751089384133e-01 5.950741171836853027e-01 6.631224162641783382e-01
5.896850824356079102e-01 6.605787940135389169e-01 5.882905721664428711e-01 6.605206264058126608e-01
5.929951667785644531e-01 6.613198625186108570e-01 5.856814980506896973e-01 6.673547185878120347e-01
5.904902219772338867e-01 6.604045563807191543e-01 5.891254544258117676e-01 6.636492218087446382e-01
5.907586216926574707e-01 6.605994020128617139e-01 5.997704267501831055e-01 6.614880352447237710e-01
5.920557975769042969e-01 6.606706797831343181e-01 5.941348075866699219e-01 6.599289834362508378e-01
5.946949124336242676e-01 6.593668386086856126e-01 5.937173962593078613e-01 6.600431118372760420e-01
5.958579182624816895e-01 6.575770712769037907e-01 5.774368643760681152e-01 6.677015943806894338e-01
5.949186086654663086e-01 6.588708307560067201e-01 5.968482494354248047e-01 6.617020878406636442e-01
5.970209240913391113e-01 6.576430613078719789e-01 5.918388366699218750e-01 6.602338842349370074e-01
5.973340272903442383e-01 6.584740618427444847e-01 5.927781462669372559e-01 6.576823545407960436e-01
5.950975418090820312e-01 6.578365579810033781e-01 5.962221026420593262e-01 6.685787472563680112e-01
5.981392264366149902e-01 6.570028333357652572e-01 5.839073061943054199e-01 6.575214366429137369e-01
5.977813601493835449e-01 6.568518379417551678e-01 6.057190299034118652e-01 6.655298250001697724e-01
5.985864996910095215e-01 6.565051268413596430e-01 5.967438817024230957e-01 6.524501554504662515e-01
6.018071174621582031e-01 6.556024689498624047e-01 5.874556303024291992e-01 6.711051039719626576e-01
6.019860506057739258e-01 6.553162187364537372e-01 5.968482494354248047e-01 6.581716274846896031e-01
5.976471900939941406e-01 6.544726459940338748e-01 5.953871607780456543e-01 6.575393611069537680e-01
6.027464866638183594e-01 6.543411921145216859e-01 5.955958962440490723e-01 6.550829922747348766e-01
6.011361479759216309e-01 6.535508545103259070e-01 6.023794412612915039e-01 6.531442086922054635e-01
6.018518805503845215e-01 6.530981993159064025e-01 6.030056476593017578e-01 6.560088358003046682e-01
6.005546450614929199e-01 6.526336259226782621e-01 5.989354848861694336e-01 6.529623742044855517e-01
6.001520752906799316e-01 6.529297075537795481e-01 6.021707653999328613e-01 6.497505860322703164e-01
6.008677482604980469e-01 6.519651267284953811e-01 5.665831565856933594e-01 6.685365648837956476e-01
6.002863049507141113e-01 6.526115652401047740e-01 6.012314558029174805e-01 6.544298296108098656e-01
5.991680026054382324e-01 6.514596120576181537e-01 5.959089994430541992e-01 6.532195238075781951e-01
6.039988994598388672e-01 6.501688288541743743e-01 6.036317944526672363e-01 6.496700596222173552e-01
6.047146320343017578e-01 6.500346513655343994e-01 6.108328104019165039e-01 6.508269950582646901e-01
6.058776378631591797e-01 6.504644596804913803e-01 5.926737785339355469e-01 6.520770328374825286e-01
6.025675535202026367e-01 6.503267486890157434e-01 6.029012799263000488e-01 6.518949412821827272e-01
6.061012744903564453e-01 6.482207113375367813e-01 5.935086607933044434e-01 6.531800511758677485e-01
6.067722439765930176e-01 6.493608568068330866e-01 6.051972508430480957e-01 6.468662895158048265e-01
6.038200259208679199e-01 6.491084353380753846e-01 6.012314558029174805e-01 6.479866577946450379e-01
6.060565114021301270e-01 6.485284114805396349e-01 5.988311171531677246e-01 6.483972069242258662e-01
6.048488020896911621e-01 6.473353856107718629e-01 6.031100153923034668e-01 6.478621792355352405e-01
6.071748137474060059e-01 6.473047162748915007e-01 6.135462522506713867e-01 6.486570909510472882e-01
6.054750680923461914e-01 6.471439357583692598e-01 6.030056476593017578e-01 6.441989421496135959e-01
6.057881712913513184e-01 6.482273654831951504e-01 6.032143831253051758e-01 6.461856945823513110e-01
6.037752628326416016e-01 6.469515393769555978e-01 6.005009412765502930e-01 6.510044059631994173e-01
6.083825230598449707e-01 6.463935308453008233e-01 6.085368394851684570e-01 6.422801663073883782e-01
6.049382686614990234e-01 6.453861142339550883e-01 6.043623685836791992e-01 6.461362081339403485e-01
6.087850928306579590e-01 6.461023504031453424e-01 6.093717217445373535e-01 6.498862653255362831e-01
6.057881712913513184e-01 6.464697219622030921e-01 6.070757508277893066e-01 6.552078072747564708e-01
6.073537468910217285e-01 6.455598780157144612e-01 5.979962348937988281e-01 6.452280615396724928e-01
6.094113588333129883e-01 6.439606796694816726e-01 5.955958962440490723e-01 6.521185227088355241e-01
6.096796989440917969e-01 6.434717600237686019e-01 6.060321331024169922e-01 6.432507026795180050e-01
6.078457832336425781e-01 6.428004264362299214e-01 6.061365008354187012e-01 6.471950973879193603e-01
6.096796989440917969e-01 6.420718815506283317e-01 6.038405299186706543e-01 6.456820527140220145e-01
6.062802076339721680e-01 6.423821731572672000e-01 6.161552667617797852e-01 6.499238882475868451e-01
6.091429591178894043e-01 6.413070951960214705e-01 6.071801185607910156e-01 6.456300553437489542e-01
6.118267774581909180e-01 6.405171466270442870e-01 5.988311171531677246e-01 6.638757427359294194e-01
6.102612018585205078e-01 6.414582857635158231e-01 5.991442203521728516e-01 6.470874338203769227e-01
6.129897832870483398e-01 6.388368006681666156e-01 5.983093380928039551e-01 6.709663241174818049e-01
6.092324256896972656e-01 6.406058090000592564e-01 6.015445590019226074e-01 6.591390042632438995e-01
6.121399402618408203e-01 6.392510837701506077e-01 6.046754121780395508e-01 6.479288193806803653e-01
6.116479039192199707e-01 6.397685005682315351e-01 6.130244135856628418e-01 6.360944164891602082e-01
6.116926074028015137e-01 6.396458951470079812e-01 6.155291199684143066e-01 6.384025414535929865e-01
6.116479039192199707e-01 6.395134003138068790e-01 6.029012799263000488e-01 6.400710592262930376e-01
6.135265827178955078e-01 6.384731094959619213e-01 6.114589571952819824e-01 6.380926097417221055e-01
6.142870187759399414e-01 6.390045483907064172e-01 6.120851635932922363e-01 6.420605064334165002e-01
6.132134795188903809e-01 6.382389582105688630e-01 6.068670153617858887e-01 6.430686418285103123e-01
6.137502193450927734e-01 6.387214569568548939e-01 5.918388366699218750e-01 6.594344393939768345e-01
6.124082803726196289e-01 6.382833421710224497e-01 6.056147217750549316e-01 6.408714728697783025e-01
6.149579286575317383e-01 6.360747331390442794e-01 6.058233976364135742e-01 6.507598317831450041e-01
6.164340376853942871e-01 6.356790934506544311e-01 6.091629862785339355e-01 6.372695261291013713e-01
6.119162440299987793e-01 6.364280220476410399e-01 6.229388713836669922e-01 6.362395244385200543e-01
6.141527891159057617e-01 6.360162967410405432e-01 6.138592958450317383e-01 6.364066696843780901e-01
6.167919039726257324e-01 6.349565550261009328e-01 6.005009412765502930e-01 6.381203465286562349e-01
6.146895885467529297e-01 6.371493640494573230e-01 6.089543104171752930e-01 6.343597287650000194e-01
6.173734068870544434e-01 6.358053416552281734e-01 6.089543104171752930e-01 6.355577329707479128e-01
6.140633225440979004e-01 6.342262380727610172e-01 6.161552667617797852e-01 6.383992128744425676e-01
6.183127760887145996e-01 6.335095539355793948e-01 6.106240749359130859e-01 6.367438558471200105e-01
6.166577339172363281e-01 6.324135773637081792e-01 6.089543104171752930e-01 6.374598891071724394e-01
6.211755275726318359e-01 6.324602743555083340e-01 6.132331490516662598e-01 6.457380770741213416e-01
6.187600493431091309e-01 6.347296871211580704e-01 6.166771054267883301e-01 6.401669719079371434e-01
6.179549098014831543e-01 6.319314006680686324e-01 6.068670153617858887e-01 6.329719491802160425e-01
