5.273304581642150879e-01 6.976049619319081296e-01 5.772281289100646973e-01 6.782523498383874472e-01
5.598049759864807129e-01 6.832858040371613262e-01 5.884992480278015137e-01 6.706603131745111357e-01
5.725085139274597168e-01 6.759157689915805678e-01 5.852640271186828613e-01 6.668255079815218478e-01
5.823492407798767090e-01 6.713090342536001121e-01 5.970569849014282227e-01 6.646054784705708318e-01
5.890588760375976562e-01 6.682448997802993285e-01 5.994573235511779785e-01 6.630035771803078903e-01
5.938003063201904297e-01 6.653435284858058019e-01 6.045710444450378418e-01 6.614969771730951908e-01
5.905796885490417480e-01 6.656553779609899468e-01 6.029012799263000488e-01 6.613677793468769606e-01
5.958132147789001465e-01 6.626202204739776169e-01 6.039448976516723633e-01 6.601849280327303227e-01
5.926373004913330078e-01 6.637792402248856583e-01 6.042580008506774902e-01 6.607750067878083167e-01
5.978708267211914062e-01 6.613440403018575608e-01 6.077019572257995605e-01 6.592064033816638080e-01
6.007335782051086426e-01 6.593754299852838674e-01 6.024838089942932129e-01 6.586674567653351131e-01
5.991680026054382324e-01 6.601000295105123872e-01 6.104153394699096680e-01 6.579566490448633953e-01
6.045356988906860352e-01 6.590873304815150213e-01 6.041536331176757812e-01 6.578753976626825484e-01
6.076220870018005371e-01 6.575244461664638829e-01 6.084324717521667480e-01 6.571169349152468087e-01
6.092771291732788086e-01 6.568119049200241699e-01 6.018576622009277344e-01 6.572339006391901828e-01
6.073984503746032715e-01 6.561703135703198519e-01 6.086412072181701660e-01 6.556700416433365319e-01
6.078457832336425781e-01 6.563895117470820439e-01 6.079106926918029785e-01 6.553830860104498113e-01
6.034174561500549316e-01 6.556864194951899094e-01 6.096848249435424805e-01 6.552898063587012656e-01
6.084719896316528320e-01 6.551656307101697552e-01 6.105197072029113770e-01 6.573844546690487123e-01
6.095902919769287109e-01 6.552267923169964314e-01 6.102066636085510254e-01 6.541872940066462139e-01
6.084272861480712891e-01 6.530180469483248817e-01 6.096848249435424805e-01 6.536956698828314538e-01
6.102612018585205078e-01 6.532113869046456411e-01 6.111459136009216309e-01 6.530579350806308137e-01
6.111111044883728027e-01 6.521719448850968881e-01 6.111459136009216309e-01 6.552120664626813751e-01
6.122741103172302246e-01 6.532953288222834720e-01 6.143811345100402832e-01 6.529253494314051220e-01
6.087850928306579590e-01 6.528522246936327988e-01 6.157378554344177246e-01 6.533018117333174724e-01
6.096796989440917969e-01 6.520366935636985328e-01 6.123982667922973633e-01 6.524689813616678657e-01
6.140633225440979004e-01 6.506360161600950320e-01 6.154247522354125977e-01 6.514633922954113920e-01
6.117820739746093750e-01 6.505291791481799812e-01 6.144855022430419922e-01 6.507951797883660960e-01
6.171050071716308594e-01 6.500741353314812843e-01 6.118764281272888184e-01 6.512306490463992681e-01
6.171497702598571777e-01 6.498373996531052743e-01 6.169902086257934570e-01 6.489881532372873130e-01
6.166577339172363281e-01 6.502604216022597194e-01 6.186599731445312500e-01 6.502038434014094648e-01
6.160762310028076172e-01 6.487937088963127152e-01 6.129200458526611328e-01 6.490399394222451379e-01
6.179549098014831543e-01 6.481607057878040479e-01 6.236693859100341797e-01 6.481033176575591304e-01
6.158972978591918945e-01 6.481410316052473863e-01 6.164683699607849121e-01 6.487611641816171115e-01
6.174628734588623047e-01 6.474003940047508010e-01 6.144855022430419922e-01 6.480337950785706180e-01
6.178654432296752930e-01 6.483306777905982754e-01 6.156334877014160156e-01 6.469249945546808878e-01
6.205940246582031250e-01 6.482746749876393544e-01 6.180338263511657715e-01 6.463141349282102155e-01
6.197441220283508301e-01 6.474150401211996586e-01 6.181381940841674805e-01 6.457668475307519751e-01
6.180890798568725586e-01 6.479779424405435195e-01 6.171989440917968750e-01 6.456816058844619954e-01
6.193415522575378418e-01 6.460408629917206991e-01 6.151116490364074707e-01 6.460760882467597721e-01
6.199678182601928711e-01 6.446209102735726004e-01 6.219995617866516113e-01 6.457253691050832689e-01
6.194310188293457031e-01 6.457757911436415865e-01 6.213734149932861328e-01 6.430996954503275242e-01
6.200572848320007324e-01 6.446614323457509066e-01 6.192861795425415039e-01 6.436467067704173539e-01
6.207729578018188477e-01 6.446501366630140728e-01 6.210603117942810059e-01 6.437892551786390527e-01
6.222043037414550781e-01 6.445017959312667744e-01 6.211646795272827148e-01 6.436492803200777324e-01
6.195204854011535645e-01 6.451964639533843693e-01 6.234606504440307617e-01 6.430077115246807251e-01
6.257380843162536621e-01 6.430644129657386854e-01 6.192861795425415039e-01 6.426391081903554126e-01
6.218912005424499512e-01 6.434565628016436500e-01 6.228345036506652832e-01 6.424318943907487700e-01
6.222043037414550781e-01 6.429873106730903398e-01 6.222082972526550293e-01 6.415011781885787689e-01
6.231436729431152344e-01 6.419530836280417097e-01 6.224170327186584473e-01 6.405389188874168749e-01
6.227858066558837891e-01 6.411763207284084665e-01 6.216865181922912598e-01 6.417268097114523506e-01
6.258722543716430664e-01 6.383806994102534382e-01 6.252348423004150391e-01 6.400130180744257880e-01
6.226516366004943848e-01 6.401665009162276210e-01 6.252348423004150391e-01 6.389616878364609009e-01
6.234120726585388184e-01 6.420633471551745464e-01 6.284700632095336914e-01 6.388296134609738886e-01
6.220254302024841309e-01 6.406732391833320772e-01 6.270089745521545410e-01 6.371646237084721554e-01
6.229647397994995117e-01 6.398089601243197588e-01 6.285744309425354004e-01 6.375708746850378139e-01
6.279745697975158691e-01 6.399015263616132376e-01 6.254435181617736816e-01 6.363989959875842040e-01
6.252907514572143555e-01 6.385980838205546073e-01 6.257566213607788086e-01 6.388238164831665511e-01
6.278403997421264648e-01 6.380305015181232386e-01 6.251304745674133301e-01 6.376230222923574553e-01
6.297190785408020020e-01 6.372016361604800894e-01 6.282613277435302734e-01 6.357437434661266096e-01
6.264089941978454590e-01 6.386973544126077762e-01 6.260697245597839355e-01 6.369410692787050854e-01
6.244408488273620605e-01 6.390829102833894826e-01 6.256522536277770996e-01 6.375275224515675188e-01
6.273036599159240723e-01 6.397595670701438086e-01 6.272177100181579590e-01 6.385130994853881470e-01
6.259617209434509277e-01 6.384411086164192284e-01 6.289918422698974609e-01 6.360618357144823820e-01
6.292718052864074707e-01 6.358669413119357738e-01 6.296180486679077148e-01 6.367491223423448199e-01
6.299874782562255859e-01 6.358630986200033419e-01 6.287831068038940430e-01 6.361150477082314625e-01
6.307926177978515625e-01 6.360998930818472230e-01 6.303485631942749023e-01 6.347136041660742523e-01
6.299427151679992676e-01 6.356050184532789915e-01 6.325401663780212402e-01 6.337795940577125586e-01
6.307926177978515625e-01 6.356056053921284033e-01 6.283656954765319824e-01 6.343838323309685112e-01
6.303005814552307129e-01 6.347574145001745327e-01 6.299310922622680664e-01 6.340117840074194211e-01
6.355788111686706543e-01 6.334939675182663654e-01 6.358797550201416016e-01 6.317017661507506876e-01
6.336553692817687988e-01 6.330792767819404254e-01 6.326445341110229492e-01 6.325065407989867161e-01
6.355788111686706543e-01 6.330598449318838306e-01 6.304529309272766113e-01 6.328800472778259856e-01
6.345052719116210938e-01 6.326211471637814832e-01 6.307660341262817383e-01 6.324092267550398550e-01
6.337448358535766602e-01 6.325837898860146025e-01 6.318096518516540527e-01 6.335601337989619219e-01
6.325371265411376953e-01 6.328379292781588505e-01 6.325401663780212402e-01 6.331075282366582790e-01
6.376811861991882324e-01 6.301237457573659606e-01 6.317052841186523438e-01 6.319424226970270508e-01
6.355341076850891113e-01 6.318688105440540825e-01 6.365059614181518555e-01 6.289372036711354808e-01
6.351762413978576660e-01 6.309149658601044264e-01 6.342099905014038086e-01 6.310726516656351981e-01
6.349526047706604004e-01 6.314636804716683427e-01 6.316009163856506348e-01 6.320033254441277393e-01
6.363839507102966309e-01 6.323975279199391952e-01 6.318096518516540527e-01 6.293672104141603274e-01
6.373233199119567871e-01 6.289859435643209151e-01 6.337925195693969727e-01 6.290769485834122321e-01
6.356235742568969727e-01 6.303294270958749168e-01 6.372364759445190430e-01 6.288430362075188018e-01
6.371891498565673828e-01 6.295884785039583820e-01 6.343143582344055176e-01 6.298120395048901754e-01
6.378153562545776367e-01 6.276507303931884163e-01 6.371321082115173340e-01 6.298211491498586501e-01
6.371891498565673828e-01 6.293753032757698485e-01 6.372364759445190430e-01 6.286152199274611663e-01
6.401860713958740234e-01 6.266179759955871065e-01 6.379670500755310059e-01 6.273055868715116112e-01
6.352209448814392090e-01 6.270529847384821442e-01 6.360884904861450195e-01 6.289393048250607743e-01
6.378153562545776367e-01 6.273954516341038179e-01 6.369233727455139160e-01 6.289504099877536447e-01
6.402755379676818848e-01 6.271876374219265138e-01 6.362972259521484375e-01 6.257479481820497069e-01
6.409465074539184570e-01 6.266697821473793395e-01 6.377583146095275879e-01 6.261677975272416097e-01
6.417516469955444336e-01 6.259109067626792422e-01 6.413066387176513672e-01 6.265103939031912983e-01
6.367865204811096191e-01 6.267120733225275409e-01 6.328532695770263672e-01 6.294076037516401767e-01
6.366970539093017578e-01 6.275067965125628033e-01 6.335837841033935547e-01 6.278957914917933092e-01
6.394256353378295898e-01 6.250870942984141365e-01 6.362972259521484375e-01 6.246035788880835993e-01
6.383520960807800293e-01 6.258899991724311551e-01 6.368190646171569824e-01 6.251372206910271734e-01
6.428251862525939941e-01 6.239230617958140268e-01 6.372364759445190430e-01 6.246582401542767338e-01
6.416174769401550293e-01 6.250882754707234312e-01 6.369233727455139160e-01 6.238098472350576129e-01
6.413043737411499023e-01 6.245645954605077987e-01 6.372364759445190430e-01 6.245386060556671337e-01
6.455537676811218262e-01 6.236056742503489625e-01 6.362972259521484375e-01 6.251797361703338440e-01
