5.212918519973754883e-01 7.058848634050279847e-01 5.556251406669616699e-01 6.825451278606901040e-01
5.454911589622497559e-01 6.927783149558671694e-01 5.642871856689453125e-01 6.769386691157341929e-01
5.543925762176513672e-01 6.870390757249151825e-01 5.792109966278076172e-01 6.742095103395231437e-01
5.680354237556457520e-01 6.807792047990159912e-01 5.806720852851867676e-01 6.714872590337509495e-01
5.692878961563110352e-01 6.796250852132488252e-01 5.875599980354309082e-01 6.704840625509342900e-01
5.726426839828491211e-01 6.770763186483610419e-01 5.905865430831909180e-01 6.686334587840441213e-01
5.761764049530029297e-01 6.745763480247378707e-01 5.871425867080688477e-01 6.676228306308914506e-01
5.809625983238220215e-01 6.725904576721676298e-01 5.871425867080688477e-01 6.677224760985130958e-01
5.850778222084045410e-01 6.719283964408278020e-01 5.902734398841857910e-01 6.659214741201844312e-01
5.873143672943115234e-01 6.700425530230770255e-01 5.859946012496948242e-01 6.655889152982891188e-01
5.891930460929870605e-01 6.683799197537716452e-01 5.940304994583129883e-01 6.651873609214007388e-01
5.895956158638000488e-01 6.676587311094062116e-01 5.959089994430541992e-01 6.649286300597074817e-01
5.910270214080810547e-01 6.665385032749534533e-01 5.925694108009338379e-01 6.647012802410464660e-01
5.904455184936523438e-01 6.666573313891215324e-01 5.901690721511840820e-01 6.657383006615819054e-01
5.911611914634704590e-01 6.667868433239251269e-01 5.930911898612976074e-01 6.653713241446568283e-01
5.887010097503662109e-01 6.677090075472894570e-01 5.896472334861755371e-01 6.657186318006178549e-01
5.911611914634704590e-01 6.661637452510841273e-01 5.949697494506835938e-01 6.645300486495364645e-01
5.952317118644714355e-01 6.643067389635989306e-01 5.944479107856750488e-01 6.631473872015157811e-01
5.917426943778991699e-01 6.662310725952820256e-01 5.939261317253112793e-01 6.637720648168995430e-01
5.884326100349426270e-01 6.664905754136450922e-01 5.952827930450439453e-01 6.634067423008748188e-01
5.997048020362854004e-01 6.643519150398139450e-01 5.922563076019287109e-01 6.639019997825057473e-01
5.953658819198608398e-01 6.640131714562009790e-01 5.971613526344299316e-01 6.630368462511603278e-01
5.948738455772399902e-01 6.636017507529040627e-01 5.958046317100524902e-01 6.635057907516537234e-01
5.959921479225158691e-01 6.630384803650140046e-01 5.963264703750610352e-01 6.629562731501802419e-01
5.954106450080871582e-01 6.637748393459595997e-01 5.938217639923095703e-01 6.635225846806739325e-01
5.959473848342895508e-01 6.638827003974525631e-01 6.006053090095520020e-01 6.621236102711902660e-01
5.993916392326354980e-01 6.622778032755548550e-01 5.993529558181762695e-01 6.623691919949228346e-01
5.967078208923339844e-01 6.616133329245075245e-01 6.000834703445434570e-01 6.622875093468244545e-01
5.964841842651367188e-01 6.632783551147019008e-01 5.960133671760559082e-01 6.628114884667545281e-01
5.959921479225158691e-01 6.629559578996242486e-01 5.977874994277954102e-01 6.624168204853166930e-01
5.934872031211853027e-01 6.621730850386606804e-01 6.020663976669311523e-01 6.622416197046858688e-01
5.975577235221862793e-01 6.613737537131836319e-01 5.997704267501831055e-01 6.624513569790843048e-01
5.976024270057678223e-01 6.616972275551540328e-01 5.976831316947937012e-01 6.616694550627683080e-01
5.964841842651367188e-01 6.625057340926701066e-01 5.941348075866699219e-01 6.621461064525397955e-01
6.015834808349609375e-01 6.613204442317892617e-01 5.977874994277954102e-01 6.620290528456469481e-01
6.011809110641479492e-01 6.608650861816215416e-01 5.977874994277954102e-01 6.617401223843542013e-01
5.980049967765808105e-01 6.624404093962830142e-01 6.005009412765502930e-01 6.612646420995768048e-01
6.009125113487243652e-01 6.608835183607911778e-01 5.969526171684265137e-01 6.627458526181965182e-01
6.002863049507141113e-01 6.605981594015903902e-01 5.993529558181762695e-01 6.614025422288142275e-01
6.025675535202026367e-01 6.595341826641275551e-01 6.017532944679260254e-01 6.608491032115105801e-01
6.005546450614929199e-01 6.602881586302113970e-01 6.040492653846740723e-01 6.614724585766633691e-01
5.984075665473937988e-01 6.603541814762613482e-01 5.984137058258056641e-01 6.607526472206529666e-01
6.010019779205322266e-01 6.601193297589735831e-01 6.007096767425537109e-01 6.620065469105839151e-01
6.001520752906799316e-01 6.610697898397208672e-01 6.021707653999328613e-01 6.607623839522671627e-01
6.037752628326416016e-01 6.585812013357008610e-01 6.000834703445434570e-01 6.610201699105217044e-01
6.035516262054443359e-01 6.593616924424102743e-01 5.986224412918090820e-01 6.604108253442975141e-01
5.982286930084228516e-01 6.606419597292313428e-01 6.043623685836791992e-01 6.609158724689503384e-01
5.978260636329650879e-01 6.610737905282201288e-01 5.965351462364196777e-01 6.612541023910083471e-01
5.991680026054382324e-01 6.601547468410320363e-01 5.999791026115417480e-01 6.600605686082643420e-01
6.027017235755920410e-01 6.591031604684258749e-01 6.053016185760498047e-01 6.603925930037923830e-01
6.021649837493896484e-01 6.602824396557278597e-01 6.061365008354187012e-01 6.603927636937790835e-01
6.050724387168884277e-01 6.591132653700172428e-01 5.982049703598022461e-01 6.602095130763355746e-01
6.022544503211975098e-01 6.586428564165163202e-01 5.970569849014282227e-01 6.612628142238036189e-01
6.028359532356262207e-01 6.594284093748971065e-01 6.043623685836791992e-01 6.595989789427310068e-01
6.051619052886962891e-01 6.590112693665129973e-01 6.018576622009277344e-01 6.599147519471126877e-01
6.014045476913452148e-01 6.591707868489879996e-01 6.017532944679260254e-01 6.602923142539263157e-01
6.031937599182128906e-01 6.588134302139965204e-01 6.030056476593017578e-01 6.602410092231402183e-01
6.030595898628234863e-01 6.580882387482046569e-01 6.053016185760498047e-01 6.602082122867626301e-01
6.048040986061096191e-01 6.590260360893185343e-01 6.011270880699157715e-01 6.603461800201828602e-01
6.043120622634887695e-01 6.572078138797818880e-01 6.033187508583068848e-01 6.606030263997298979e-01
6.054750680923461914e-01 6.587071368531776105e-01 6.048841476440429688e-01 6.603266954222941632e-01
6.065038442611694336e-01 6.582639808624071165e-01 6.021707653999328613e-01 6.594444017797440605e-01
6.035963296890258789e-01 6.584097473112452414e-01 6.022750735282897949e-01 6.588648234446793372e-01
6.044909358024597168e-01 6.579398956275792631e-01 5.964307785034179688e-01 6.616572190291496458e-01
6.030148267745971680e-01 6.587923610971874178e-01 6.070757508277893066e-01 6.597158142854017138e-01
6.024333238601684570e-01 6.582616462458393825e-01 6.038405299186706543e-01 6.595783927848208883e-01
6.064143776893615723e-01 6.580451701744913784e-01 6.038405299186706543e-01 6.592781765678435990e-01
6.073984503746032715e-01 6.575307195953189465e-01 6.080150008201599121e-01 6.588478313933531227e-01
6.055197715759277344e-01 6.562926449637481729e-01 6.091629862785339355e-01 6.586525215656715559e-01
6.052961349487304688e-01 6.570059396026598497e-01 6.029012799263000488e-01 6.587875247797869704e-01
6.050724387168884277e-01 6.576428814061449080e-01 5.944479107856750488e-01 6.646772034853491995e-01
6.038647294044494629e-01 6.585324519029093215e-01 6.044667363166809082e-01 6.593203562531683160e-01
6.066827774047851562e-01 6.566250818448451376e-01 6.074932217597961426e-01 6.583338797378579521e-01
6.062802076339721680e-01 6.577867922511589915e-01 6.058233976364135742e-01 6.603041646426317524e-01
6.073089838027954102e-01 6.570167640685011801e-01 6.077019572257995605e-01 6.604240006829223963e-01
6.048040986061096191e-01 6.571685073626960527e-01 6.044667363166809082e-01 6.583909382279694578e-01
6.090982556343078613e-01 6.566795199645569792e-01 6.083281040191650391e-01 6.587749528277768718e-01
6.057881712913513184e-01 6.564279113649404973e-01 6.129200458526611328e-01 6.576861093348338461e-01
6.071300506591796875e-01 6.559448766674247366e-01 6.069713830947875977e-01 6.593680184461259142e-01
6.078010201454162598e-01 6.573301413486246636e-01 6.092673540115356445e-01 6.582004678595217984e-01
6.077563166618347168e-01 6.556324540640933174e-01 6.077019572257995605e-01 6.593345186203264374e-01
6.104848980903625488e-01 6.552710274844630867e-01 6.064496040344238281e-01 6.574530881174270869e-01
6.076220870018005371e-01 6.569355435097531393e-01 6.090586781501770020e-01 6.588754044199158777e-01
6.072642803192138672e-01 6.562211520451299851e-01 6.088499426841735840e-01 6.579739781964722978e-01
6.112900376319885254e-01 6.557156668299745084e-01 6.092673540115356445e-01 6.567696910565343771e-01
6.072195172309875488e-01 6.559501021679196020e-01 6.017532944679260254e-01 6.582556275603816953e-01
6.067274808883666992e-01 6.567448243021559717e-01 6.025881767272949219e-01 6.592622405426210586e-01
6.064143776893615723e-01 6.561805124273452083e-01 6.018576622009277344e-01 6.594541606065053019e-01
6.077563166618347168e-01 6.560741237140251814e-01 6.075975894927978516e-01 6.580929269971790285e-01
6.095008254051208496e-01 6.559463872063200363e-01 6.115633249282836914e-01 6.577023164485994444e-01
6.095902919769287109e-01 6.562211119887610966e-01 6.091629862785339355e-01 6.568810033713619045e-01
6.095902919769287109e-01 6.556631258954983554e-01 6.041536331176757812e-01 6.577001770387186363e-01
6.083378195762634277e-01 6.552244095389372358e-01 6.078063249588012695e-01 6.572223306946305410e-01
6.074879169464111328e-01 6.564413810015193862e-01 6.008140444755554199e-01 6.586077226225952597e-01
6.081588864326477051e-01 6.555678958670144718e-01 6.131287813186645508e-01 6.569216202355904199e-01
6.133476495742797852e-01 6.541130361029747764e-01 6.015445590019226074e-01 6.568457683798316626e-01
6.096796989440917969e-01 6.551693712775578105e-01 6.099979281425476074e-01 6.567381633221294202e-01
6.078010201454162598e-01 6.548691914511998169e-01 6.075975894927978516e-01 6.565389581921950990e-01
6.066827774047851562e-01 6.546777215919419302e-01 6.094760894775390625e-01 6.567838195096323828e-01
6.106190681457519531e-01 6.542890430947155833e-01 6.106240749359130859e-01 6.567970664459885644e-01
