5.631150603294372559e-01 6.804247857483880502e-01 5.886036157608032227e-01 6.668692061856802411e-01
5.838701128959655762e-01 6.697092125381248762e-01 5.984137058258056641e-01 6.650356917833142312e-01
5.903113484382629395e-01 6.635026829808785553e-01 5.958046317100524902e-01 6.607470425303408890e-01
5.965736508369445801e-01 6.610705913190317862e-01 6.053016185760498047e-01 6.585874761153650558e-01
6.056987047195434570e-01 6.556253406565951680e-01 6.160508990287780762e-01 6.522702329518575981e-01
6.045356988906860352e-01 6.566219271605077124e-01 6.139636635780334473e-01 6.487758577031697005e-01
6.070853471755981445e-01 6.525455696848556641e-01 6.145898699760437012e-01 6.486564440708323387e-01
6.110664010047912598e-01 6.511647580113174572e-01 5.893341898918151855e-01 6.572729400890751084e-01
6.190731525421142578e-01 6.477554818133075543e-01 6.221039295196533203e-01 6.426220445164159134e-01
6.136607527732849121e-01 6.482537468253105617e-01 6.146942377090454102e-01 6.460685315323234645e-01
6.193415522575378418e-01 6.448916521134668844e-01 6.216865181922912598e-01 6.405388206784696781e-01
6.212649941444396973e-01 6.441528823064721632e-01 6.141723990440368652e-01 6.432241124640026841e-01
6.228752732276916504e-01 6.414724978293219193e-01 6.264871358871459961e-01 6.387005217934769163e-01
6.259169578552246094e-01 6.397763250829239245e-01 6.205385327339172363e-01 6.377847796440920813e-01
6.281982660293579102e-01 6.388803458444162198e-01 6.254435181617736816e-01 6.384074615302550715e-01
6.282877326011657715e-01 6.370914188218812502e-01 6.319140195846557617e-01 6.412513266647814625e-01
6.281535029411315918e-01 6.357622002420580953e-01 6.401586532592773438e-01 6.271625277493946271e-01
6.303453445434570312e-01 6.334589932105221255e-01 6.255478858947753906e-01 6.343686271126846021e-01
6.301216483116149902e-01 6.333215979135704554e-01 6.300354599952697754e-01 6.265519473354146385e-01
6.269904971122741699e-01 6.339943030798108614e-01 6.413066387176513672e-01 6.244983214397465954e-01
6.341921687126159668e-01 6.297399040560194283e-01 6.366103291511535645e-01 6.247009744203256831e-01
6.330291628837585449e-01 6.286072253669006127e-01 6.398455500602722168e-01 6.221290128361927074e-01
6.318661570549011230e-01 6.292409282994197994e-01 6.405760645866394043e-01 6.235473218428966291e-01
6.374127864837646484e-01 6.270012079784238468e-01 6.398455500602722168e-01 6.189057825502933818e-01
6.409912109375000000e-01 6.243877786390468199e-01 6.405760645866394043e-01 6.191593933593154686e-01
6.416174769401550293e-01 6.223899107176452672e-01 6.424546241760253906e-01 6.203835373680219867e-01
6.412596106529235840e-01 6.192147396911468205e-01 6.384888291358947754e-01 6.206556794862860826e-01
6.422436833381652832e-01 6.194245348059441714e-01 6.443331241607666016e-01 6.120456992223799464e-01
6.472535133361816406e-01 6.160056122109937027e-01 6.334794163703918457e-01 6.230196552594104986e-01
6.494453549385070801e-01 6.145816301591368047e-01 6.439156532287597656e-01 6.193365980428784390e-01
6.476560831069946289e-01 6.139156378047114782e-01 6.465247273445129395e-01 6.138627043075935985e-01
6.493111252784729004e-01 6.125663855161579407e-01 6.490294337272644043e-01 6.135073640206690770e-01
6.506083607673645020e-01 6.091753336755763026e-01 6.485075950622558594e-01 6.176421844842313602e-01
6.524870395660400391e-01 6.119175859290215680e-01 6.426633000373840332e-01 6.126554602124550941e-01
6.519950032234191895e-01 6.089178226910841873e-01 6.557086110115051270e-01 6.044231448932919637e-01
6.518607735633850098e-01 6.054460585575919263e-01 6.509079337120056152e-01 6.047939935225182806e-01
6.537395119667053223e-01 6.051641002731985575e-01 6.538301110267639160e-01 6.056890243454831069e-01
6.587045788764953613e-01 6.036482042224574629e-01 6.540388464927673340e-01 6.024677704057870287e-01
6.616567969322204590e-01 5.982343598968292708e-01 6.546649932861328125e-01 6.004007964038670098e-01
6.580783724784851074e-01 5.992750380755451634e-01 6.521602869033813477e-01 6.009741689635825779e-01
6.603596210479736328e-01 5.975760648066721359e-01 6.576914787292480469e-01 5.968004072342006916e-01
6.585256457328796387e-01 5.987639334402734548e-01 6.605092883110046387e-01 5.962445009006037688e-01
6.662193536758422852e-01 5.926720507137676064e-01 6.545606255531311035e-01 5.992333069894687503e-01
6.624619960784912109e-01 5.910830343424431366e-01 6.573784351348876953e-01 5.982835545740902150e-01
6.642959117889404297e-01 5.908724077487166326e-01 6.614485383033752441e-01 5.934346617823278436e-01
6.718106865882873535e-01 5.857032656051067709e-01 6.612398028373718262e-01 5.874495590885157048e-01
6.665324568748474121e-01 5.900840628955504874e-01 6.631183624267578125e-01 5.910936795304150282e-01
6.689032316207885742e-01 5.875928540267336686e-01 6.691713333129882812e-01 5.881667411095959919e-01
6.686348319053649902e-01 5.870106451028062056e-01 6.734502315521240234e-01 5.838389584152764433e-01
6.742708683013916016e-01 5.797770637735567556e-01 6.628052592277526855e-01 5.937117799615789782e-01
6.672034263610839844e-01 5.865766802037161165e-01 6.659361124038696289e-01 5.943907841066556896e-01
6.657720804214477539e-01 5.859804308186236099e-01 6.703193783760070801e-01 5.862202755072698501e-01
6.771336793899536133e-01 5.810381106367092929e-01 6.716760396957397461e-01 5.830118244487043633e-01
6.775809526443481445e-01 5.782547984402216512e-01 6.579002141952514648e-01 5.990753856463661986e-01
6.782519221305847168e-01 5.749455329812602766e-01 6.651012301445007324e-01 5.874857482520007279e-01
6.741366982460021973e-01 5.783343483305805055e-01 6.658317446708679199e-01 5.842541398745293435e-01
6.723474860191345215e-01 5.785700922938872282e-01 6.661448478698730469e-01 5.847227766851721409e-01
6.788334250450134277e-01 5.722841619058849361e-01 6.735545992851257324e-01 5.809759561340238632e-01
6.797727942466735840e-01 5.761687096296983501e-01 6.666666865348815918e-01 5.848050251357417295e-01
6.786097884178161621e-01 5.728322326081194404e-01 6.774159669876098633e-01 5.760214440236880451e-01
6.809357404708862305e-01 5.709657182973321143e-01 6.632227301597595215e-01 5.903810607419086587e-01
6.803990006446838379e-01 5.726088249719639700e-01 6.655187010765075684e-01 5.879912434378687935e-01
6.808910369873046875e-01 5.693681056863358902e-01 6.809642910957336426e-01 5.729656099675966008e-01
6.830381155014038086e-01 5.664294400887447400e-01 6.514297723770141602e-01 6.040531023388191478e-01
6.825460791587829590e-01 5.675513348269706215e-01 6.686495542526245117e-01 5.834293125990014373e-01
6.867954730987548828e-01 5.620861274651325346e-01 6.792945265769958496e-01 5.657452121952385449e-01
6.834406852722167969e-01 5.651354692472415620e-01 6.657273769378662109e-01 5.825927413423084289e-01
6.846036911010742188e-01 5.639129834858499501e-01 6.768941879272460938e-01 5.712721042507651337e-01
6.892109513282775879e-01 5.635378312117556021e-01 6.822166442871093750e-01 5.697260240975015044e-01
6.869744062423706055e-01 5.572872541739531949e-01 6.827384829521179199e-01 5.700930352500623854e-01
6.881374120712280273e-01 5.584940109105330786e-01 6.781465411186218262e-01 5.736166177699670854e-01
6.905975937843322754e-01 5.590813365023556969e-01 6.620747447013854980e-01 5.827453575361200011e-01
6.907765269279479980e-01 5.553729818788276651e-01 6.834689974784851074e-01 5.655302914939128733e-01
6.939076781272888184e-01 5.504783078305600652e-01 6.857649683952331543e-01 5.648327282713688779e-01
6.973519325256347656e-01 5.513495331715760894e-01 6.695888042449951172e-01 5.785028586629487046e-01
6.976203322410583496e-01 5.510071282374835455e-01 6.854518651962280273e-01 5.640077666583426241e-01
6.954732537269592285e-01 5.512906379596473894e-01 6.906700134277343750e-01 5.613919142342091995e-01
6.989175081253051758e-01 5.478781237011839389e-01 6.878522038459777832e-01 5.599956172315294634e-01
6.967257261276245117e-01 5.512303757654744008e-01 6.840952038764953613e-01 5.642957075033823156e-01
6.949364542961120605e-01 5.530273043143129064e-01 6.832602620124816895e-01 5.653824718629012480e-01
6.986491084098815918e-01 5.498342307250814187e-01 6.846169829368591309e-01 5.674188156835571206e-01
6.952496170997619629e-01 5.498545566128156814e-01 6.816948652267456055e-01 5.659150333798670385e-01
7.001252174377441406e-01 5.428677305997772207e-01 6.895220279693603516e-01 5.626852360579893686e-01
6.993648409843444824e-01 5.468089687608823635e-01 6.853474974632263184e-01 5.636145511466759128e-01
6.973966956138610840e-01 5.484267865359452321e-01 6.712586283683776855e-01 5.781837592565847173e-01
6.978439688682556152e-01 5.453526096664785827e-01 6.880609393119812012e-01 5.580161114347127471e-01
7.038378715515136719e-01 5.417054025191360145e-01 6.850344538688659668e-01 5.640214108470287258e-01
7.011987566947937012e-01 5.427369676766315987e-01 6.878522038459777832e-01 5.613056721480299549e-01
7.035695314407348633e-01 5.406995862109180706e-01 6.856606006622314453e-01 5.616824462453101630e-01
7.008409500122070312e-01 5.403857403480637478e-01 6.960968375205993652e-01 5.542012994883080967e-01
7.040615677833557129e-01 5.356266953252385443e-01 6.978710293769836426e-01 5.512578699763446277e-01
7.030327320098876953e-01 5.371845902708097809e-01 6.908787488937377930e-01 5.521539316324669544e-01
7.010645866394042969e-01 5.395669650148462448e-01 6.915048956871032715e-01 5.556484865286335229e-01
7.073268890380859375e-01 5.304796138801991523e-01 6.919223666191101074e-01 5.555786318008647529e-01
7.069243192672729492e-01 5.354230514279118003e-01 6.900438070297241211e-01 5.557159324997129612e-01
7.045536041259765625e-01 5.344982861853985190e-01 6.829472184181213379e-01 5.745360220655522099e-01
7.051351070404052734e-01 5.370745544016393147e-01 6.939052343368530273e-01 5.606274951153721320e-01
7.069243192672729492e-01 5.315279256979710265e-01 7.035065889358520508e-01 5.416919347065969337e-01
7.056271433830261230e-01 5.331506844943911805e-01 7.011062502861022949e-01 5.523642437414744144e-01
7.056718468666076660e-01 5.336254990619161420e-01 7.010018825531005859e-01 5.498845382538948279e-01
