5.608785152435302734e-01 6.820713017681754309e-01 5.480066537857055664e-01 6.808035433279947535e-01
5.798443555831909180e-01 6.709166252244070927e-01 6.007096767425537109e-01 6.601974246920436773e-01
5.904455184936523438e-01 6.634085695396746418e-01 5.973700881004333496e-01 6.606226322347847901e-01
5.945607423782348633e-01 6.614965348236034881e-01 5.997704267501831055e-01 6.633303749165687657e-01
6.002415418624877930e-01 6.564970831044310007e-01 6.074932217597961426e-01 6.561621574090532594e-01
6.020755171775817871e-01 6.560904008157566469e-01 5.986224412918090820e-01 6.542961967934449730e-01
6.074879169464111328e-01 6.524945651936731039e-01 6.057190299034118652e-01 6.542138492755018575e-01
6.082483530044555664e-01 6.515057091423727131e-01 6.194949150085449219e-01 6.463589198876462660e-01
6.125872135162353516e-01 6.460497866570149572e-01 6.095804572105407715e-01 6.505641598364078071e-01
6.163893342018127441e-01 6.474200391368418739e-01 6.185556054115295410e-01 6.415000421546540599e-01
6.192968487739562988e-01 6.418193143602985984e-01 6.223126649856567383e-01 6.419347939175769069e-01
6.191179156303405762e-01 6.415330348724669340e-01 6.170945763587951660e-01 6.425177822205597744e-01
6.232778429985046387e-01 6.394093500883171188e-01 6.258609890937805176e-01 6.381011106629034257e-01
6.229647397994995117e-01 6.371117471838108060e-01 6.241911649703979492e-01 6.331793083648944442e-01
6.236357092857360840e-01 6.366068098642762019e-01 6.309747695922851562e-01 6.265156625880251573e-01
6.235910058021545410e-01 6.344188993317131375e-01 6.319140195846557617e-01 6.299364696935432217e-01
6.311057209968566895e-01 6.307687966399978530e-01 6.241911649703979492e-01 6.398095276678710253e-01
6.301664113998413086e-01 6.303329522802953999e-01 6.207472085952758789e-01 6.335672989341466499e-01
6.356682777404785156e-01 6.263720384649139605e-01 6.352536082267761230e-01 6.240535633246999669e-01
6.342368721961975098e-01 6.277699160819020241e-01 6.345230937004089355e-01 6.223267746155806135e-01
6.375917196273803711e-01 6.242690845900047414e-01 6.368190646171569824e-01 6.213728832417254599e-01
6.386204957962036133e-01 6.221913583250074931e-01 6.381757259368896484e-01 6.211158259256824854e-01
6.403650045394897461e-01 6.226279545414744598e-01 6.416196823120117188e-01 6.166316458686760260e-01
6.388888955116271973e-01 6.235775863000245778e-01 6.393237113952636719e-01 6.184610325343125048e-01
6.388888955116271973e-01 6.217211444170152035e-01 6.413066387176513672e-01 6.175495242803784590e-01
6.463142037391662598e-01 6.176383020754554476e-01 6.401586532592773438e-01 6.182137497828464889e-01
6.411254405975341797e-01 6.165695855369677236e-01 6.468378305435180664e-01 6.135982198746063876e-01
6.468957066535949707e-01 6.120356139182874244e-01 6.403673291206359863e-01 6.189494435186551069e-01
6.509661674499511719e-01 6.114282761283030831e-01 6.270089745521545410e-01 6.192960793875971204e-01
6.489980220794677734e-01 6.097549414203853324e-01 6.464203596115112305e-01 6.121933119228850639e-01
6.543210148811340332e-01 6.045153112760446312e-01 6.521602869033813477e-01 6.126156477558913904e-01
6.503399610519409180e-01 6.072794691909295661e-01 6.454811096191406250e-01 6.096530680963974103e-01
6.533816456794738770e-01 6.055474061086323356e-01 6.455854773521423340e-01 6.079639197639969961e-01
6.579889059066772461e-01 6.001404686165231483e-01 6.469421982765197754e-01 6.144355966088866916e-01
6.544998884201049805e-01 6.039328982203393537e-01 6.455854773521423340e-01 6.078821506885416781e-01
6.579889059066772461e-01 6.023690570742398220e-01 6.455854773521423340e-01 6.071462824931350699e-01
6.541420817375183105e-01 5.997151015887940417e-01 6.414110064506530762e-01 6.149566988809649359e-01
6.587045788764953613e-01 6.002791146511979870e-01 6.582133173942565918e-01 5.996931031536045786e-01
6.633118391036987305e-01 5.920802219051819471e-01 6.519515514373779297e-01 6.018197035844230491e-01
6.617462635040283203e-01 5.968677608436582238e-01 6.509079337120056152e-01 6.011629272318413930e-01
6.621041297912597656e-01 5.945400586919977748e-01 6.477770805358886719e-01 6.057614253274435923e-01
6.644301414489746094e-01 5.906466452331871064e-01 6.493425369262695312e-01 6.102055614140406981e-01
6.669350266456604004e-01 5.873774227056846042e-01 6.679190397262573242e-01 5.936048121299059011e-01
6.629540324211120605e-01 5.891261321953571439e-01 6.612398028373718262e-01 5.980070745788220732e-01
6.677402257919311523e-01 5.857785779347592925e-01 6.573784351348876953e-01 5.956652001482637404e-01
6.683217287063598633e-01 5.890877828825819007e-01 6.565434932708740234e-01 5.962984696406955498e-01
6.721685528755187988e-01 5.828950708849652829e-01 6.600918173789978027e-01 5.966078864211853405e-01
6.717212200164794922e-01 5.804927000037074514e-01 6.608223915100097656e-01 5.975329112071031679e-01
6.738235950469970703e-01 5.784322354848577818e-01 6.588394641876220703e-01 5.941217515941851213e-01
6.690821051597595215e-01 5.836584810217541053e-01 6.582133173942565918e-01 5.992180326367638754e-01
6.737341284751892090e-01 5.778639894475405825e-01 6.581089496612548828e-01 5.983630783297626543e-01
6.746287345886230469e-01 5.785428418266813644e-01 6.623877882957458496e-01 5.929661461839693670e-01
6.764627099037170410e-01 5.712719529168638344e-01 6.538301110267639160e-01 6.051739169620218295e-01
6.812936067581176758e-01 5.732637563082800813e-01 6.720935106277465820e-01 5.831271212674760118e-01
6.778045892715454102e-01 5.735032411375845518e-01 6.739720106124877930e-01 5.763674588274094734e-01
6.734657287597656250e-01 5.759348946429041494e-01 6.704236865043640137e-01 5.795898062031793474e-01
6.822776794433593750e-01 5.687032251627633928e-01 6.686495542526245117e-01 5.852150994684820473e-01
6.798174977302551270e-01 5.705621685638775364e-01 6.641619801521301270e-01 5.890791374988632034e-01
6.799964308738708496e-01 5.714649232795955269e-01 6.703193783760070801e-01 5.800993975754994425e-01
6.828144788742065430e-01 5.685362474588614434e-01 6.666666865348815918e-01 5.803061399373249385e-01
6.825907826423645020e-01 5.635837259137325139e-01 6.750156283378601074e-01 5.786958455890137687e-01
6.812041401863098145e-01 5.640349154780345264e-01 6.641619801521301270e-01 5.892929121886133492e-01
6.824566125869750977e-01 5.671803740956826712e-01 6.745982170104980469e-01 5.737487301774722992e-01
6.840668916702270508e-01 5.612247737901414624e-01 6.782509088516235352e-01 5.793396667582185744e-01
6.832617521286010742e-01 5.689605866077441787e-01 6.745982170104980469e-01 5.760269201864307576e-01
6.863929033279418945e-01 5.592096493269339552e-01 6.752243638038635254e-01 5.833717957838818746e-01
6.859456300735473633e-01 5.602506920068757168e-01 6.831558942794799805e-01 5.723662002552926120e-01
6.885399818420410156e-01 5.564376482555746239e-01 6.787726879119873047e-01 5.755667386510829875e-01
6.842011213302612305e-01 5.595159154071388530e-01 6.800250411033630371e-01 5.708076939705243324e-01
6.864376664161682129e-01 5.550272349040907827e-01 6.872260570526123047e-01 5.673943010433509793e-01
6.892556548118591309e-01 5.584485537038760272e-01 6.828428506851196289e-01 5.660333282587747261e-01
6.880032420158386230e-01 5.576393082777915122e-01 6.754330992698669434e-01 5.754178256213204889e-01
6.879584789276123047e-01 5.550044321228937427e-01 6.729283928871154785e-01 5.786467826060377462e-01
6.870638728141784668e-01 5.584110625689433505e-01 6.816948652267456055e-01 5.636710749367188633e-01
6.902844905853271484e-01 5.520703334419303498e-01 6.841995120048522949e-01 5.672668379101069025e-01
6.961442232131958008e-01 5.511696304526733092e-01 6.837821006774902344e-01 5.658746784725161572e-01
6.935945749282836914e-01 5.512433857242927671e-01 6.777290701866149902e-01 5.749665570144637528e-01
6.948917508125305176e-01 5.487380955061005317e-01 6.771029233932495117e-01 5.673963993109732984e-01
6.848273277282714844e-01 5.576997545115699451e-01 6.745982170104980469e-01 5.884872212387082246e-01
6.914474964141845703e-01 5.518782763025547045e-01 6.814861297607421875e-01 5.632553928905129625e-01
6.935945749282836914e-01 5.460859113738626425e-01 6.728240251541137695e-01 5.744607659825400336e-01
6.927894353866577148e-01 5.468774981267509050e-01 6.862868070602416992e-01 5.630105379801706444e-01
6.928788423538208008e-01 5.457856886756721204e-01 6.921311020851135254e-01 5.568765505100187196e-01
6.971282958984375000e-01 5.439082715033120019e-01 6.822166442871093750e-01 5.711825381761501674e-01
6.978439688682556152e-01 5.442475965761459644e-01 6.816948652267456055e-01 5.637847523280211659e-01
6.970835328102111816e-01 5.395040668428509045e-01 6.759549379348754883e-01 5.621423496132079700e-01
7.024512290954589844e-01 5.394621797933798479e-01 6.883740425109863281e-01 5.632148121299536125e-01
7.012882232666015625e-01 5.389088053228945352e-01 6.856606006622314453e-01 5.585066560065664598e-01
6.921631693840026855e-01 5.478849301698234253e-01 6.893132925033569336e-01 5.591353129006905176e-01
7.006620168685913086e-01 5.376339809138226400e-01 6.822166442871093750e-01 5.637907951516613059e-01
6.973072290420532227e-01 5.418033293458552890e-01 6.933834552764892578e-01 5.522010477543175533e-01
7.011540532112121582e-01 5.391309441127767332e-01 6.971404552459716797e-01 5.538812673084423377e-01
7.026749253273010254e-01 5.384364429708669020e-01 6.952619552612304688e-01 5.566043434748194629e-01
6.994095444679260254e-01 5.388780952960994242e-01 6.989146471023559570e-01 5.472878802422316280e-01
7.035247683525085449e-01 5.366967869350961484e-01 6.922354698181152344e-01 5.573072163876051643e-01
7.027196288108825684e-01 5.354251572667304560e-01 6.812773942947387695e-01 5.713678489172292485e-01
7.036589980125427246e-01 5.364011230857369528e-01 6.990190148353576660e-01 5.472322497256387752e-01
6.994543075561523438e-01 5.413534442477073716e-01 6.886871457099914551e-01 5.564360610629093262e-01
6.998568773269653320e-01 5.387134527793231431e-01 6.972448229789733887e-01 5.507931662884765212e-01
7.042852044105529785e-01 5.365601621580200487e-01 6.947401165962219238e-01 5.527956915459087961e-01
