5.004920363426208496e-01 7.069863968595960779e-01 5.092882513999938965e-01 6.948912024274048749e-01
5.050545930862426758e-01 7.071405129604165785e-01 5.082446336746215820e-01 6.946324347155846679e-01
4.973161518573760986e-01 7.076890853484087973e-01 5.057399272918701172e-01 6.943991035565133529e-01
5.044283270835876465e-01 7.046290928913497842e-01 5.032352209091186523e-01 6.942058423445782722e-01
5.045177936553955078e-01 7.058066568214237391e-01 5.081402659416198730e-01 6.940267909869498597e-01
4.991948604583740234e-01 7.061955866627668277e-01 5.042788386344909668e-01 6.938770298568671668e-01
5.029969811439514160e-01 7.053251224567477218e-01 4.973909556865692139e-01 6.937478746533817242e-01
4.988369941711425781e-01 7.054445067742873832e-01 4.954080581665039062e-01 6.936234115583865822e-01
5.076489448547363281e-01 7.034241116778499059e-01 4.933208227157592773e-01 6.935214148735209250e-01
5.038021206855773926e-01 7.030106544025385151e-01 4.949906170368194580e-01 6.934431627582493540e-01
5.045177936553955078e-01 7.036999462968570596e-01 4.984345734119415283e-01 6.933577482945683101e-01
5.058149695396423340e-01 7.028177663921179041e-01 4.989563822746276855e-01 6.932871339341539763e-01
5.064859390258789062e-01 7.019858025954220926e-01 4.965560436248779297e-01 6.932217925755869148e-01
5.083199143409729004e-01 7.017489654110505848e-01 4.956167936325073242e-01 6.931566739102241748e-01
5.003578662872314453e-01 7.023904533244603732e-01 4.949906170368194580e-01 6.930965279343480612e-01
5.051440596580505371e-01 7.029535154320297741e-01 4.978083968162536621e-01 6.930520047824981766e-01
5.094829201698303223e-01 7.001864939346832406e-01 4.949906170368194580e-01 6.930166639681525353e-01
5.030416846275329590e-01 7.025922803145910889e-01 4.977040290832519531e-01 6.929837530352481734e-01
5.038468241691589355e-01 7.027504784857401265e-01 5.005218386650085449e-01 6.929500330542005537e-01
5.053229331970214844e-01 7.014596262181204134e-01 5.022959709167480469e-01 6.929145965813048313e-01
5.050545930862426758e-01 7.018316394742262210e-01 5.048006772994995117e-01 6.928824660698921223e-01
5.067990422248840332e-01 7.002778942927539996e-01 5.043832063674926758e-01 6.928541901165845562e-01
5.038915872573852539e-01 7.014247260935768669e-01 5.088707804679870605e-01 6.928249799341827941e-01
5.037573575973510742e-01 7.013755724604557873e-01 5.064704418182373047e-01 6.927964418000603919e-01
5.060833692550659180e-01 7.009813443004904165e-01 5.070966482162475586e-01 6.927684706005365900e-01
5.053676962852478027e-01 7.010653384641748476e-01 5.081402659416198730e-01 6.927417377494018424e-01
5.089014172554016113e-01 7.005700637304967948e-01 5.030264854431152344e-01 6.927150227137235383e-01
5.038915872573852539e-01 7.007337090772429722e-01 5.055311918258666992e-01 6.926866999948430026e-01
5.042493939399719238e-01 7.009437575091145289e-01 5.056355595588684082e-01 6.926616909632825614e-01
5.072016716003417969e-01 6.995635506056954167e-01 5.044875741004943848e-01 6.926406091823629207e-01
5.071122050285339355e-01 7.004817054595475767e-01 5.038614273071289062e-01 6.926242416672855340e-01
5.044730901718139648e-01 7.004867795435553157e-01 5.026090741157531738e-01 6.926042339891861355e-01
5.004920363426208496e-01 7.005661355828445291e-01 5.064704418182373047e-01 6.925901446380289261e-01
5.050098299980163574e-01 6.996923580880368698e-01 5.056355595588684082e-01 6.925737379214829126e-01
5.125693082809448242e-01 6.985179239937008289e-01 5.060530304908752441e-01 6.925598196086593106e-01
5.100644230842590332e-01 6.983260817040610746e-01 5.045919418334960938e-01 6.925511939046378185e-01
4.973608851432800293e-01 7.016771080818557937e-01 5.043832063674926758e-01 6.925403904601343807e-01
5.050545930862426758e-01 6.997386502502941363e-01 5.051137804985046387e-01 6.925307290460988030e-01
5.065754055976867676e-01 7.004961304447906434e-01 5.031308531761169434e-01 6.925184853612891267e-01
5.054123997688293457e-01 6.985550954402036661e-01 5.000000000000000000e-01 6.925044523552449371e-01
5.066648721694946289e-01 6.987553810813086352e-01 5.003131031990051270e-01 6.924861516640993253e-01
5.094381570816040039e-01 6.987174525736994379e-01 5.006261467933654785e-01 6.924721818954604480e-01
4.996868968009948730e-01 7.012541565726152504e-01 5.010436177253723145e-01 6.924628604182468949e-01
5.059044361114501953e-01 7.003525299939770132e-01 5.012523531913757324e-01 6.924428781819129686e-01
5.110931992530822754e-01 6.980724799481587972e-01 5.012523531913757324e-01 6.924157993725310600e-01
5.094829201698303223e-01 6.976042439886828150e-01 5.011479854583740234e-01 6.923907395942900944e-01
5.042046904563903809e-01 6.999738307902714229e-01 5.009392499923706055e-01 6.923764002917828231e-01
5.089908838272094727e-01 6.981402911788385790e-01 5.020872354507446289e-01 6.923466303407760369e-01
5.082304477691650391e-01 6.985452703892982562e-01 5.026090741157531738e-01 6.923226648694760232e-01
5.049651265144348145e-01 6.989451439164366953e-01 5.026090741157531738e-01 6.923006314421167318e-01
5.077384114265441895e-01 6.992712826053962827e-01 5.021916031837463379e-01 6.922829996890101922e-01
5.071122050285339355e-01 6.990646613392852426e-01 5.019828677177429199e-01 6.922587762294992730e-01
5.078725814819335938e-01 6.983790996463296041e-01 5.016698241233825684e-01 6.922432452944120573e-01
5.059939026832580566e-01 6.993707393486526813e-01 5.016698241233825684e-01 6.922265320450248227e-01
5.086777806282043457e-01 6.987169431987400037e-01 5.022959709167480469e-01 6.922069510048054486e-01
5.082304477691650391e-01 6.983851040491031448e-01 5.027134418487548828e-01 6.921834371030716193e-01
5.047414302825927734e-01 6.983520369300221242e-01 5.032352209091186523e-01 6.921716186751952771e-01
5.080515146255493164e-01 6.990571542361231350e-01 5.027134418487548828e-01 6.921573802191189895e-01
5.031758546829223633e-01 6.996855141332055661e-01 5.021916031837463379e-01 6.921334748003383774e-01
5.090355873107910156e-01 6.987771743268312852e-01 5.015654563903808594e-01 6.921137551678120392e-01
5.057255029678344727e-01 6.990650321486427954e-01 5.005218386650085449e-01 6.920916130313343739e-01
5.076489448547363281e-01 6.990412813133919379e-01 5.009392499923706055e-01 6.920707170188464818e-01
5.050545930862426758e-01 6.984983954580638033e-01 5.001043677330017090e-01 6.920467611270865183e-01
5.062623023986816406e-01 6.988455707686896945e-01 4.998956322669982910e-01 6.920232871857199264e-01
5.033995509147644043e-01 6.995269108019098736e-01 4.993738234043121338e-01 6.920044105278377877e-01
5.053676962852478027e-01 6.984914552229081197e-01 4.989563822746276855e-01 6.919794966198661301e-01
5.043388605117797852e-01 6.985324696279591183e-01 4.974952936172485352e-01 6.919615055718021379e-01
5.066648721694946289e-01 6.983772775401240196e-01 4.985389411449432373e-01 6.919394399969992504e-01
5.048756599426269531e-01 6.994476622621410566e-01 4.975996613502502441e-01 6.919191216681004342e-01
5.028180480003356934e-01 6.984948631496671334e-01 5.003131031990051270e-01 6.918989990230791642e-01
5.089461207389831543e-01 6.976435764848194498e-01 5.022959709167480469e-01 6.918733551292721717e-01
5.100196599960327148e-01 6.976101521217965562e-01 5.022959709167480469e-01 6.918518354887256416e-01
5.085435509681701660e-01 6.982286228095296865e-01 5.021916031837463379e-01 6.918267947824781050e-01
5.095276236534118652e-01 6.979758300621706768e-01 5.015654563903808594e-01 6.917984466591550197e-01
5.147611498832702637e-01 6.967420002005996205e-01 5.024003386497497559e-01 6.917722127652073949e-01
5.064412355422973633e-01 6.979364231162173970e-01 5.018784999847412109e-01 6.917433192550302978e-01
5.126140713691711426e-01 6.965653412264006805e-01 5.003131031990051270e-01 6.917148192648946425e-01
5.062623023986816406e-01 6.990019472922125443e-01 5.007305145263671875e-01 6.916876656977773985e-01
5.075147747993469238e-01 6.973465783136606477e-01 5.013567209243774414e-01 6.916591886363331332e-01
5.061281323432922363e-01 6.982292597015293811e-01 5.029221177101135254e-01 6.916197617500366990e-01
5.090803503990173340e-01 6.977224749472811238e-01 5.024003386497497559e-01 6.915913888816419552e-01
5.107800960540771484e-01 6.967705385184582711e-01 5.077227950096130371e-01 6.915601193469442798e-01
5.096618533134460449e-01 6.977011506044282774e-01 5.077227950096130371e-01 6.915329315423019985e-01
5.062175989151000977e-01 6.972642524934749009e-01 5.092882513999938965e-01 6.915010459560910761e-01
5.058597326278686523e-01 6.981460936787431404e-01 5.096013545989990234e-01 6.914688627323261061e-01
5.097065567970275879e-01 6.980133937646119113e-01 5.103318691253662109e-01 6.914436070338292328e-01
5.124798417091369629e-01 6.962293426025146781e-01 5.104362368583679199e-01 6.914159347781605458e-01
5.109590291976928711e-01 6.970084244736961532e-01 5.122103691101074219e-01 6.913913408268271832e-01
5.107353925704956055e-01 6.970042973986080304e-01 5.140889286994934082e-01 6.913583119784931785e-01
5.049651265144348145e-01 6.971908356320518640e-01 5.151325464248657227e-01 6.913262961229783565e-01
5.059939026832580566e-01 6.975321751157890215e-01 5.149238109588623047e-01 6.912966653987675514e-01
5.038915872573852539e-01 6.977597931071670700e-01 5.155500173568725586e-01 6.912694621175695664e-01
5.177133679389953613e-01 6.956844459729237817e-01 5.154456496238708496e-01 6.912396439827203087e-01
5.129719376564025879e-01 6.958847485814629863e-01 5.139845609664916992e-01 6.912062476532764288e-01
5.156557559967041016e-01 6.955981106232564937e-01 5.151325464248657227e-01 6.911631954709066550e-01
5.166398286819458008e-01 6.955317965686843573e-01 5.138801932334899902e-01 6.911294722800910284e-01
5.085435509681701660e-01 6.970395649411550432e-01 5.131496787071228027e-01 6.911058483007331832e-01
5.086330175399780273e-01 6.972336969599141066e-01 5.132540464401245117e-01 6.910468793019848288e-01
5.154321193695068359e-01 6.970218965204825201e-01 5.146107077598571777e-01 6.910077187393434128e-01
5.097065567970275879e-01 6.967276348839891442e-01 5.144020318984985352e-01 6.909653150047496695e-01
