4.975845515727996826e-01 4.492201754729038612e+02 5.012523531913757324e-01 3.420642953505224515e+00
4.992842972278594971e-01 3.186476057811593154e+00 4.990607500076293945e-01 1.774803638209432766e+00
5.021917819976806641e-01 3.498980646889332302e+00 5.009392499923706055e-01 1.228524535091952030e+00
4.961084127426147461e-01 6.099439493006724611e+00 5.009392499923706055e-01 8.180777091020533520e-01
4.988817274570465088e-01 2.896131704949505004e+00 4.990607500076293945e-01 2.372160347138533965e+00
5.009393692016601562e-01 3.433416575476018195e+00 5.009392499923706055e-01 7.171971239219551153e-01
5.091250538825988770e-01 2.515171795630203544e+00 5.009392499923706055e-01 1.100628782856367316e+01
5.016997456550598145e-01 3.809937693379948698e+00 5.009392499923706055e-01 7.090486829128078705e-01
4.966004788875579834e-01 3.325437604357206922e+00 5.009392499923706055e-01 6.966752983836534963e-01
4.940508008003234863e-01 3.661546676865757188e+00 4.990607500076293945e-01 1.738213584856508342e+00
4.983002245426177979e-01 2.031829258286050877e+00 5.009392499923706055e-01 6.987038808609443707e-01
4.981660544872283936e-01 4.165855532853670162e+00 5.009392499923706055e-01 6.942626692835210944e-01
5.037126541137695312e-01 3.569997753242107663e+00 4.990607500076293945e-01 7.112372036742606873e-01
5.011630058288574219e-01 2.963442974929669571e+00 5.009392499923706055e-01 7.580025589956268517e-01
4.982554912567138672e-01 3.447291233284056844e+00 5.009392499923706055e-01 7.063721863767146170e-01
5.014314055442810059e-01 3.882122703412496545e+00 4.990607500076293945e-01 7.454856523042231453e-01
4.934245944023132324e-01 4.007277266009588779e+00 4.990607500076293945e-01 6.940529367988926834e-01
5.005367398262023926e-01 3.702559875927920352e+00 4.990607500076293945e-01 6.936589536052784055e-01
5.030416846275329590e-01 2.978449545439421531e+00 5.009392499923706055e-01 6.933364895160948338e-01
5.035784840583801270e-01 3.154274383402186466e+00 5.009392499923706055e-01 6.949893963458866342e-01
4.991053938865661621e-01 4.475591076574293226e+00 5.009392499923706055e-01 7.048337680391268956e-01
4.965557456016540527e-01 3.447800212297611910e+00 5.009392499923706055e-01 6.951137623142982225e-01
5.051887631416320801e-01 3.045819460641806753e+00 5.009392499923706055e-01 7.753142291383339213e-01
5.014314055442810059e-01 3.320431966584533878e+00 4.990607500076293945e-01 6.945951031235209072e-01
4.973161518573760986e-01 3.551730917741028559e+00 5.009392499923706055e-01 7.099022750465339149e-01
4.996868968009948730e-01 2.841950655410105941e+00 4.990607500076293945e-01 7.046067355271794508e-01
5.026838183403015137e-01 3.317686631057146673e+00 4.990607500076293945e-01 6.425655547922127120e+00
4.997316300868988037e-01 2.079715115543255610e+00 4.990607500076293945e-01 6.813245758903819649e+01
4.999105334281921387e-01 4.512113556161851058e+00 5.009392499923706055e-01 6.934182175488193822e-01
5.023707151412963867e-01 3.539713629031356223e+00 4.990607500076293945e-01 1.378334005419930719e+01
4.987475275993347168e-01 1.683669025238052175e+00 5.009392499923706055e-01 8.683964815898171707e+00
5.041599273681640625e-01 4.535675547165187282e+00 5.009392499923706055e-01 9.916420173605208888e+00
5.026838183403015137e-01 2.395462133671563798e+00 4.990607500076293945e-01 1.060543807904970715e+00
5.013419389724731445e-01 3.869560057744930504e+00 5.009392499923706055e-01 7.059097210914550002e-01
5.101538896560668945e-01 3.368281627313505222e+00 5.009392499923706055e-01 6.931468006266205961e-01
5.008051395416259766e-01 3.539991258764378035e+00 5.009392499923706055e-01 7.116349588428800832e-01
5.055466294288635254e-01 4.231539928458802891e+00 5.009392499923706055e-01 6.947034502721136651e-01
5.022365450859069824e-01 3.657235157971818307e+00 4.990607500076293945e-01 6.937959034814638049e-01
5.009393692016601562e-01 2.148909558761864069e+00 5.009392499923706055e-01 7.465395031431178996e-01
4.962426126003265381e-01 4.721374841362616870e+00 5.009392499923706055e-01 6.932078179922961381e-01
5.000000000000000000e-01 3.455578249177814865e+00 5.009392499923706055e-01 6.957892833261642984e-01
4.984791576862335205e-01 4.022046398553423607e+00 4.990607500076293945e-01 7.436830821178621598e-01
4.993737637996673584e-01 3.216238859642978731e+00 4.990607500076293945e-01 1.861353993540242113e+00
5.021917819976806641e-01 2.104263870292495842e+00 5.009392499923706055e-01 3.170376312337073799e+01
5.068438053131103516e-01 3.784665665135526158e+00 5.009392499923706055e-01 7.547189021901780093e-01
5.029522180557250977e-01 3.871401234194809859e+00 4.990607500076293945e-01 7.518033395727201640e-01
4.970477819442749023e-01 3.733832687038197040e+00 4.990607500076293945e-01 6.951121126428523311e-01
4.995079636573791504e-01 2.792997158966501470e+00 4.990607500076293945e-01 8.968402769963195187e-01
4.936929643154144287e-01 3.675318903467867937e+00 5.009392499923706055e-01 8.968149788865862337e-01
4.945875704288482666e-01 2.641731960442011307e+00 4.990607500076293945e-01 6.136538040759891288e+00
5.055018663406372070e-01 2.452125935482837971e+00 5.009392499923706055e-01 6.955007670866724112e-01
5.027732849121093750e-01 2.875993898056086184e+00 5.009392499923706055e-01 1.722003422726969646e+01
5.032653212547302246e-01 3.788274247342602763e+00 4.990607500076293945e-01 1.856415946357709457e+00
5.001789331436157227e-01 3.352941097162089434e+00 5.009392499923706055e-01 6.994644415649783342e-01
4.960189759731292725e-01 4.138431130677306946e+00 4.990607500076293945e-01 1.314187316818890139e+01
5.022365450859069824e-01 2.163031413711275608e+00 5.009392499923706055e-01 7.128917685731470666e-01
4.997763335704803467e-01 4.038014036627100900e+00 5.009392499923706055e-01 6.987441064320634165e-01
4.964215457439422607e-01 3.290134406490773156e+00 4.990607500076293945e-01 6.931512247194853149e-01
5.048756599426269531e-01 3.534755910513630806e+00 4.990607500076293945e-01 7.066341207361350740e-01
4.962873458862304688e-01 3.139283921066348348e+00 4.990607500076293945e-01 6.971425010251789400e-01
4.970925152301788330e-01 3.591222278001931834e+00 4.990607500076293945e-01 6.946169205882359865e-01
4.963320791721343994e-01 3.467118367256813549e+00 4.990607500076293945e-01 6.944421446166638701e-01
5.010735392570495605e-01 3.898074459007930148e+00 4.990607500076293945e-01 7.207866167255793099e-01
5.042046904563903809e-01 3.199089353627180721e+00 4.990607500076293945e-01 7.212745208651655249e-01
5.021023154258728027e-01 3.308028477380219989e+00 4.990607500076293945e-01 6.983461647734365840e-01
5.033547878265380859e-01 3.420328007420096128e+00 5.009392499923706055e-01 3.387308458922626642e+01
4.991501271724700928e-01 3.033177647954941047e+00 4.990607500076293945e-01 2.171368798142657930e+00
5.040705204010009766e-01 2.890305568566581051e+00 4.990607500076293945e-01 6.944566250743161584e-01
4.970030486583709717e-01 2.988571469505222566e+00 5.009392499923706055e-01 1.936074603775850944e+00
4.994632303714752197e-01 3.423143417704273883e+00 5.009392499923706055e-01 7.102748806131730097e-01
4.988817274570465088e-01 3.390610396510096880e+00 4.990607500076293945e-01 8.700186788252016745e-01
4.954822063446044922e-01 3.511399926642736702e+00 5.009392499923706055e-01 6.953253451306345978e-01
5.022812485694885254e-01 3.022141562642469470e+00 4.990607500076293945e-01 7.132743163587553781e-01
4.994632303714752197e-01 4.219080297907257915e+00 5.009392499923706055e-01 1.487894876021677915e+00
4.983002245426177979e-01 3.696673409075830197e+00 4.990607500076293945e-01 2.477813660240054006e+00
4.979423880577087402e-01 2.274833613398421051e+00 5.009392499923706055e-01 7.636969614889844715e-01
4.990606606006622314e-01 3.218617729390748750e+00 5.009392499923706055e-01 6.948191680183641861e-01
5.005815029144287109e-01 3.641521571168406357e+00 4.990607500076293945e-01 6.971918031856327858e-01
5.014761090278625488e-01 2.955536285993515033e+00 4.990607500076293945e-01 7.013019698817205549e-01
5.000894665718078613e-01 3.439863507277126420e+00 5.009392499923706055e-01 7.029032127465566493e-01
4.993290305137634277e-01 2.748812392266028137e+00 4.990607500076293945e-01 7.019953590747185501e-01
5.018786787986755371e-01 2.704221508833137388e+00 5.009392499923706055e-01 7.237703033713800416e-01
5.009393692016601562e-01 3.507050156838609212e+00 4.990607500076293945e-01 7.042887629733108890e-01
4.980765879154205322e-01 4.169033720628117834e+00 4.990607500076293945e-01 6.931484885913448135e-01
5.038468241691589355e-01 3.090826314791175644e+00 5.009392499923706055e-01 5.762244429177268756e+00
5.017892122268676758e-01 2.922570290730152731e+00 5.009392499923706055e-01 1.068763593023989378e+00
5.011630058288574219e-01 2.953710765590350285e+00 4.990607500076293945e-01 7.159936226526497638e-01
4.958847761154174805e-01 4.728361641236634938e+00 4.990607500076293945e-01 6.933165796239498802e-01
4.964215457439422607e-01 2.329833713994510003e+00 4.990607500076293945e-01 7.150136240338313964e-01
4.970925152301788330e-01 3.743781770783644713e+00 5.009392499923706055e-01 8.534062707929267688e+00
4.988817274570465088e-01 3.331685852441363060e+00 4.990607500076293945e-01 7.146141767078838525e-01
5.038021206855773926e-01 3.265818971004100568e+00 5.009392499923706055e-01 6.957342399234091035e-01
4.959742426872253418e-01 3.817368347607692947e+00 4.990607500076293945e-01 6.950099277386857510e-01
5.020129084587097168e-01 2.542608642337104374e+00 5.009392499923706055e-01 7.052110143704096723e-01
4.985686242580413818e-01 3.714649135843758998e+00 5.009392499923706055e-01 7.129572441696846452e-01
5.053676962852478027e-01 4.169012422104345639e+00 5.009392499923706055e-01 4.919090979036073286e+00
4.962426126003265381e-01 2.507172735171660172e+00 5.009392499923706055e-01 7.070372345626192434e-01
5.027732849121093750e-01 3.456545301414939431e+00 5.009392499923706055e-01 7.066895064643767821e-01
4.984344244003295898e-01 3.286611801781537334e+00 5.009392499923706055e-01 6.953111661672343180e-01
4.962426126003265381e-01 3.665266711557459534e+00 4.990607500076293945e-01 7.030737622499316775e-01
