5.548846125602722168e-01 6.876312125814816323e-01 5.660613775253295898e-01 6.803319145532870094e-01
5.781893134117126465e-01 6.702368142545532814e-01 5.917345285415649414e-01 6.681354024967105509e-01
5.905796885490417480e-01 6.643625987644676822e-01 5.983093380928039551e-01 6.631559725719412546e-01
5.950080752372741699e-01 6.596370724066998870e-01 6.000834703445434570e-01 6.562773381412165818e-01
5.956342816352844238e-01 6.588814990489336720e-01 6.033187508583068848e-01 6.531766123822426717e-01
6.027017235755920410e-01 6.559338830498084860e-01 6.078063249588012695e-01 6.528693063974231325e-01
6.078010201454162598e-01 6.499080483805496078e-01 6.145898699760437012e-01 6.507689933566852547e-01
6.142422556877136230e-01 6.488428414027920255e-01 6.125026345252990723e-01 6.470929642754739142e-01
6.090087890625000000e-01 6.488484879004163819e-01 6.141723990440368652e-01 6.499329779994584833e-01
6.133476495742797852e-01 6.445473591763893895e-01 6.136506199836730957e-01 6.419800068585167496e-01
6.148684620857238770e-01 6.419358943267593487e-01 6.184512376785278320e-01 6.383121406029271805e-01
6.190731525421142578e-01 6.409650192659173129e-01 6.251304745674133301e-01 6.382740701919457083e-01
6.238593459129333496e-01 6.358341092307445708e-01 6.203297972679138184e-01 6.357936014140779246e-01
6.266326904296875000e-01 6.345134950490389780e-01 6.333750486373901367e-01 6.291867778485863427e-01
6.296296119689941406e-01 6.332846484087857331e-01 6.159465909004211426e-01 6.365747010128106620e-01
6.298085451126098633e-01 6.301168594319399574e-01 6.304529309272766113e-01 6.262688546831636227e-01
6.315082907676696777e-01 6.270678154704267815e-01 6.274264454841613770e-01 6.297685728270184802e-01
6.332080960273742676e-01 6.272759075283386165e-01 6.372364759445190430e-01 6.249869124323559344e-01
6.322240233421325684e-01 6.252332493772146949e-01 6.367146968841552734e-01 6.246520872281304815e-01
6.382179260253906250e-01 6.235220185181902242e-01 6.208515763282775879e-01 6.318873574603850463e-01
6.400071382522583008e-01 6.206638733247329398e-01 6.455854773521423340e-01 6.142813849488968359e-01
6.411254405975341797e-01 6.172488406127244476e-01 6.481945514678955078e-01 6.166836643139371743e-01
6.454643011093139648e-01 6.142378685874959610e-01 6.335837841033935547e-01 6.224064829577934388e-01
6.457327008247375488e-01 6.139733875281995212e-01 6.484032273292541504e-01 6.117867667300296297e-01
6.472088098526000977e-01 6.123991270230823014e-01 6.466290950775146484e-01 6.134193349894788705e-01
6.533368825912475586e-01 6.072998801184630313e-01 6.575871706008911133e-01 6.085788445989266382e-01
6.441671252250671387e-01 6.110728495469522903e-01 6.506991982460021973e-01 6.083314315408338002e-01
6.483718156814575195e-01 6.100424340104434462e-01 6.519515514373779297e-01 6.075603687496977656e-01
6.557076573371887207e-01 6.022190491614390906e-01 6.572740674018859863e-01 6.042129262283435498e-01
6.489533185958862305e-01 6.084006861702746516e-01 6.455854773521423340e-01 6.106240925523140906e-01
6.571390032768249512e-01 6.038331021177339997e-01 6.508035659790039062e-01 6.070032718036797448e-01
6.572284698486328125e-01 5.999253087424276654e-01 6.571696996688842773e-01 6.014308314984289083e-01
6.578099727630615234e-01 5.973654058777725373e-01 6.559173464775085449e-01 5.920970047522974289e-01
6.627303361892700195e-01 5.938943615111581531e-01 6.545606255531311035e-01 5.997291866560068296e-01
6.549919247627258301e-01 5.998461165012667351e-01 6.569609642028808594e-01 5.993818921128186705e-01
6.612989902496337891e-01 5.960236151330606802e-01 6.658317446708679199e-01 5.902190326997418524e-01
6.570048332214355469e-01 5.958691127058388659e-01 6.536213755607604980e-01 5.986820724233906654e-01
6.622382998466491699e-01 5.921677747295759353e-01 6.610311269760131836e-01 5.918831822146107813e-01
6.625514626502990723e-01 5.946039247649325121e-01 6.726153492927551270e-01 5.917523285959936930e-01
6.649668812751770020e-01 5.913989852336037911e-01 6.679190397262573242e-01 5.916884640043947874e-01
6.706029772758483887e-01 5.819232750608703819e-01 6.652055978775024414e-01 5.906210516470007388e-01
6.662193536758422852e-01 5.871385989344425349e-01 6.662492156028747559e-01 5.853999568360555017e-01
6.682322621345520020e-01 5.835724541466529303e-01 6.667710542678833008e-01 5.853011750075145514e-01
6.754338741302490234e-01 5.773694007165062203e-01 6.681277155876159668e-01 5.818858703649310016e-01
6.680085659027099609e-01 5.835113506940806660e-01 6.673972010612487793e-01 5.850406198032811478e-01
6.706029772758483887e-01 5.794871639087729731e-01 6.705280542373657227e-01 5.836453270971887486e-01
6.686795353889465332e-01 5.793917992819312968e-01 6.569609642028808594e-01 5.961223122496814852e-01
6.724816560745239258e-01 5.826972765025864032e-01 6.712586283683776855e-01 5.784766322086957180e-01
6.752997040748596191e-01 5.765275471559000442e-01 6.675015687942504883e-01 5.805721850391221128e-01
6.766863465309143066e-01 5.753705189082591875e-01 6.714673638343811035e-01 5.735007770323747867e-01
6.760601401329040527e-01 5.752280561287088645e-01 6.657273769378662109e-01 5.874560687841042794e-01
6.736893653869628906e-01 5.790433590922762219e-01 6.733458638191223145e-01 5.783243534386319773e-01
6.744498014450073242e-01 5.746572706071864101e-01 6.741807460784912109e-01 5.728379306602119359e-01
6.816514730453491211e-01 5.668708675234875871e-01 6.727196574211120605e-01 5.775578104735565876e-01
6.781624555587768555e-01 5.719555470273285369e-01 6.687539219856262207e-01 5.825788476377059544e-01
6.787887215614318848e-01 5.697353596571285150e-01 6.671884655952453613e-01 5.820160376157225146e-01
6.766416430473327637e-01 5.738827885956899744e-01 6.825297474861145020e-01 5.682158871623623764e-01
6.827250123023986816e-01 5.654291489252700753e-01 6.763723492622375488e-01 5.709215645699530217e-01
6.743156313896179199e-01 5.730379633878761592e-01 6.733458638191223145e-01 5.744276849319331912e-01
6.824119091033935547e-01 5.675644251651426053e-01 6.796075701713562012e-01 5.681699663307342441e-01
6.793254613876342773e-01 5.698916057308365257e-01 6.720935106277465820e-01 5.715145369806211573e-01
6.849167943000793457e-01 5.636721740022373472e-01 6.751199960708618164e-01 5.743421174817532338e-01
6.846483945846557617e-01 5.640105456033830400e-01 6.737633347511291504e-01 5.741421450182182529e-01
6.806674003601074219e-01 5.654420691731791848e-01 6.792945265769958496e-01 5.708967707296971339e-01
6.856324672698974609e-01 5.602423467220614128e-01 6.692757010459899902e-01 5.798134086301743872e-01
6.762390136718750000e-01 5.672105824740463209e-01 6.717804074287414551e-01 5.796747098409963384e-01
6.874217391014099121e-01 5.625548108167097716e-01 6.751199960708618164e-01 5.696287800090792386e-01
6.853193640708923340e-01 5.646793452096681154e-01 6.728240251541137695e-01 5.734300820669733234e-01
6.892109513282775879e-01 5.570814852787910887e-01 6.785639524459838867e-01 5.723155091610564460e-01
6.948917508125305176e-01 5.534804676465941986e-01 6.828428506851196289e-01 5.588601355238166368e-01
6.901503205299377441e-01 5.541080740232291468e-01 6.848257184028625488e-01 5.629030784195088177e-01
6.915369629859924316e-01 5.546080008413096785e-01 6.833646297454833984e-01 5.656621911485417709e-01
6.889425516128540039e-01 5.551916113008986686e-01 6.781465411186218262e-01 5.684937414981656723e-01
6.889425516128540039e-01 5.562820210506331797e-01 6.820079088211059570e-01 5.615970760341278956e-01
6.925210356712341309e-01 5.527053899619122079e-01 6.804425120353698730e-01 5.647069759568946745e-01
6.931025385856628418e-01 5.516720505984189504e-01 6.688582897186279297e-01 5.821290243221857175e-01
6.871086359024047852e-01 5.603333464737846326e-01 6.809642910957336426e-01 5.697795400239310526e-01
6.907318234443664551e-01 5.522360499674315859e-01 6.821122765541076660e-01 5.654909479122922633e-01
6.927894353866577148e-01 5.466850864735799398e-01 6.920267343521118164e-01 5.564019520654481799e-01
6.936840415000915527e-01 5.447295711129652718e-01 6.862868070602416992e-01 5.595138405141191207e-01
6.966362595558166504e-01 5.436570866949593794e-01 6.843038797378540039e-01 5.725713099275842044e-01
6.882268786430358887e-01 5.567502226806493315e-01 6.696931719779968262e-01 5.783467195621737611e-01
6.886294484138488770e-01 5.531405698615337041e-01 6.869129538536071777e-01 5.605365276038086764e-01
6.922973990440368652e-01 5.474686775977080089e-01 6.890001893043518066e-01 5.612578136491467307e-01
6.890767812728881836e-01 5.544793550881573774e-01 6.844082474708557129e-01 5.604302420468848522e-01
6.915369629859924316e-01 5.509975495929687606e-01 6.784595847129821777e-01 5.657922460574542622e-01
6.921184659004211426e-01 5.506125567295957479e-01 6.798163056373596191e-01 5.659917342316952427e-01
6.969046592712402344e-01 5.455287574420655261e-01 6.907743811607360840e-01 5.584097601779690612e-01
6.978439688682556152e-01 5.427731548679772811e-01 6.865998506546020508e-01 5.590165178951453928e-01
7.001699805259704590e-01 5.432731799500042369e-01 6.900438070297241211e-01 5.564998183512185337e-01
7.018250226974487305e-01 5.403859565842021873e-01 6.955750584602355957e-01 5.558206335260633679e-01
7.011987566947937012e-01 5.409751071403525735e-01 6.920267343521118164e-01 5.578013203557611321e-01
6.960547566413879395e-01 5.444060074534393667e-01 6.843038797378540039e-01 5.663625307084124705e-01
6.853641271591186523e-01 5.565031134691919013e-01 6.893132925033569336e-01 5.579912389551415774e-01
6.978439688682556152e-01 5.455464469253921145e-01 6.928616166114807129e-01 5.511976357567313078e-01
6.948917508125305176e-01 5.470790983974069821e-01 6.714673638343811035e-01 5.714356630163485162e-01
6.935945749282836914e-01 5.475487308161781641e-01 6.911917924880981445e-01 5.539938883626169819e-01
7.028985619544982910e-01 5.366548720082692236e-01 6.917136311531066895e-01 5.564075162479907855e-01
6.977992653846740723e-01 5.406080761990706973e-01 6.821122765541076660e-01 5.667839086122936632e-01
6.978439688682556152e-01 5.434027067086504292e-01 6.941139698028564453e-01 5.514410714644326639e-01
