5.217391252517700195e-01 7.277717624992094958e-01 5.847422480583190918e-01 6.735099954536428735e-01
5.498747825622558594e-01 6.957724092471234689e-01 5.865163803100585938e-01 6.677015449403098657e-01
5.640543699264526367e-01 6.836556194719719537e-01 5.870382189750671387e-01 6.652645548334004122e-01
5.760422348976135254e-01 6.768393838825795816e-01 6.018576622009277344e-01 6.640491455861805559e-01
5.764895081520080566e-01 6.747367484536702653e-01 5.988311171531677246e-01 6.626345345183221047e-01
5.827518105506896973e-01 6.712961579973101278e-01 5.983093380928039551e-01 6.620911094296876298e-01
5.895956158638000488e-01 6.671401868674469160e-01 5.962221026420593262e-01 6.620535066868761254e-01
5.896403789520263672e-01 6.672619425838802742e-01 6.009184122085571289e-01 6.592908923000414534e-01
5.899534821510314941e-01 6.660334747194668337e-01 5.876643657684326172e-01 6.655814766361329848e-01
5.930398702621459961e-01 6.640420095142897106e-01 6.033187508583068848e-01 6.587943458850735734e-01
5.982733964920043945e-01 6.626053184596130130e-01 6.044667363166809082e-01 6.592117993997348435e-01
5.983180999755859375e-01 6.601559231182739795e-01 5.965351462364196777e-01 6.621677697613054248e-01
5.970656871795654297e-01 6.603885790192178806e-01 6.059277653694152832e-01 6.572620633175466631e-01
6.027464866638183594e-01 6.587082966855524191e-01 6.061365008354187012e-01 6.554655373730955414e-01
6.034174561500549316e-01 6.581716505908266068e-01 6.116676926612854004e-01 6.547958255311786546e-01
6.035068631172180176e-01 6.570458459947974283e-01 6.108328104019165039e-01 6.537821465682147615e-01
6.013150811195373535e-01 6.566753850936206671e-01 6.094760894775390625e-01 6.567908825667311268e-01
6.082483530044555664e-01 6.552747851685902791e-01 6.090586781501770020e-01 6.533922011134172259e-01
6.072642803192138672e-01 6.543507982311361770e-01 6.042580008506774902e-01 6.553809977080373717e-01
6.090982556343078613e-01 6.551815449690260307e-01 6.122938990592956543e-01 6.530208943955611023e-01
6.060565114021301270e-01 6.533691921373198097e-01 6.114589571952819824e-01 6.502496950488527716e-01
6.121846437454223633e-01 6.528687528728649436e-01 6.083281040191650391e-01 6.532363156216349775e-01
6.142870187759399414e-01 6.519493965412385128e-01 6.123982667922973633e-01 6.495241759913720214e-01
6.115584373474121094e-01 6.507933498559345109e-01 6.156334877014160156e-01 6.484198404911091229e-01
6.150026917457580566e-01 6.513449312493506671e-01 6.159465909004211426e-01 6.520122162013332057e-01
6.168366670608520508e-01 6.510621093748123478e-01 6.134418845176696777e-01 6.499629407107170298e-01
6.147790551185607910e-01 6.489071406092108418e-01 6.161552667617797852e-01 6.469651263582758549e-01
6.161209344863891602e-01 6.474763482174521467e-01 6.138592958450317383e-01 6.478025515625407404e-01
6.189837455749511719e-01 6.478126026006136851e-01 6.162596344947814941e-01 6.459801344601800999e-01
6.198335886001586914e-01 6.462775898397790098e-01 6.201210618019104004e-01 6.459434397831214092e-01
6.211755275726318359e-01 6.467066942568349130e-01 6.197035908699035645e-01 6.438463911261744776e-01
6.201019883155822754e-01 6.451921871894799043e-01 6.200166940689086914e-01 6.450804464629437129e-01
6.218017339706420898e-01 6.446975329029344115e-01 6.210603117942810059e-01 6.463310335479183211e-01
6.239488124847412109e-01 6.428906178512818759e-01 6.213734149932861328e-01 6.414320657383149049e-01
6.236804723739624023e-01 6.432343315067178269e-01 6.208515763282775879e-01 6.411172753832480309e-01
6.183127760887145996e-01 6.446934678853570855e-01 6.174076199531555176e-01 6.423576203972082288e-01
6.226963400840759277e-01 6.428554303148262816e-01 6.227301359176635742e-01 6.405833069055469897e-01
6.280640363693237305e-01 6.414109959459876054e-01 6.256522536277770996e-01 6.392593762740738095e-01
6.230542063713073730e-01 6.397241048020270160e-01 6.229388713836669922e-01 6.442387506872745417e-01
6.249328851699829102e-01 6.395142023370141704e-01 6.243999004364013672e-01 6.390353272165741894e-01
6.278403997421264648e-01 6.375321557961629582e-01 6.101022958755493164e-01 6.520879615873464985e-01
6.259169578552246094e-01 6.400182995925886020e-01 6.257566213607788086e-01 6.363039056037069763e-01
6.296743750572204590e-01 6.368132817615099750e-01 6.197035908699035645e-01 6.401953793373219570e-01
6.259617209434509277e-01 6.378614448716120044e-01 6.269046068191528320e-01 6.371652598770195519e-01
6.297190785408020020e-01 6.360851577770563203e-01 6.294093132019042969e-01 6.361242593815221724e-01
6.300769448280334473e-01 6.368862669078453331e-01 6.320183873176574707e-01 6.337706899623039014e-01
6.326265931129455566e-01 6.355134547130006917e-01 6.299310922622680664e-01 6.322491949521731325e-01
6.329396963119506836e-01 6.352975890213697907e-01 6.288874745368957520e-01 6.366132715504295714e-01
6.352657079696655273e-01 6.340841352779635898e-01 6.295136809349060059e-01 6.331940872438813761e-01
6.315082907676696777e-01 6.342556403113682739e-01 6.360884904861450195e-01 6.329060483889499267e-01
6.344158053398132324e-01 6.332974837555358505e-01 6.255478858947753906e-01 6.342090619827107645e-01
6.302111148834228516e-01 6.346578203324321210e-01 6.313921809196472168e-01 6.327698591282461260e-01
6.327160596847534180e-01 6.313309853672874894e-01 6.330620050430297852e-01 6.300923883653687385e-01
6.338343024253845215e-01 6.316877559699234368e-01 6.327489018440246582e-01 6.335901405636639172e-01
6.350867748260498047e-01 6.314202384331034645e-01 6.351492404937744141e-01 6.308991956427161263e-01
6.375917196273803711e-01 6.303982685196269919e-01 6.340012550354003906e-01 6.293797576708625163e-01
6.353551745414733887e-01 6.318142653834011302e-01 6.352536082267761230e-01 6.292127365484737611e-01
6.353998780250549316e-01 6.289843703067073966e-01 6.377583146095275879e-01 6.272948170922489908e-01
6.367865204811096191e-01 6.296254025096009732e-01 6.340012550354003906e-01 6.320797288450162865e-01
6.369207501411437988e-01 6.305150259882718045e-01 6.342099905014038086e-01 6.296735506320492171e-01
6.398729681968688965e-01 6.274762486148806051e-01 6.408891677856445312e-01 6.265935396332005247e-01
6.377705931663513184e-01 6.276246027947325334e-01 6.352536082267761230e-01 6.242105196348886054e-01
6.407675743103027344e-01 6.254472014814013159e-01 6.434982419013977051e-01 6.242688896386814346e-01
6.401413679122924805e-01 6.265605873979680496e-01 6.399499177932739258e-01 6.228690272431561814e-01
6.402308344841003418e-01 6.267396309312202041e-01 6.335837841033935547e-01 6.289332020981927007e-01
6.389335989952087402e-01 6.263957785928712108e-01 6.380713582038879395e-01 6.243965866619947125e-01
6.422884464263916016e-01 6.237477695692372759e-01 6.425589919090270996e-01 6.240076666534183358e-01
6.410806775093078613e-01 6.246764786897394117e-01 6.425589919090270996e-01 6.215710400713930772e-01
6.429146528244018555e-01 6.231450756945450253e-01 6.380713582038879395e-01 6.228726798222573580e-01
6.454195976257324219e-01 6.232168494876541009e-01 6.414110064506530762e-01 6.212365820248125781e-01
6.398729681968688965e-01 6.237215471515119569e-01 6.412022709846496582e-01 6.218930898019252584e-01
6.443012952804565430e-01 6.221846736571639003e-01 6.461072564125061035e-01 6.218711206445711737e-01
6.460905075073242188e-01 6.216817600161002044e-01 6.401586532592773438e-01 6.202225699302325035e-01
6.449722647666931152e-01 6.215256111718691079e-01 6.373408436775207520e-01 6.215988713847498959e-01
6.442565917968750000e-01 6.218275293230605127e-01 6.416196823120117188e-01 6.224201208015892606e-01
6.440328955650329590e-01 6.217949177545263328e-01 6.403673291206359863e-01 6.196737328742147888e-01
6.461352705955505371e-01 6.207989553343867817e-01 6.443331241607666016e-01 6.196057745843559506e-01
6.471193432807922363e-01 6.206878863393695545e-01 6.424546241760253906e-01 6.193476754746688462e-01
6.431382894515991211e-01 6.204196727964783609e-01 6.451680064201354980e-01 6.169735591363320060e-01
6.477455496788024902e-01 6.186296728476788909e-01 6.437069773674011230e-01 6.159150457113476973e-01
6.467614769935607910e-01 6.179927540798053620e-01 6.484032273292541504e-01 6.159405456010296209e-01
6.448380947113037109e-01 6.185838286107544493e-01 6.417240500450134277e-01 6.172042454963585500e-01
6.490427851676940918e-01 6.184266363066452943e-01 6.477770805358886719e-01 6.162107924881570220e-01
6.515924334526062012e-01 6.160692013980110238e-01 6.490294337272644043e-01 6.164765245629312274e-01
6.514135003089904785e-01 6.164104486539850880e-01 6.469421982765197754e-01 6.136428330119281238e-01
6.480587124824523926e-01 6.149419151002594175e-01 6.542475223541259766e-01 6.125997898101408490e-01
6.477903127670288086e-01 6.185871914367723212e-01 6.465247273445129395e-01 6.177477647381868220e-01
6.502057909965515137e-01 6.157519551163006533e-01 6.466290950775146484e-01 6.135920280082517442e-01
6.515476703643798828e-01 6.141986528584474359e-01 6.525777578353881836e-01 6.132727517163024666e-01
6.501610279083251953e-01 6.157207044298393939e-01 6.498643159866333008e-01 6.164697635723688229e-01
6.512345671653747559e-01 6.160366735042026587e-01 6.519515514373779297e-01 6.135766751282002440e-01
6.516819000244140625e-01 6.146376781801479172e-01 6.440200209617614746e-01 6.165421736486718096e-01
6.518160700798034668e-01 6.141166419649319863e-01 6.534126400947570801e-01 6.135070633475204760e-01
6.554392576217651367e-01 6.127644107238959803e-01 6.556042432785034180e-01 6.089009052401817002e-01
6.533816456794738770e-01 6.134265668384929482e-01 6.471509337425231934e-01 6.119929115773740103e-01
6.551261544227600098e-01 6.121541923733512247e-01 6.436026096343994141e-01 6.170203831692971930e-01
6.498031616210937500e-01 6.134639655910252287e-01 6.588394641876220703e-01 6.120748148410362077e-01
6.545446515083312988e-01 6.124195883836744958e-01 6.504905223846435547e-01 6.115209088024926576e-01
6.547682881355285645e-01 6.107794646287694196e-01 6.547693610191345215e-01 6.104759673588561197e-01
6.530237793922424316e-01 6.106216031614751794e-01 6.581089496612548828e-01 6.092061641519339599e-01
