5.045625567436218262e-01 2.033879258517908539e+01 5.009392499923706055e-01 7.924511358748396184e-01
5.094829201698303223e-01 7.836670132864137495e-01 4.990607500076293945e-01 7.348092522956563011e-01
5.014761090278625488e-01 8.095206213479477775e-01 4.990607500076293945e-01 7.494915851942558493e-01
5.081857442855834961e-01 7.923188895056426650e-01 5.009392499923706055e-01 6.932775314902741570e-01
5.025496482849121094e-01 7.397456616083268877e-01 4.990607500076293945e-01 7.868103260562007151e-01
4.999105334281921387e-01 7.839257723637995667e-01 5.009392499923706055e-01 7.314028676107068305e-01
4.980765879154205322e-01 7.517457709241626151e-01 4.990607500076293945e-01 6.936279614542500971e-01
4.959295094013214111e-01 7.317762724464663693e-01 4.990607500076293945e-01 7.202647316060218907e-01
5.000000000000000000e-01 8.243580893319287783e-01 4.990607500076293945e-01 7.421620138575801828e-01
5.000894665718078613e-01 7.215448177805695584e-01 5.009392499923706055e-01 7.116198905373734007e-01
4.971819519996643066e-01 7.214802919719871532e-01 4.990607500076293945e-01 6.958411703326711217e-01
4.948559701442718506e-01 7.188333353238661738e-01 5.009392499923706055e-01 7.000673934055304803e-01
5.005815029144287109e-01 7.268720825577191791e-01 4.990607500076293945e-01 7.082591933911490667e-01
4.986133575439453125e-01 7.338075100959658981e-01 4.990607500076293945e-01 7.002865361585121073e-01
4.974950850009918213e-01 7.157437382987454910e-01 4.990607500076293945e-01 6.939291344309022058e-01
5.029522180557250977e-01 7.028595219146460682e-01 5.009392499923706055e-01 7.068080728672611057e-01
5.061728358268737793e-01 7.022891258335983711e-01 4.990607500076293945e-01 6.963543949881617623e-01
4.947217702865600586e-01 7.010707041939547857e-01 4.990607500076293945e-01 7.050132669727728896e-01
5.017892122268676758e-01 7.023554559597753322e-01 4.990607500076293945e-01 7.006048152825449238e-01
4.985238909721374512e-01 7.017395514071702589e-01 4.990607500076293945e-01 6.987964704250199111e-01
4.966899156570434570e-01 7.029905915580253462e-01 4.990607500076293945e-01 6.953763869355651384e-01
5.015208721160888672e-01 6.986171295954686222e-01 4.990607500076293945e-01 6.951609326538574773e-01
5.050545930862426758e-01 6.997934576969792042e-01 4.990607500076293945e-01 6.981134202305645520e-01
4.957058429718017578e-01 7.012779153210252359e-01 4.990607500076293945e-01 6.936433521672644709e-01
5.029522180557250977e-01 6.992427448314340044e-01 5.009392499923706055e-01 6.971084484225945621e-01
4.937376976013183594e-01 7.003709222874118234e-01 5.009392499923706055e-01 6.966405825036673383e-01
4.975845515727996826e-01 6.971119462558591495e-01 5.009392499923706055e-01 6.945319586147522539e-01
5.003131031990051270e-01 6.988466556073514857e-01 5.009392499923706055e-01 6.933886860785964945e-01
4.970030486583709717e-01 6.996937208257563157e-01 5.009392499923706055e-01 6.937634126549347968e-01
4.989264607429504395e-01 6.964310930845540870e-01 4.990607500076293945e-01 6.931816737105915838e-01
4.956611096858978271e-01 6.972212661227678021e-01 4.990607500076293945e-01 6.932196905507943541e-01
4.924405217170715332e-01 6.982018034388627337e-01 5.009392499923706055e-01 6.935899869630790526e-01
4.983896911144256592e-01 6.988500237123635994e-01 4.990607500076293945e-01 6.932226733956350362e-01
4.963768124580383301e-01 6.990060144853753599e-01 4.990607500076293945e-01 6.938559264411161553e-01
5.046520233154296875e-01 6.992933757511186066e-01 4.990607500076293945e-01 6.949663826951998358e-01
4.957953095436096191e-01 7.001374904062991344e-01 4.990607500076293945e-01 6.932416207928220331e-01
4.974056184291839600e-01 6.982053480222540909e-01 4.990607500076293945e-01 6.934709529417886209e-01
5.001789331436157227e-01 6.988476497539575227e-01 5.009392499923706055e-01 6.934127862357416516e-01
4.952585399150848389e-01 6.978709620298139127e-01 4.990607500076293945e-01 6.931751873293641175e-01
5.058149695396423340e-01 6.995531053956025591e-01 4.990607500076293945e-01 6.980662284054653943e-01
5.058149695396423340e-01 6.985152389052345923e-01 4.990607500076293945e-01 6.938581782426398448e-01
5.043836236000061035e-01 7.009666642598376685e-01 4.990607500076293945e-01 6.959172256105853327e-01
4.994184970855712891e-01 6.971025752731162539e-01 4.990607500076293945e-01 6.935357472837356818e-01
4.981213212013244629e-01 6.983221045204172084e-01 4.990607500076293945e-01 6.956312543687479533e-01
5.059491991996765137e-01 6.996727914583237284e-01 5.009392499923706055e-01 6.931545345501072264e-01
4.980765879154205322e-01 6.988976384279957932e-01 5.009392499923706055e-01 6.939674783315321616e-01
4.970030486583709717e-01 6.988797576104535114e-01 4.990607500076293945e-01 6.995743719378435532e-01
4.979423880577087402e-01 6.978647366984626066e-01 4.990607500076293945e-01 6.943194744881049374e-01
5.017892122268676758e-01 6.975095395880620552e-01 4.990607500076293945e-01 6.936392562793953775e-01
4.962873458862304688e-01 6.980875038166425295e-01 5.009392499923706055e-01 7.038167513777880968e-01
4.956163763999938965e-01 7.012215906593832759e-01 4.990607500076293945e-01 7.022353955261694258e-01
4.978529214859008789e-01 6.969801103691227739e-01 5.009392499923706055e-01 6.942106299623271859e-01
5.019234418869018555e-01 6.976894386596598219e-01 4.990607500076293945e-01 6.942569570659820055e-01
5.043388605117797852e-01 6.978109436611900085e-01 4.990607500076293945e-01 6.933321376803324165e-01
4.989264607429504395e-01 6.976404666985951408e-01 5.009392499923706055e-01 6.932055492710653688e-01
4.995079636573791504e-01 7.011995985184187319e-01 5.009392499923706055e-01 6.935820023044617644e-01
5.027285814285278320e-01 6.997300766409776385e-01 5.009392499923706055e-01 6.995392292582448546e-01
4.985238909721374512e-01 6.996382082654017953e-01 4.990607500076293945e-01 6.931747882979768516e-01
4.965110123157501221e-01 6.987120773737237611e-01 4.990607500076293945e-01 6.931707495514422002e-01
5.027732849121093750e-01 6.978801896158751683e-01 5.009392499923706055e-01 6.967794631299333297e-01
5.018786787986755371e-01 6.982067625154469992e-01 5.009392499923706055e-01 6.993168986333831993e-01
4.943639338016510010e-01 6.985796903279881676e-01 5.009392499923706055e-01 6.932112707820025088e-01
5.048308968544006348e-01 6.992124944130793107e-01 5.009392499923706055e-01 6.980738785266378255e-01
4.930219948291778564e-01 7.006993890661825652e-01 5.009392499923706055e-01 6.931452637698102270e-01
4.992842972278594971e-01 6.999166614255531993e-01 5.009392499923706055e-01 7.082070198817482787e-01
4.966899156570434570e-01 7.002452055762504735e-01 4.990607500076293945e-01 7.000618209124258584e-01
5.022812485694885254e-01 7.010563556101565563e-01 5.009392499923706055e-01 6.948307467338014076e-01
5.035337209701538086e-01 6.999072213679695675e-01 4.990607500076293945e-01 6.948811697999710546e-01
5.049203634262084961e-01 6.994020234580798911e-01 4.990607500076293945e-01 6.936435101177069740e-01
4.951690733432769775e-01 7.013075875881895627e-01 4.990607500076293945e-01 6.942290277676153032e-01
5.047414302825927734e-01 7.005508773696723646e-01 4.990607500076293945e-01 7.019995972747420376e-01
5.015655755996704102e-01 7.008168437460023936e-01 5.009392499923706055e-01 6.966264607064834857e-01
4.997763335704803467e-01 7.010801410948063195e-01 4.990607500076293945e-01 6.963835168646212992e-01
5.025944113731384277e-01 6.985697526158789472e-01 5.009392499923706055e-01 6.932692974899139493e-01
5.022365450859069824e-01 7.013743964711590673e-01 4.990607500076293945e-01 7.033773376508237751e-01
5.039810538291931152e-01 6.999116355243661936e-01 4.990607500076293945e-01 6.940699499500889713e-01
5.029075145721435547e-01 7.047191980614988527e-01 5.009392499923706055e-01 7.486996460971143685e-01
4.976739883422851562e-01 7.059870173731053189e-01 4.990607500076293945e-01 6.953131687638655078e-01
5.056807994842529297e-01 7.005987305038835489e-01 4.990607500076293945e-01 7.076997351507084977e-01
5.022812485694885254e-01 7.084547155955798203e-01 4.990607500076293945e-01 7.158210989553578374e-01
4.975398182868957520e-01 9.570415799467182350e-01 4.990607500076293945e-01 7.683725902965038435e-01
5.010288357734680176e-01 7.058163200044998975e-01 5.009392499923706055e-01 6.953111743658276778e-01
4.984344244003295898e-01 6.994602434493109033e-01 4.990607500076293945e-01 6.937819183980017401e-01
5.034890174865722656e-01 6.977880324953078528e-01 4.990607500076293945e-01 6.931860360838481006e-01
4.973608851432800293e-01 6.974267090426977678e-01 4.990607500076293945e-01 7.096551050723806098e-01
4.986133575439453125e-01 7.010106781254643593e-01 5.009392499923706055e-01 7.283990347940273447e-01
4.974056184291839600e-01 7.029848925157445860e-01 4.990607500076293945e-01 6.931491224707554411e-01
4.946323037147521973e-01 6.983680385109093391e-01 4.990607500076293945e-01 6.961381620266969827e-01
4.922168552875518799e-01 6.993329214972958674e-01 5.009392499923706055e-01 6.931576549546550892e-01
4.963768124580383301e-01 7.006710566610956370e-01 4.990607500076293945e-01 6.931478079961251870e-01
4.990606606006622314e-01 7.043941937057719427e-01 4.990607500076293945e-01 7.021615521889393863e-01
5.000894665718078613e-01 6.984675535363957799e-01 5.009392499923706055e-01 6.937576293373027836e-01
5.008946061134338379e-01 6.983124706650872815e-01 4.990607500076293945e-01 6.933331206531122559e-01
4.980318546295166016e-01 7.123181703351311178e-01 5.009392499923706055e-01 7.000488476274506766e-01
4.953927397727966309e-01 7.008715176714578332e-01 4.990607500076293945e-01 6.944172139133946153e-01
4.945875704288482666e-01 7.086871408524635374e-01 5.009392499923706055e-01 6.988907184563009078e-01
4.984791576862335205e-01 7.088106852841304928e-01 4.990607500076293945e-01 7.106160077862588853e-01
5.087672472000122070e-01 8.669760436358190603e+00 4.990607500076293945e-01 4.200800559386856925e+00
4.991501271724700928e-01 1.197153699933405369e+00 4.990607500076293945e-01 6.970737735355754250e-01
4.968241155147552490e-01 7.085291848645096646e-01 4.990607500076293945e-01 7.034380636243077189e-01
