4.999552667140960693e-01 8.792799929745787058e-01 5.014610886573791504e-01 7.041511968963207746e-01
4.959295094013214111e-01 7.019915099454535623e-01 5.015654563903808594e-01 7.094522711629037692e-01
5.059491991996765137e-01 6.984155960747627789e-01 4.991650879383087158e-01 6.937402884165445593e-01
5.046072602272033691e-01 6.964030165667183248e-01 5.540596842765808105e-01 6.872253253623653579e-01
5.216496586799621582e-01 6.966899786765043956e-01 5.583385229110717773e-01 6.834029468731650514e-01
5.489801168441772461e-01 6.865347684293553465e-01 5.260905623435974121e-01 6.870039191631205355e-01
5.598496794700622559e-01 6.808368719569001248e-01 5.522855520248413086e-01 6.821974419870696638e-01
5.632045269012451172e-01 6.779550879495176430e-01 5.775412321090698242e-01 6.773125407367825979e-01
5.630702972412109375e-01 6.769493210718827703e-01 5.649133920669555664e-01 6.756929142866769933e-01
5.650384426116943359e-01 6.752633344809300109e-01 5.652264952659606934e-01 6.797953566263772451e-01
5.705850720405578613e-01 6.742438900276637170e-01 5.820288062095642090e-01 6.713887727278007311e-01
5.738951563835144043e-01 6.733838735912498485e-01 5.556251406669616699e-01 6.773186077083284129e-01
5.706745386123657227e-01 6.736019253197542689e-01 5.626174211502075195e-01 6.799817683054295570e-01
5.648148059844970703e-01 6.778867378348335526e-01 5.647046566009521484e-01 6.719138165949480879e-01
5.766237378120422363e-01 6.716274042039080960e-01 5.903778076171875000e-01 6.651513267722912737e-01
5.749239325523376465e-01 6.708717268659509791e-01 5.822375416755676270e-01 6.653824941620799516e-01
5.801126956939697266e-01 6.719649350478922312e-01 5.818200707435607910e-01 6.709471479932243021e-01
5.753712654113769531e-01 6.721334719534187707e-01 5.732623934745788574e-01 6.668770687984688639e-01
5.790839195251464844e-01 6.697439507735097886e-01 5.791066288948059082e-01 6.679255390709661899e-01
5.721954107284545898e-01 6.739878811676699444e-01 5.768106579780578613e-01 6.659042176735523455e-01
5.736715197563171387e-01 6.723912798520127465e-01 5.767063498497009277e-01 6.723697727444624128e-01
5.732241868972778320e-01 6.742972160499068890e-01 5.637654066085815430e-01 6.806281611083868643e-01
5.659778118133544922e-01 6.757906178046817480e-01 5.352744460105895996e-01 6.799811753941039649e-01
5.598049759864807129e-01 6.790906933344078578e-01 5.628261566162109375e-01 6.752426374732415360e-01
5.407496690750122070e-01 6.848943349627865107e-01 5.162805318832397461e-01 6.891829971853116188e-01
5.220522284507751465e-01 6.913924460804383720e-01 5.148194432258605957e-01 6.962456946033596106e-01
5.001341700553894043e-01 6.948643611398445108e-01 4.979127645492553711e-01 6.931606276227895158e-01
4.988369941711425781e-01 6.938266093049669792e-01 5.352744460105895996e-01 6.920442649975272476e-01
4.971819519996643066e-01 6.948490210436051306e-01 5.009392499923706055e-01 6.932143330126161462e-01
4.983002245426177979e-01 6.942121394526491462e-01 4.990607500076293945e-01 6.931893671636316645e-01
4.998210668563842773e-01 6.939379139884167547e-01 5.013567209243774414e-01 6.931641515125886999e-01
5.000894665718078613e-01 6.935491055746073608e-01 4.990607500076293945e-01 6.931431563580815469e-01
5.021023154258728027e-01 6.938636640483694107e-01 5.009392499923706055e-01 6.949434508438325775e-01
4.988817274570465088e-01 6.938746871643660663e-01 5.013567209243774414e-01 6.931520144716978304e-01
4.985238909721374512e-01 6.943032009846026309e-01 5.009392499923706055e-01 6.931794149172477715e-01
5.002236366271972656e-01 6.936113636658771675e-01 4.990607500076293945e-01 6.931582470324362255e-01
5.002236366271972656e-01 6.937426637293593323e-01 4.990607500076293945e-01 6.933204467349847189e-01
5.024601817131042480e-01 6.940456503170038260e-01 4.990607500076293945e-01 6.932312050708722140e-01
4.932456612586975098e-01 6.940973782330340791e-01 4.990607500076293945e-01 6.932042741223134463e-01
4.948559701442718506e-01 6.942451467217988226e-01 5.009392499923706055e-01 6.948812052691513141e-01
4.973161518573760986e-01 6.943195257465876180e-01 4.990607500076293945e-01 6.931849103385983035e-01
4.993737637996673584e-01 6.944819073874145543e-01 5.009392499923706055e-01 6.935412120256760904e-01
5.024154782295227051e-01 6.942329583664574866e-01 4.990607500076293945e-01 6.931575483107362823e-01
4.969583153724670410e-01 6.943390435216081347e-01 5.009392499923706055e-01 6.933748453973703763e-01
4.934245944023132324e-01 6.941799440714941927e-01 4.986432790756225586e-01 6.931767160124630012e-01
5.008946061134338379e-01 6.938060768752474239e-01 5.013567209243774414e-01 6.931763548140384978e-01
4.984344244003295898e-01 6.941828126663341925e-01 5.009392499923706055e-01 6.931190580173166582e-01
4.991053938865661621e-01 6.941027801159265209e-01 4.990607500076293945e-01 6.938619188415409145e-01
5.060386657714843750e-01 6.941801837804940645e-01 4.990607500076293945e-01 6.935896611094251041e-01
5.060833692550659180e-01 6.940636704999958440e-01 5.009392499923706055e-01 6.938396423178011529e-01
4.924405217170715332e-01 6.943923387123915880e-01 4.990607500076293945e-01 6.938411323219518811e-01
5.004025697708129883e-01 6.943585402766330184e-01 4.990607500076293945e-01 6.939873543593809702e-01
5.030416846275329590e-01 6.942260426173036958e-01 4.990607500076293945e-01 6.934294286214143233e-01
5.025496482849121094e-01 6.937551033648294840e-01 5.009392499923706055e-01 6.931623578370177396e-01
4.963320791721343994e-01 6.942537617738866462e-01 4.990607500076293945e-01 6.931537299185052126e-01
4.974950850009918213e-01 6.942782426460588630e-01 5.009392499923706055e-01 6.944451677328956629e-01
4.986133575439453125e-01 6.939568743869558576e-01 4.990607500076293945e-01 6.932230677118980111e-01
5.031311511993408203e-01 6.938401980975122951e-01 5.009392499923706055e-01 6.935743335716113567e-01
4.973608851432800293e-01 6.940261442944111181e-01 4.990607500076293945e-01 6.935971146509707363e-01
4.978081881999969482e-01 6.940081655648552283e-01 4.990607500076293945e-01 6.938522725930370560e-01
4.978529214859008789e-01 6.941603613488468438e-01 4.990607500076293945e-01 6.937155394383945906e-01
4.996421635150909424e-01 6.939035565764816171e-01 5.009392499923706055e-01 6.939643510471328325e-01
4.981660544872283936e-01 6.939795993589762402e-01 4.990607500076293945e-01 6.939252246349297826e-01
5.000447034835815430e-01 6.939749356394570023e-01 5.009392499923706055e-01 6.935628237417759134e-01
5.037573575973510742e-01 6.937416476242699304e-01 4.990607500076293945e-01 6.934053421742083501e-01
4.979423880577087402e-01 6.940376110805511756e-01 4.990607500076293945e-01 6.931575375990687293e-01
4.981660544872283936e-01 6.940607873799229388e-01 4.990607500076293945e-01 6.935512017193529166e-01
5.008946061134338379e-01 6.948560511496395531e-01 4.990607500076293945e-01 6.933997935428670711e-01
4.987475275993347168e-01 6.941178376206688094e-01 5.013567209243774414e-01 6.930947914623164507e-01
4.979423880577087402e-01 6.944779420841740158e-01 5.013567209243774414e-01 6.931079322026284517e-01
5.053676962852478027e-01 6.948522755275964302e-01 4.986432790756225586e-01 6.932234470616848165e-01
4.980765879154205322e-01 6.942711260285056030e-01 5.009392499923706055e-01 6.931457472628826944e-01
4.988817274570465088e-01 6.941844975613463697e-01 5.009392499923706055e-01 6.931641022215007109e-01
5.022365450859069824e-01 6.940874385373028144e-01 4.990607500076293945e-01 6.931868044002845730e-01
5.007604360580444336e-01 6.945794485915984806e-01 4.990607500076293945e-01 6.931505034672047483e-01
5.024154782295227051e-01 6.943309311044303378e-01 4.990607500076293945e-01 6.943045093306069449e-01
4.927983582019805908e-01 6.943190905121704448e-01 4.990607500076293945e-01 6.932096163083456553e-01
4.972266852855682373e-01 6.943255003417064808e-01 5.009392499923706055e-01 6.934166335283253879e-01
5.031311511993408203e-01 6.937192573938115725e-01 5.009392499923706055e-01 6.940731722461085385e-01
5.042493939399719238e-01 6.946028944289541762e-01 5.009392499923706055e-01 6.939624592621423949e-01
5.002683997154235840e-01 6.940380590912010872e-01 4.839282035827636719e-01 6.931480401444599648e-01
5.040257573127746582e-01 6.941033392414079906e-01 4.990607500076293945e-01 6.932089868952401313e-01
4.964662790298461914e-01 6.944038077914281848e-01 5.009392499923706055e-01 6.946894821083587912e-01
4.997763335704803467e-01 6.944513643421412752e-01 5.009392499923706055e-01 6.934162970376497315e-01
4.982107579708099365e-01 6.943854666135886866e-01 5.009392499923706055e-01 6.934200159146327591e-01
4.983896911144256592e-01 6.940605212759515252e-01 5.009392499923706055e-01 6.931471733080522002e-01
4.990159273147583008e-01 6.942880608822625810e-01 4.990607500076293945e-01 6.937693002029391431e-01
5.026391148567199707e-01 6.943317879331967202e-01 5.009392499923706055e-01 6.931551346149854576e-01
5.035337209701538086e-01 6.944943514380435001e-01 5.009392499923706055e-01 6.940649601418398262e-01
4.964215457439422607e-01 6.951246340088392817e-01 5.009392499923706055e-01 6.935417238716988786e-01
4.976739883422851562e-01 6.944617808323721997e-01 4.990607500076293945e-01 6.933599941244306120e-01
5.059044361114501953e-01 6.941821118718418671e-01 5.009392499923706055e-01 6.944909455929985098e-01
5.056360960006713867e-01 6.938622899634784291e-01 5.009392499923706055e-01 6.932014395737294832e-01
5.013866424560546875e-01 6.951111377853254059e-01 4.985389411449432373e-01 6.933613138989102032e-01
4.991501271724700928e-01 6.953378737260753617e-01 5.009392499923706055e-01 6.935271855511363492e-01
4.974950850009918213e-01 6.942126214621553437e-01 4.990607500076293945e-01 6.933791717416034617e-01
4.957953095436096191e-01 6.941047641326200113e-01 5.009392499923706055e-01 6.931777491845210193e-01
5.003578662872314453e-01 6.939312264731156699e-01 4.990607500076293945e-01 6.935103347296008858e-01
5.010288357734680176e-01 6.940342280450501056e-01 5.009392499923706055e-01 6.939256295260096685e-01
4.990159273147583008e-01 6.945941432854595421e-01 4.990607500076293945e-01 6.983230350485825078e-01
