5.543925762176513672e-01 6.927076089913269952e-01 5.832811594009399414e-01 6.713321444088022893e-01
5.776078104972839355e-01 6.730960245784268769e-01 5.801503062248229980e-01 6.679822737228594542e-01
5.865092277526855469e-01 6.667233993679065884e-01 5.971613526344299316e-01 6.620260109435638363e-01
5.899981856346130371e-01 6.630039591976090163e-01 5.916301608085632324e-01 6.660271958776317058e-01
6.011361479759216309e-01 6.582313046341911056e-01 6.065539717674255371e-01 6.560972188888076762e-01
6.007783412933349609e-01 6.549810667992661539e-01 6.154247522354125977e-01 6.499045080542440456e-01
6.037305593490600586e-01 6.537687701154296649e-01 6.139636635780334473e-01 6.475400228735251895e-01
6.178207397460937500e-01 6.474861692797840851e-01 6.138592958450317383e-01 6.477978122654849402e-01
6.151816248893737793e-01 6.460031340087669660e-01 6.207472085952758789e-01 6.419266716992524380e-01
6.136607527732849121e-01 6.451897635018810639e-01 6.149029135704040527e-01 6.442828417894262971e-01
6.180443763732910156e-01 6.413334370363289461e-01 6.253391504287719727e-01 6.409628262875149973e-01
6.191626191139221191e-01 6.422118070642174326e-01 6.117720603942871094e-01 6.463590123737512627e-01
6.207281947135925293e-01 6.384568210897174634e-01 6.286787986755371094e-01 6.366386199216458319e-01
6.220254302024841309e-01 6.370079982022647247e-01 6.269046068191528320e-01 6.300592506088610323e-01
6.234120726585388184e-01 6.350152841789987734e-01 6.151116490364074707e-01 6.394996335152618450e-01
6.259169578552246094e-01 6.345187131056185814e-01 6.287831068038940430e-01 6.309685806371154726e-01
6.248881816864013672e-01 6.303512033632987510e-01 6.245042681694030762e-01 6.353087951733408234e-01
6.282877326011657715e-01 6.315849630089134248e-01 6.347317695617675781e-01 6.237007044745596085e-01
6.337895989418029785e-01 6.261597246726140487e-01 6.319140195846557617e-01 6.284838888745197805e-01
6.326265931129455566e-01 6.270850712017203010e-01 6.321227550506591797e-01 6.299472621900008562e-01
6.320897936820983887e-01 6.266334358343478295e-01 6.178250908851623535e-01 6.401282833180380605e-01
6.350420713424682617e-01 6.218996863924853846e-01 6.313921809196472168e-01 6.260913978213185072e-01
6.390230655670166016e-01 6.196169657727690350e-01 6.418284177780151367e-01 6.133621824083783647e-01
6.426462531089782715e-01 6.143627334822693298e-01 6.406804323196411133e-01 6.190057954865839651e-01
6.422436833381652832e-01 6.155456917340095258e-01 6.442287564277648926e-01 6.176443471587095280e-01
6.426462531089782715e-01 6.131791229174674562e-01 6.403673291206359863e-01 6.190647934105669714e-01
6.418411135673522949e-01 6.155945888933245236e-01 6.455854773521423340e-01 6.115475127403882105e-01
6.448380947113037109e-01 6.129023135828191027e-01 6.430807709693908691e-01 6.204559808358646178e-01
6.469851732254028320e-01 6.092201893328340612e-01 6.288874745368957520e-01 6.239001338154954723e-01
6.462694406509399414e-01 6.085738497997017493e-01 6.498643159866333008e-01 6.069166164287718157e-01
6.513687372207641602e-01 6.061541162635201152e-01 6.473596096038818359e-01 6.072704317897676951e-01
6.511898636817932129e-01 6.068017849087778970e-01 6.412022709846496582e-01 6.203202707885426825e-01
6.549024581909179688e-01 6.038202128079308562e-01 6.473596096038818359e-01 6.043828321234763212e-01
6.549024581909179688e-01 6.022438346689087396e-01 6.549780964851379395e-01 6.028441043418624190e-01
6.506530642509460449e-01 6.040069722259038265e-01 6.464203596115112305e-01 6.072827177365223150e-01
6.546788215637207031e-01 6.006039594426567652e-01 6.544562578201293945e-01 5.969779558854569901e-01
6.607174873352050781e-01 5.965861363196803824e-01 6.548737287521362305e-01 5.989296025136049417e-01
6.571837663650512695e-01 5.975369541776012206e-01 6.521602869033813477e-01 6.003280341488362870e-01
6.595991849899291992e-01 5.941619559826546437e-01 6.451680064201354980e-01 6.068524869193465676e-01
6.583020091056823730e-01 5.974627373085867887e-01 6.493425369262695312e-01 6.009193916605449770e-01
6.592413783073425293e-01 5.939094970916929395e-01 6.400542855262756348e-01 6.108126025363115330e-01
6.629987359046936035e-01 5.926952241016940626e-01 6.525777578353881836e-01 6.023183143031892728e-01
6.647879481315612793e-01 5.892610455224799315e-01 6.569609642028808594e-01 5.932074420090335254e-01
6.622382998466491699e-01 5.872910519600937906e-01 6.481945514678955078e-01 5.964041150479644227e-01
6.621935963630676270e-01 5.919771557802120387e-01 6.577958464622497559e-01 5.945200227392264392e-01
6.623277664184570312e-01 5.893050742439430723e-01 6.594656705856323242e-01 5.900461865576193121e-01
6.623277664184570312e-01 5.857215263715986886e-01 6.632227301597595215e-01 5.900733290149582366e-01
6.640275716781616211e-01 5.867494954941715468e-01 6.591525673866271973e-01 5.907181581757158240e-01
6.686348319053649902e-01 5.809815256619926815e-01 6.623877882957458496e-01 5.885948390483956016e-01
6.635802388191223145e-01 5.828176320164377699e-01 6.653099656105041504e-01 5.892997394894986529e-01
6.686348319053649902e-01 5.789864822904887687e-01 6.649968624114990234e-01 5.885540796231935046e-01
6.704240441322326660e-01 5.770180969763833989e-01 6.714673638343811035e-01 5.811345946114487848e-01
6.707371473312377930e-01 5.761907603834967029e-01 6.648924946784973145e-01 5.860324355934388718e-01
6.740919947624206543e-01 5.741754583861111705e-01 6.593613028526306152e-01 5.981717390223849629e-01
6.684558987617492676e-01 5.814100784827993529e-01 6.596744060516357422e-01 5.929056992985664021e-01
6.674270629882812500e-01 5.786011530005413794e-01 6.701106429100036621e-01 5.860916930607529274e-01
6.751207709312438965e-01 5.753473132704767234e-01 6.628052592277526855e-01 5.868641452459869567e-01
6.746734380722045898e-01 5.741841600030409554e-01 6.710498929023742676e-01 5.857122902257088093e-01
6.746734380722045898e-01 5.731775735588742204e-01 6.625965237617492676e-01 5.850190917153219594e-01
6.757917404174804688e-01 5.730458696150015907e-01 6.703193783760070801e-01 5.839001644978913941e-01
6.778045892715454102e-01 5.669334543094713963e-01 6.769985556602478027e-01 5.732985404010009223e-01
6.757022738456726074e-01 5.707192884764447083e-01 6.717804074287414551e-01 5.808840813156060934e-01
6.785203218460083008e-01 5.688294786783253398e-01 6.827384829521179199e-01 5.712587738106779112e-01
6.779835224151611328e-01 5.692661018229955294e-01 6.759549379348754883e-01 5.717757992046756943e-01
6.793701648712158203e-01 5.680813104164880167e-01 6.734502315521240234e-01 5.761373828706998212e-01
6.825013160705566406e-01 5.641550458667742296e-01 6.700062751770019531e-01 5.805095883929587419e-01
6.769099831581115723e-01 5.705895478278798505e-01 6.664579510688781738e-01 5.824935373297516206e-01
6.757469773292541504e-01 5.716342213841067998e-01 6.755374670028686523e-01 5.741312262957689594e-01
6.799964308738708496e-01 5.641770359654613154e-01 6.776247024536132812e-01 5.729294965073600254e-01
6.826355457305908203e-01 5.633490172731874246e-01 6.720935106277465820e-01 5.755021585424865416e-01
6.856324672698974609e-01 5.597607196817075970e-01 6.759549379348754883e-01 5.715125180365671076e-01
6.800411343574523926e-01 5.640318613825341387e-01 6.853474974632263184e-01 5.686163916341000490e-01
6.819645762443542480e-01 5.624445109125070230e-01 6.714673638343811035e-01 5.731995670314223856e-01
6.799964308738708496e-01 5.630880959410641262e-01 6.747025847434997559e-01 5.778893982908765992e-01
6.813830733299255371e-01 5.630716908210546823e-01 6.807555556297302246e-01 5.766109237713695768e-01
6.829933524131774902e-01 5.635592723856843733e-01 6.800250411033630371e-01 5.762637325628046092e-01
6.798174977302551270e-01 5.630889569290380425e-01 6.715716719627380371e-01 5.777059456819881866e-01
6.884952783584594727e-01 5.546220734243552108e-01 6.737633347511291504e-01 5.698104583129731671e-01
6.888978481292724609e-01 5.574623706900043718e-01 6.758505702018737793e-01 5.737435340856466004e-01
6.873769760131835938e-01 5.552891187195190259e-01 6.713629961013793945e-01 5.756323492071668824e-01
6.876453757286071777e-01 5.573046371770002949e-01 6.758505702018737793e-01 5.672496690354001947e-01
6.876900792121887207e-01 5.538812194490799756e-01 6.759549379348754883e-01 5.707624749086316340e-01
6.851851940155029297e-01 5.585992061125611974e-01 6.704236865043640137e-01 5.817653039033714446e-01
6.896582841873168945e-01 5.564694483520349344e-01 6.772072911262512207e-01 5.845166883197913110e-01
6.886294484138488770e-01 5.551672382161919606e-01 6.807555556297302246e-01 5.690914830144325753e-01
6.907765269279479980e-01 5.543105863121375876e-01 6.888958215713500977e-01 5.635862123665146273e-01
6.874217391014099121e-01 5.554233510350472525e-01 6.860780715942382812e-01 5.667837905475725524e-01
6.825907826423645020e-01 5.589870133517701456e-01 6.835733652114868164e-01 5.709955258972583270e-01
6.884058117866516113e-01 5.556172380551473999e-01 6.750156283378601074e-01 5.726093904406261981e-01
6.922973990440368652e-01 5.492032141394554978e-01 6.855562329292297363e-01 5.668576608319243482e-01
6.921184659004211426e-01 5.487654862665792832e-01 6.829472184181213379e-01 5.660486538433575632e-01
6.922079324722290039e-01 5.498312674496121932e-01 6.835733652114868164e-01 5.646450297863839785e-01
6.946681141853332520e-01 5.456407936128270242e-01 6.844082474708557129e-01 5.641801834380146818e-01
6.939523816108703613e-01 5.476915081757982584e-01 6.807555556297302246e-01 5.735626528616912800e-01
6.911343932151794434e-01 5.470051089357361729e-01 6.769985556602478027e-01 5.660585108915069386e-01
6.876453757286071777e-01 5.503970557684804144e-01 6.873304247856140137e-01 5.628795554980782212e-01
6.915816664695739746e-01 5.529708691137296128e-01 6.629096269607543945e-01 5.970062832448159718e-01
6.875559091567993164e-01 5.563365645902615952e-01 6.862868070602416992e-01 5.656790882255706698e-01
6.935945749282836914e-01 5.442537475963209470e-01 6.853474974632263184e-01 5.728547404763395523e-01
6.963678598403930664e-01 5.430438669855339739e-01 6.848257184028625488e-01 5.615276994498182850e-01
