5.408391356468200684e-01 7.282626006914221239e-01 5.774368643760681152e-01 6.711346355790361873e-01
5.660672783851623535e-01 6.818661169644053555e-01 5.715925693511962891e-01 6.741985819753290032e-01
5.755501985549926758e-01 6.737791460749287253e-01 5.770193934440612793e-01 6.733141635161455918e-01
5.814546346664428711e-01 6.721709454223836477e-01 5.805677175521850586e-01 6.736028021995769111e-01
5.881642699241638184e-01 6.685005018591219095e-01 5.946566462516784668e-01 6.663408231272425208e-01
5.871801972389221191e-01 6.698340972904486268e-01 5.977874994277954102e-01 6.639023841584408281e-01
5.907586216926574707e-01 6.674433688951916244e-01 5.723230838775634766e-01 6.714845583872316448e-01
5.910270214080810547e-01 6.655788562404040265e-01 5.912126898765563965e-01 6.634518760302150486e-01
5.972893238067626953e-01 6.644563745100056096e-01 5.855771303176879883e-01 6.687725625140660268e-01
5.928609967231750488e-01 6.655075636142949724e-01 6.003965735435485840e-01 6.636463127014806673e-01
5.945607423782348633e-01 6.647186210190040301e-01 5.853683948516845703e-01 6.737380763653847415e-01
5.881642699241638184e-01 6.673410182499164289e-01 5.993529558181762695e-01 6.644893813372105829e-01
5.978260636329650879e-01 6.627477034833099134e-01 6.009184122085571289e-01 6.659634741455895401e-01
5.947843790054321289e-01 6.641946795332686060e-01 5.990398526191711426e-01 6.609671535135633880e-01
5.975129604339599609e-01 6.632725333864605277e-01 5.916301608085632324e-01 6.677682893158274346e-01
5.984523296356201172e-01 6.634709011849317939e-01 6.056147217750549316e-01 6.603220610398634616e-01
6.022991538047790527e-01 6.608719290060014462e-01 5.999791026115417480e-01 6.614240800456049341e-01
5.999731421470642090e-01 6.618063998768380918e-01 6.001878380775451660e-01 6.584753892138566211e-01
5.993469357490539551e-01 6.612183812437127939e-01 5.886036157608032227e-01 6.654951865651667076e-01
6.031490564346313477e-01 6.598317535475128892e-01 6.073888540267944336e-01 6.603913167477948321e-01
5.992127656936645508e-01 6.614335808542380901e-01 5.911083221435546875e-01 6.636524549657232264e-01
6.028359532356262207e-01 6.604917436960793253e-01 6.142767667770385742e-01 6.551515904032245707e-01
6.056092381477355957e-01 6.579093393368293796e-01 6.127113103866577148e-01 6.545318054197427626e-01
6.018965840339660645e-01 6.589268561999855889e-01 5.932999253273010254e-01 6.603575567814981007e-01
6.011361479759216309e-01 6.612908645656502271e-01 6.064496040344238281e-01 6.578239442112301383e-01
6.104401350021362305e-01 6.547227154948626060e-01 6.009184122085571289e-01 6.579051648393550167e-01
6.060118079185485840e-01 6.573369537148071595e-01 5.968482494354248047e-01 6.596921402809391433e-01
6.087850928306579590e-01 6.562251468467508175e-01 6.040492653846740723e-01 6.545490790597832120e-01
6.120504736900329590e-01 6.542093696865546315e-01 6.169902086257934570e-01 6.489660663759999615e-01
6.046251654624938965e-01 6.571268673914876235e-01 6.145898699760437012e-01 6.535951632643213216e-01
6.151368618011474609e-01 6.536722274303521374e-01 6.133375167846679688e-01 6.502729261924219406e-01
6.086956262588500977e-01 6.530514555596819148e-01 6.142767667770385742e-01 6.511388032154209471e-01
6.091429591178894043e-01 6.513910736481390851e-01 6.122938990592956543e-01 6.544560877148678513e-01
6.115584373474121094e-01 6.498539104916409848e-01 6.112502813339233398e-01 6.502993112689292587e-01
6.139738559722900391e-01 6.496936418775967059e-01 6.115633249282836914e-01 6.497510236181961440e-01
6.167919039726257324e-01 6.493159209941790078e-01 6.010227799415588379e-01 6.510799364316092186e-01
6.133923530578613281e-01 6.489868347814160554e-01 6.203297972679138184e-01 6.420884057117438592e-01
6.206387281417846680e-01 6.448474198147871039e-01 6.018576622009277344e-01 6.500457078996020321e-01
6.164788007736206055e-01 6.462183993027790230e-01 6.176163554191589355e-01 6.473026735328278880e-01
6.167024374008178711e-01 6.456053686986606976e-01 6.176163554191589355e-01 6.458828034094394877e-01
6.230095028877258301e-01 6.411157430636689192e-01 6.023794412612915039e-01 6.469447334458150456e-01
6.181785464286804199e-01 6.427876257602079813e-01 6.189730763435363770e-01 6.375234226074728561e-01
6.201019883155822754e-01 6.392801981062725680e-01 6.179294586181640625e-01 6.394269303921193970e-01
6.247539520263671875e-01 6.407740026963036906e-01 6.134418845176696777e-01 6.388406238733067566e-01
6.256038546562194824e-01 6.393029709838332630e-01 6.227301359176635742e-01 6.394661613581599235e-01
6.227858066558837891e-01 6.392140813367825913e-01 6.242955327033996582e-01 6.369006204669795945e-01
6.284666061401367188e-01 6.347219459719171120e-01 6.061365008354187012e-01 6.451525968715060566e-01
6.262301206588745117e-01 6.360472885541528232e-01 6.270089745521545410e-01 6.337405701092652111e-01
6.293165087699890137e-01 6.316706501833972975e-01 6.276351213455200195e-01 6.331640288616317003e-01
6.294954419136047363e-01 6.312636939415801063e-01 6.278438568115234375e-01 6.313206221783144168e-01
6.278851032257080078e-01 6.329703069816742245e-01 6.290962100028991699e-01 6.304314748724824113e-01
6.327607631683349609e-01 6.264562559887130178e-01 6.248173713684082031e-01 6.316165130214536072e-01
6.279298663139343262e-01 6.303655221394423025e-01 6.288874745368957520e-01 6.284335982672631937e-01
6.285560727119445801e-01 6.341517263585839670e-01 6.243999004364013672e-01 6.274509911521245487e-01
6.320003867149353027e-01 6.244534992706713972e-01 6.305572986602783203e-01 6.260857435786582048e-01
6.328949928283691406e-01 6.229331474287989057e-01 6.301398277282714844e-01 6.258656048645333536e-01
6.328055262565612793e-01 6.245353607099924931e-01 6.287831068038940430e-01 6.220191979278878458e-01
6.353998780250549316e-01 6.211746824962931512e-01 6.333750486373901367e-01 6.232792307752778038e-01
6.338343024253845215e-01 6.212563178453532897e-01 6.293049454689025879e-01 6.248312310469820163e-01
6.387099623680114746e-01 6.184882069342164668e-01 6.361928582191467285e-01 6.173300132376245974e-01
6.381732225418090820e-01 6.176892583838172746e-01 6.399499177932739258e-01 6.128763097906579915e-01
6.390230655670166016e-01 6.171578529760265441e-01 6.328532695770263672e-01 6.202703408198674273e-01
6.321345567703247070e-01 6.183846794571383754e-01 6.332707405090332031e-01 6.170345718490880538e-01
6.313294172286987305e-01 6.192473397312105998e-01 6.333750486373901367e-01 6.221563608679734347e-01
6.400966048240661621e-01 6.117095367642715331e-01 6.401586532592773438e-01 6.147489445464792146e-01
6.422436833381652832e-01 6.096738498610617674e-01 6.372364759445190430e-01 6.137678429618107501e-01
6.413490772247314453e-01 6.161712055812903488e-01 6.360884904861450195e-01 6.152923146460653747e-01
6.468062400817871094e-01 6.094727183650998636e-01 6.360884904861450195e-01 6.132219703504522279e-01
6.459116339683532715e-01 6.083589774228354008e-01 6.418284177780151367e-01 6.098860309656963796e-01
6.478797793388366699e-01 6.045511200701449983e-01 6.471509337425231934e-01 6.051488317171334064e-01
6.472982764244079590e-01 6.062530765360253371e-01 6.416196823120117188e-01 6.086451717543716056e-01
6.464036703109741211e-01 6.069947576497232156e-01 6.364015936851501465e-01 6.152511035020056251e-01
6.455537676811218262e-01 6.069200575341050508e-01 6.436026096343994141e-01 6.106868051482351456e-01
6.491322517395019531e-01 6.066462344678789087e-01 6.543518900871276855e-01 6.029351168026184649e-01
6.502504944801330566e-01 5.997019334307807092e-01 6.396368145942687988e-01 6.181323753222371931e-01
6.484165191650390625e-01 6.027114383328427971e-01 6.367146968841552734e-01 6.098651096607344835e-01
6.511898636817932129e-01 6.028105403703405418e-01 6.547693610191345215e-01 5.982703463913279229e-01
6.560207605361938477e-01 5.961847914141861215e-01 6.506991982460021973e-01 6.076406819589997843e-01
6.520397067070007324e-01 6.012283209441364740e-01 6.489250659942626953e-01 6.031082724882949053e-01
6.533368825912475586e-01 5.992542403310372467e-01 6.408891677856445312e-01 6.035725191698968484e-01
6.532474756240844727e-01 5.972581613594910577e-01 6.390106678009033203e-01 6.230154674701614548e-01
6.478797793388366699e-01 6.007006498755869117e-01 6.550824642181396484e-01 6.007342263169787033e-01
6.529343128204345703e-01 5.942003410859448831e-01 6.437069773674011230e-01 6.138191779628722200e-01
6.544551849365234375e-01 5.970679371402608515e-01 6.427676677703857422e-01 6.067420628269388772e-01
6.558865904808044434e-01 5.915673202895844751e-01 6.413066387176513672e-01 6.105592428232080593e-01
6.529343128204345703e-01 5.967086844718142435e-01 6.528908610343933105e-01 5.992173121309409822e-01
6.530237793922424316e-01 5.970056814165399794e-01 6.540388464927673340e-01 5.976825454518233105e-01
6.579889059066772461e-01 5.890738956508919655e-01 6.646837592124938965e-01 5.944102559525591412e-01
6.507872343063354492e-01 5.979964727791461376e-01 6.383844614028930664e-01 6.091031628470161552e-01
6.576758027076721191e-01 5.891390902707265287e-01 6.510123014450073242e-01 5.993606548074440488e-01
6.519502401351928711e-01 5.956113388914182627e-01 6.486119627952575684e-01 6.038820276029471801e-01
6.577205061912536621e-01 5.867846357329712381e-01 6.474639773368835449e-01 6.073964927893694687e-01
6.559312939643859863e-01 5.918574558747947689e-01 6.518472433090209961e-01 5.942736847419077817e-01
6.622830629348754883e-01 5.851342402709194257e-01 6.513254046440124512e-01 5.950326952399801472e-01
6.633118391036987305e-01 5.859578703166035130e-01 6.484032273292541504e-01 6.064142695152044960e-01
6.559312939643859863e-01 5.893787215041397243e-01 6.523690223693847656e-01 6.063011981728827493e-01
6.573626995086669922e-01 5.862703833347101545e-01 6.530995368957519531e-01 5.951019037966687186e-01
6.641170382499694824e-01 5.838461674737853713e-01 6.561260819435119629e-01 5.928813659853687801e-01
6.668455600738525391e-01 5.796806130922849132e-01 6.590481996536254883e-01 5.976993259072825859e-01
6.627750992774963379e-01 5.821806324532898813e-01 6.528908610343933105e-01 5.953904264059327600e-01
