5.000447034835815430e-01 3.798080244062624899e+01 5.009392499923706055e-01 2.238412028811117782e+00
4.994632303714752197e-01 4.036480988601299558e+00 5.009392499923706055e-01 1.252228927348556287e+00
5.033995509147644043e-01 1.661785916685738052e+00 5.009392499923706055e-01 9.627893393285038570e-01
4.998658001422882080e-01 1.127105350698292652e+00 5.009392499923706055e-01 9.863180559951959525e-01
5.048756599426269531e-01 7.783762056491821957e-01 4.990607500076293945e-01 7.354010354748500289e-01
4.962873458862304688e-01 7.570053918734073184e-01 4.990607500076293945e-01 6.954217602031710355e-01
5.063964724540710449e-01 7.531417884795092998e-01 4.990607500076293945e-01 6.935200630013615974e-01
4.963320791721343994e-01 7.438967187516825064e-01 5.009392499923706055e-01 7.017374776569693662e-01
5.067543387413024902e-01 7.178260039762769384e-01 5.009392499923706055e-01 6.932001837955539258e-01
5.048756599426269531e-01 7.182584859365469532e-01 5.009392499923706055e-01 6.932000816552630340e-01
5.009393692016601562e-01 7.400724273991512447e-01 5.009392499923706055e-01 6.932612429752998962e-01
4.956163763999938965e-01 7.275987639796608342e-01 5.009392499923706055e-01 6.942730995116316306e-01
4.958847761154174805e-01 7.123285521652984453e-01 4.990607500076293945e-01 6.932558415702926302e-01
4.987475275993347168e-01 7.127688094762937299e-01 4.990607500076293945e-01 6.938802898738807290e-01
4.948559701442718506e-01 7.197328134051459436e-01 4.990607500076293945e-01 6.951177506251764449e-01
4.975845515727996826e-01 7.273007069595556207e-01 5.009392499923706055e-01 6.938612277337091738e-01
5.000894665718078613e-01 7.229368851124696738e-01 4.990607500076293945e-01 6.943786937367864009e-01
4.974056184291839600e-01 7.109681196493461419e-01 4.990607500076293945e-01 6.935952449362453587e-01
5.077831745147705078e-01 7.165274413375526397e-01 5.009392499923706055e-01 6.934535185147665537e-01
5.044730901718139648e-01 7.095113246913117289e-01 5.009392499923706055e-01 6.947904936805993081e-01
4.971819519996643066e-01 7.267969408302320522e-01 5.009392499923706055e-01 6.960901242908866804e-01
4.969583153724670410e-01 7.215382255644464671e-01 4.990607500076293945e-01 6.945314702323821532e-01
4.999552667140960693e-01 7.225998747559945201e-01 4.990607500076293945e-01 6.931622353557553851e-01
4.978976547718048096e-01 7.205120397501372231e-01 4.990607500076293945e-01 6.969524217259035481e-01
5.035337209701538086e-01 7.093909347200249016e-01 4.990607500076293945e-01 6.993121980650394143e-01
5.009840726852416992e-01 7.225436356567188634e-01 4.990607500076293945e-01 6.962038247228490295e-01
5.051887631416320801e-01 7.070243426119199315e-01 5.009392499923706055e-01 6.937323371743489009e-01
5.058149695396423340e-01 7.066404779176205242e-01 5.009392499923706055e-01 6.999351049086615095e-01
5.033100843429565430e-01 7.067440054586864306e-01 4.990607500076293945e-01 6.995442269167405636e-01
5.017445087432861328e-01 7.077178099134523448e-01 5.009392499923706055e-01 6.932688582617811957e-01
4.982554912567138672e-01 7.129133923746089341e-01 5.009392499923706055e-01 6.946117581740920421e-01
5.012524724006652832e-01 7.141516266984234695e-01 4.990607500076293945e-01 7.018422479297093952e-01
5.001341700553894043e-01 7.130892478005577129e-01 4.990607500076293945e-01 7.030225523054114412e-01
5.017445087432861328e-01 7.073589805883550019e-01 5.009392499923706055e-01 6.936061946740107453e-01
4.969135820865631104e-01 7.138982878044436431e-01 5.009392499923706055e-01 6.931663239407802601e-01
5.023260116577148438e-01 7.087429941052464377e-01 5.009392499923706055e-01 7.284497178016389185e-01
5.040257573127746582e-01 7.133284149517162831e-01 4.990607500076293945e-01 6.965754871775476920e-01
5.023260116577148438e-01 7.135111074964652911e-01 4.990607500076293945e-01 7.382363094663451086e-01
5.011630058288574219e-01 1.094713101800385280e+00 5.009392499923706055e-01 7.162796237652347964e-01
5.004025697708129883e-01 7.545833489531842408e-01 4.990607500076293945e-01 9.852134760176057826e-01
5.020129084587097168e-01 8.235580448409828280e-01 4.990607500076293945e-01 1.011013296695025376e+00
5.003578662872314453e-01 7.169761544243127283e-01 5.009392499923706055e-01 6.979666131196153867e-01
4.993290305137634277e-01 7.089510686731569367e-01 4.990607500076293945e-01 6.932079941936286627e-01
4.969583153724670410e-01 7.106195734852135404e-01 4.990607500076293945e-01 6.978912020222276524e-01
4.976739883422851562e-01 7.087746817751250372e-01 4.990607500076293945e-01 7.083614933368831412e-01
4.970925152301788330e-01 7.012285054913784954e-01 4.990607500076293945e-01 6.933876532797672576e-01
4.971372485160827637e-01 7.042700487271812415e-01 5.009392499923706055e-01 7.016148423506606280e-01
5.015655755996704102e-01 7.141281752408051853e-01 5.009392499923706055e-01 6.959658540556710182e-01
4.962873458862304688e-01 7.100899451575396482e-01 4.990607500076293945e-01 6.947296322126076396e-01
5.004025697708129883e-01 7.143649318218657784e-01 5.009392499923706055e-01 1.612149325722917581e+00
4.996421635150909424e-01 5.736408713551151095e+01 4.990607500076293945e-01 1.527072545232516063e+02
5.027732849121093750e-01 1.724144574938487651e+01 4.990607500076293945e-01 7.256208166427190465e-01
5.016997456550598145e-01 1.652773854621174543e+00 5.009392499923706055e-01 7.177957749720083047e-01
4.966899156570434570e-01 1.302149494147765596e+00 4.990607500076293945e-01 6.974565291723212601e-01
5.028180480003356934e-01 1.822781316409449737e+00 4.990607500076293945e-01 6.961189128988796160e-01
5.033547878265380859e-01 1.525390599127595559e+00 4.990607500076293945e-01 7.085249600766770905e-01
4.976292848587036133e-01 1.270370570827114909e+00 4.990607500076293945e-01 6.974171282503107694e-01
5.000447034835815430e-01 1.255130667894636121e+00 5.009392499923706055e-01 6.959710778410761467e-01
4.960637092590332031e-01 1.209384009415358063e+00 5.009392499923706055e-01 6.957561560076229723e-01
4.996421635150909424e-01 1.065147083439966114e+00 4.990607500076293945e-01 6.937743202551648336e-01
4.970925152301788330e-01 1.081743819915367499e+00 5.009392499923706055e-01 6.944255219872375040e-01
4.985686242580413818e-01 9.947811067370955218e-01 4.990607500076293945e-01 6.941520047944215177e-01
5.025496482849121094e-01 1.220657465762498228e+00 4.990607500076293945e-01 6.986645124471653201e-01
4.977187216281890869e-01 9.920329162869305772e-01 5.009392499923706055e-01 6.935888666669701719e-01
4.981213212013244629e-01 1.215303650800732660e+00 5.009392499923706055e-01 6.963431091205084522e-01
4.983002245426177979e-01 1.028018867591984797e+00 4.990607500076293945e-01 7.129604487622165365e-01
4.951243400573730469e-01 1.053192133147594189e+00 5.009392499923706055e-01 6.959248283192549511e-01
4.987922608852386475e-01 8.559935860993035384e-01 4.990607500076293945e-01 6.972534612981293733e-01
4.989264607429504395e-01 9.390737275613145751e-01 4.990607500076293945e-01 6.937307247884635375e-01
5.001341700553894043e-01 1.141867652202168681e+00 4.990607500076293945e-01 7.000874703797834719e-01
5.016550421714782715e-01 9.741238830426145467e-01 4.990607500076293945e-01 8.391753187186532514e-01
5.027285814285278320e-01 1.024379214877454425e+00 4.990607500076293945e-01 7.131598901211207986e-01
4.932009279727935791e-01 8.737063250914522960e-01 5.009392499923706055e-01 6.998625163045663067e-01
4.973608851432800293e-01 8.866096417407781649e-01 4.990607500076293945e-01 7.021127657934111976e-01
5.018786787986755371e-01 9.436427908200529791e-01 4.990607500076293945e-01 7.113785786759104779e-01
4.951690733432769775e-01 9.762348966940632700e-01 4.990607500076293945e-01 6.953468077044924200e-01
5.032653212547302246e-01 9.099145692796991591e-01 5.009392499923706055e-01 7.335883309188752088e-01
5.020129084587097168e-01 9.167579510681614918e-01 4.990607500076293945e-01 7.025693415898764949e-01
4.967793822288513184e-01 8.341098831428954696e-01 4.990607500076293945e-01 7.018788043503670915e-01
5.057255029678344727e-01 8.868606176502612515e-01 4.990607500076293945e-01 6.972706470178975380e-01
4.982107579708099365e-01 9.050606265650770199e-01 5.009392499923706055e-01 6.974351753200227488e-01
4.995079636573791504e-01 9.989417608361441658e-01 4.990607500076293945e-01 7.067066758118399905e-01
5.024601817131042480e-01 9.046376741600070659e-01 5.009392499923706055e-01 6.938629786123738930e-01
5.016550421714782715e-01 9.439160504202911417e-01 4.990607500076293945e-01 6.940129066628321075e-01
4.982554912567138672e-01 8.390241675352150263e-01 4.990607500076293945e-01 6.954596439997354773e-01
5.015208721160888672e-01 8.313333711122481429e-01 5.009392499923706055e-01 6.936626221461327235e-01
5.011182427406311035e-01 9.134406544991993115e-01 5.009392499923706055e-01 6.942600132254065359e-01
4.944534003734588623e-01 9.488593802018676637e-01 4.990607500076293945e-01 6.932207679753511487e-01
4.962873458862304688e-01 1.038330774248382271e+00 5.009392499923706055e-01 7.140027184845684216e-01
4.981213212013244629e-01 8.441104350458596972e-01 5.009392499923706055e-01 6.947558035534027177e-01
5.065307021141052246e-01 7.856423038130135872e-01 5.009392499923706055e-01 7.259153993934411853e-01
5.015655755996704102e-01 7.834008819921687294e-01 4.990607500076293945e-01 6.954508779989954093e-01
4.969135820865631104e-01 8.570688137387009187e-01 4.990607500076293945e-01 7.135580011385513899e-01
4.973608851432800293e-01 7.939355779598513685e-01 4.990607500076293945e-01 6.938022543184196866e-01
4.972714185714721680e-01 8.128116443409307834e-01 5.009392499923706055e-01 7.011291688007592615e-01
5.000000000000000000e-01 1.284054657474018812e+00 4.990607500076293945e-01 2.052572096695459258e+00
5.043836236000061035e-01 1.873707631039990495e+00 4.990607500076293945e-01 6.192442648745707601e+00
5.013419389724731445e-01 1.585620070250308622e+01 5.009392499923706055e-01 3.559897065535887695e+00
4.994632303714752197e-01 3.493742064172113526e+00 4.990607500076293945e-01 6.963622979843101524e-01
4.995974302291870117e-01 7.271783292069591287e-01 5.009392499923706055e-01 6.937019874372305495e-01
