5.635623335838317871e-01 6.824383396308053573e-01 5.987268090248107910e-01 6.662262271700162275e-01
5.844516158103942871e-01 6.697469691104892542e-01 5.810895562171936035e-01 6.680999391264568210e-01
5.959921479225158691e-01 6.639729513211676259e-01 6.031100153923034668e-01 6.589021315606494733e-01
6.008677482604980469e-01 6.590738096013651903e-01 6.128156781196594238e-01 6.553610447328440669e-01
6.021649837493896484e-01 6.572102733259018725e-01 6.074932217597961426e-01 6.617011158408115934e-01
6.051172018051147461e-01 6.571019197175788085e-01 6.047797799110412598e-01 6.538883497162120140e-01
6.065486073493957520e-01 6.552211309315416621e-01 6.098935604095458984e-01 6.498381282113285806e-01
6.160314679145812988e-01 6.510086015845308882e-01 6.175119876861572266e-01 6.492599382004392572e-01
6.128556132316589355e-01 6.493885836632824482e-01 6.157378554344177246e-01 6.496575595416397286e-01
6.128108501434326172e-01 6.478873751077739440e-01 6.160508990287780762e-01 6.461195167433217978e-01
6.137502193450927734e-01 6.476650888046610044e-01 6.207472085952758789e-01 6.410648661425157879e-01
6.191179156303405762e-01 6.464089011437864629e-01 6.166771054267883301e-01 6.452935131749188979e-01
6.158525943756103516e-01 6.437051251229370941e-01 6.260697245597839355e-01 6.388276080402445212e-01
6.227858066558837891e-01 6.415128608917929354e-01 6.259653568267822266e-01 6.371232017398851255e-01
6.257827877998352051e-01 6.395478777348793109e-01 6.101022958755493164e-01 6.451762804306268029e-01
6.226069331169128418e-01 6.394053217784132492e-01 6.225214004516601562e-01 6.399216564083318737e-01
6.263195276260375977e-01 6.384565419535620512e-01 6.338968873023986816e-01 6.324619577936727577e-01
6.263642907142639160e-01 6.358497061420583796e-01 6.327489018440246582e-01 6.328925799537217234e-01
6.292270421981811523e-01 6.353046500548455988e-01 6.234606504440307617e-01 6.394580291373026526e-01
6.277956962585449219e-01 6.345106116516855410e-01 6.182425618171691895e-01 6.307655593418821649e-01
6.308820843696594238e-01 6.329533583918673934e-01 6.357753872871398926e-01 6.223613443391553535e-01
6.339685320854187012e-01 6.277753882980620093e-01 6.284700632095336914e-01 6.302412430594644954e-01
6.315977573394775391e-01 6.285167308095999106e-01 6.246086359024047852e-01 6.293777928823122148e-01
6.357577443122863770e-01 6.260375537072893071e-01 6.277394890785217285e-01 6.290276124591345219e-01
6.361603140830993652e-01 6.262583112883043368e-01 6.465247273445129395e-01 6.160374664608408990e-01
6.429593563079833984e-01 6.209170661025491533e-01 6.429764032363891602e-01 6.190951698335469544e-01
6.427804827690124512e-01 6.196895082621012296e-01 6.397411823272705078e-01 6.211273972263069432e-01
6.417964100837707520e-01 6.210244336054009384e-01 6.384888291358947754e-01 6.230992512473032541e-01
6.430488228797912598e-01 6.197528393969464755e-01 6.430807709693908691e-01 6.191347625827371415e-01
6.465825438499450684e-01 6.182735572135987789e-01 6.455854773521423340e-01 6.173844848911290706e-01
6.460011005401611328e-01 6.142464505898801441e-01 6.465247273445129395e-01 6.168413196692907885e-01
6.531580090522766113e-01 6.137343995855668588e-01 6.532039046287536621e-01 6.115139925860582082e-01
6.516371369361877441e-01 6.118739062823898012e-01 6.427676677703857422e-01 6.110556837761483839e-01
6.498479247093200684e-01 6.135727509570945148e-01 6.421415209770202637e-01 6.114502758926052550e-01
6.516819000244140625e-01 6.094713769459856323e-01 6.543518900871276855e-01 6.025207206043911023e-01
6.579442024230957031e-01 6.053838375472578859e-01 6.526821255683898926e-01 6.064337556184494771e-01
6.575415730476379395e-01 6.022925039996271934e-01 6.525777578353881836e-01 6.086862442812425167e-01
6.570048332214355469e-01 6.027156433344186270e-01 6.547693610191345215e-01 6.021477817444034208e-01
6.598228812217712402e-01 6.006470223001256770e-01 6.563348174095153809e-01 5.992575118870656636e-01
6.589282751083374023e-01 5.999049819375347203e-01 6.394280791282653809e-01 6.130345360492769347e-01
6.640722751617431641e-01 5.967479820199421692e-01 6.570653319358825684e-01 6.016645415345305281e-01
6.632223725318908691e-01 5.951584274471499736e-01 6.441243886947631836e-01 6.074301782716318154e-01
6.655036807060241699e-01 5.933620634734214638e-01 6.572740674018859863e-01 5.994020693985412374e-01
6.685006022453308105e-01 5.902490787012117934e-01 6.454811096191406250e-01 6.181087340126204532e-01
6.618804931640625000e-01 5.944633196048221269e-01 6.645793914794921875e-01 5.997163289102376282e-01
6.733762621879577637e-01 5.866379085711576069e-01 6.548737287521362305e-01 6.089119216988216898e-01
6.724369525909423828e-01 5.887171036230044452e-01 6.636401414871215820e-01 5.850183667058711512e-01
6.705582141876220703e-01 5.864903798660453527e-01 6.638488769531250000e-01 5.925121606702571375e-01
6.724816560745239258e-01 5.837729927848929190e-01 6.669797301292419434e-01 5.909596118143719545e-01
6.728842258453369141e-01 5.846083493752307625e-01 6.665623188018798828e-01 5.870842264704305702e-01
6.796833276748657227e-01 5.758422266703254744e-01 6.673972010612487793e-01 5.985612439054259770e-01
6.729289889335632324e-01 5.822281464947679508e-01 6.614485383033752441e-01 5.990858117689595863e-01
6.748971343040466309e-01 5.820871304795959267e-01 6.736589670181274414e-01 5.881322680025253824e-01
6.778045892715454102e-01 5.769720072395623234e-01 6.699019074440002441e-01 5.859014820116991151e-01
6.780729889869689941e-01 5.756084519691897494e-01 6.727196574211120605e-01 5.854586727358905840e-01
6.788334250450134277e-01 5.733400094613637643e-01 6.704236865043640137e-01 5.891555408624288281e-01
6.811146736145019531e-01 5.742945010833993003e-01 6.690670251846313477e-01 5.841775173261105625e-01
6.818751096725463867e-01 5.721562919089440147e-01 6.575871706008911133e-01 6.002931795023697115e-01
6.763732433319091797e-01 5.747627827301714509e-01 6.732414960861206055e-01 5.785264320697995899e-01
6.825013160705566406e-01 5.718171328844762202e-01 6.694844365119934082e-01 5.778535750907041191e-01
6.842458248138427734e-01 5.687251593094432289e-01 6.714673638343811035e-01 5.781170795243011362e-01
6.876453757286071777e-01 5.635089625248351775e-01 6.656230688095092773e-01 5.942390374862632774e-01
6.797280311584472656e-01 5.700035841739290454e-01 6.801294088363647461e-01 5.749760905727417937e-01
6.847378611564636230e-01 5.630068608144247477e-01 6.673972010612487793e-01 5.806362124704612659e-01
6.842011213302612305e-01 5.630033240215491785e-01 6.819035410881042480e-01 5.769211486918123244e-01
6.894793510437011719e-01 5.586546313295553956e-01 6.728240251541137695e-01 5.760837720943825513e-01
6.885399818420410156e-01 5.625880728213299431e-01 6.764767169952392578e-01 5.770297455056130342e-01
6.905528903007507324e-01 5.607502290485455454e-01 6.822166442871093750e-01 5.757386083768121221e-01
6.893004179000854492e-01 5.594281502178688470e-01 6.801294088363647461e-01 5.711956623699838698e-01
6.893898844718933105e-01 5.596252390386636799e-01 6.813817620277404785e-01 5.755741611648715894e-01
6.902397274971008301e-01 5.560811091075111845e-01 6.839908361434936523e-01 5.716905155328190213e-01
6.910896301269531250e-01 5.570525964783692441e-01 6.813817620277404785e-01 5.714815139297750868e-01
6.907765269279479980e-01 5.523843851748978517e-01 6.783552765846252441e-01 5.809821367288675598e-01
6.901055574417114258e-01 5.548729416743483078e-01 6.736589670181274414e-01 5.820216079192180869e-01
6.920737028121948242e-01 5.530370239932926868e-01 6.691713333129882812e-01 5.794474612046721651e-01
6.897476911544799805e-01 5.576108658243364991e-01 6.773115992546081543e-01 5.848643731483709196e-01
6.939523816108703613e-01 5.528501102527195732e-01 6.675015687942504883e-01 5.874758583348321794e-01
6.897029876708984375e-01 5.548733086444371798e-01 6.727196574211120605e-01 5.722712501930160567e-01
6.935945749282836914e-01 5.528993413004258395e-01 6.830515265464782715e-01 5.693566444845244989e-01
6.955179572105407715e-01 5.514221581411949957e-01 6.865998506546020508e-01 5.624587763776561777e-01
6.953837871551513672e-01 5.483670654226915353e-01 6.814861297607421875e-01 5.659482705272131930e-01
6.954284906387329102e-01 5.481058508131068097e-01 6.837821006774902344e-01 5.687167353009012771e-01
7.018697261810302734e-01 5.428394572341094237e-01 6.905656456947326660e-01 5.633271258177425800e-01
6.939076781272888184e-01 5.475755216162881966e-01 6.772072911262512207e-01 5.731948825368002876e-01
6.945786476135253906e-01 5.506772115802611722e-01 6.893132925033569336e-01 5.644839802755738933e-01
6.979334354400634766e-01 5.456983508183248510e-01 6.874347925186157227e-01 5.645871071595534030e-01
6.969940662384033203e-01 5.450827511782978529e-01 6.855562329292297363e-01 5.648573609514142557e-01
7.005278468132019043e-01 5.411199394204915247e-01 6.814861297607421875e-01 5.773326690623467039e-01
6.993200778961181641e-01 5.469276610502596947e-01 6.907743811607360840e-01 5.638985692447024967e-01
6.965467929840087891e-01 5.491200190662036684e-01 6.969317197799682617e-01 5.561568538347879675e-01
7.016460895538330078e-01 5.447029732201047469e-01 6.933834552764892578e-01 5.544205357973174264e-01
7.020486593246459961e-01 5.391424803896781581e-01 6.790857911109924316e-01 5.674575404393301659e-01
6.960547566413879395e-01 5.446881983335211119e-01 6.824253797531127930e-01 5.671007118153437165e-01
7.000805139541625977e-01 5.381863820763985728e-01 6.922354698181152344e-01 5.663001047646768482e-01
6.933708786964416504e-01 5.535879154648117861e-01 6.887915134429931641e-01 5.635346935129295076e-01
7.037484049797058105e-01 5.378789099379587269e-01 6.976622939109802246e-01 5.543420538601708802e-01
7.064322829246520996e-01 5.356322203580030639e-01 6.843038797378540039e-01 5.683500583872022061e-01
7.044641375541687012e-01 5.351066057190184688e-01 6.967230439186096191e-01 5.586028215134225539e-01
7.031221985816955566e-01 5.364008969048263964e-01 6.895220279693603516e-01 5.622958865501118675e-01
7.011093497276306152e-01 5.405209828658060767e-01 6.903569102287292480e-01 5.557593573137504794e-01
