4.966899156570434570e-01 2.275167012432219416e+00 5.019828677177429199e-01 6.944987830501636594e-01
5.042046904563903809e-01 1.174559889826840342e+00 4.990607500076293945e-01 6.996234079488158342e-01
5.037573575973510742e-01 8.653256149299670685e-01 4.990607500076293945e-01 6.940589079252739158e-01
5.009393692016601562e-01 7.987302288021121965e-01 5.009392499923706055e-01 6.948110367430199164e-01
5.041599273681640625e-01 7.407104141022400334e-01 5.040701031684875488e-01 6.931016021047546882e-01
4.986133575439453125e-01 8.115774096711459995e-01 4.990607500076293945e-01 7.070517739406634306e-01
4.974950850009918213e-01 7.128931791480783708e-01 4.990607500076293945e-01 6.940185601839166107e-01
4.979423880577087402e-01 7.590754073513793498e-01 5.009392499923706055e-01 6.933047493398376560e-01
5.022812485694885254e-01 7.055210191953116272e-01 4.990607500076293945e-01 7.052571545113006657e-01
4.975398182868957520e-01 6.960709996376167608e-01 5.009392499923706055e-01 6.936590624388063731e-01
5.019681453704833984e-01 6.947760667393940714e-01 4.990607500076293945e-01 6.931615591770770024e-01
5.034890174865722656e-01 6.940292960673032363e-01 4.990607500076293945e-01 6.932454001577580405e-01
4.976292848587036133e-01 6.951765862448011646e-01 5.009392499923706055e-01 6.931823869135702587e-01
5.003131031990051270e-01 6.944507513389239772e-01 4.990607500076293945e-01 6.934974349085012424e-01
4.961531460285186768e-01 6.942680853704451538e-01 5.009392499923706055e-01 6.931574903980621816e-01
5.032653212547302246e-01 6.944112012202463546e-01 5.009392499923706055e-01 6.934798207593546593e-01
4.975398182868957520e-01 6.942478767297075581e-01 4.990607500076293945e-01 6.945847835079957955e-01
5.025944113731384277e-01 6.939568846676639202e-01 4.990607500076293945e-01 9.451541852363836149e-01
4.968688488006591797e-01 6.967414261126352315e-01 5.009392499923706055e-01 6.959759196889746535e-01
4.989711940288543701e-01 6.944337251319039339e-01 4.990607500076293945e-01 6.931518159263991841e-01
5.004473328590393066e-01 6.946328381857306278e-01 5.009392499923706055e-01 6.931982436898704858e-01
4.962426126003265381e-01 6.952260580999647388e-01 4.990607500076293945e-01 7.117047835506096209e-01
4.944086670875549316e-01 6.943588971046540381e-01 5.009392499923706055e-01 6.933059132041923256e-01
4.942744672298431396e-01 6.959880673196410239e-01 5.009392499923706055e-01 6.961634430923135941e-01
4.990606606006622314e-01 6.952894156084522548e-01 5.009392499923706055e-01 6.931465424891181115e-01
5.027732849121093750e-01 6.944905526310839461e-01 4.990607500076293945e-01 6.931887917318565462e-01
5.021023154258728027e-01 6.953542101658356511e-01 4.990607500076293945e-01 6.931884504016468940e-01
5.013866424560546875e-01 6.940578627424262015e-01 4.990607500076293945e-01 6.988039324139782016e-01
5.016102790832519531e-01 6.953000666353352788e-01 5.009392499923706055e-01 6.936071843897915201e-01
4.996421635150909424e-01 6.956605237676538600e-01 4.990607500076293945e-01 6.937733041272236001e-01
4.952585399150848389e-01 6.949633278004661019e-01 5.009392499923706055e-01 6.931465566966956704e-01
5.035337209701538086e-01 6.944705916658286959e-01 4.990607500076293945e-01 6.931939466565417707e-01
4.949454367160797119e-01 6.942905256180413875e-01 5.009392499923706055e-01 6.944297019635627954e-01
4.944534003734588623e-01 6.947979171900187101e-01 5.009392499923706055e-01 6.931517297851842452e-01
4.986580908298492432e-01 6.946544910633279946e-01 5.009392499923706055e-01 6.931568285264890772e-01
4.996421635150909424e-01 6.947386403867865656e-01 4.990607500076293945e-01 6.932133981614738705e-01
5.015655755996704102e-01 6.951812617380773718e-01 4.990607500076293945e-01 6.956012092858857576e-01
5.034890174865722656e-01 6.945288021442053150e-01 5.009392499923706055e-01 6.976657296192468882e-01
5.006709694862365723e-01 6.942175357366081601e-01 4.990607500076293945e-01 6.934139091568932711e-01
4.945875704288482666e-01 6.959385793288846989e-01 5.009392499923706055e-01 6.931456643687586849e-01
4.977187216281890869e-01 6.950643741395567954e-01 5.009392499923706055e-01 7.045351479725806554e-01
4.953927397727966309e-01 6.956071660501156328e-01 4.990607500076293945e-01 6.943427619270232665e-01
5.030864477157592773e-01 6.946819652319168314e-01 5.009392499923706055e-01 6.931527719769391416e-01
5.073358416557312012e-01 6.949468158421436836e-01 4.990607500076293945e-01 6.933351803537550762e-01
5.002236366271972656e-01 6.947398767165878786e-01 4.990607500076293945e-01 6.933677216159404022e-01
5.035337209701538086e-01 6.947339984017933956e-01 5.009392499923706055e-01 6.931641055432372633e-01
5.018339753150939941e-01 6.950688773563198364e-01 5.009392499923706055e-01 6.931810068875159381e-01
4.993290305137634277e-01 6.944504050262330086e-01 4.990607500076293945e-01 6.981852613195101975e-01
4.976292848587036133e-01 6.942082732345320473e-01 4.990607500076293945e-01 6.944959142018498621e-01
5.001341700553894043e-01 6.950321739379867747e-01 4.990607500076293945e-01 7.076573673580514034e-01
4.995526969432830811e-01 6.944512403657598920e-01 5.009392499923706055e-01 6.931720513362920055e-01
5.046520233154296875e-01 6.944573460932301767e-01 5.009392499923706055e-01 6.931685580761390852e-01
4.997763335704803467e-01 6.947947546671745522e-01 4.990607500076293945e-01 6.931487197319616822e-01
4.937824308872222900e-01 6.948062969482655671e-01 5.009392499923706055e-01 6.934872873265865989e-01
5.002236366271972656e-01 6.953732647437660397e-01 5.009392499923706055e-01 6.931468608408725141e-01
4.920826554298400879e-01 6.945517239427284606e-01 4.990607500076293945e-01 6.979751786342669462e-01
5.014761090278625488e-01 6.945715588626633075e-01 5.009392499923706055e-01 7.110365969207634862e-01
4.969583153724670410e-01 6.949344336037389658e-01 4.990607500076293945e-01 6.931815319085166127e-01
5.004920363426208496e-01 6.948007474348314449e-01 5.009392499923706055e-01 6.931521780205728289e-01
4.988369941711425781e-01 6.948613499801643556e-01 4.990607500076293945e-01 6.931889907499116932e-01
5.013866424560546875e-01 6.943805538748432093e-01 5.009392499923706055e-01 6.931753681462932137e-01
4.985686242580413818e-01 6.945677321570187246e-01 5.009392499923706055e-01 7.396811381234328353e-01
4.973608851432800293e-01 6.949803971352699339e-01 4.990607500076293945e-01 7.134279775310971017e-01
5.014761090278625488e-01 6.951155748173639681e-01 5.009392499923706055e-01 6.931465479880228875e-01
4.998658001422882080e-01 6.942887166506660490e-01 5.009392499923706055e-01 6.948086284715281336e-01
4.966004788875579834e-01 6.943983100228029448e-01 4.990607500076293945e-01 6.944325034316310985e-01
4.967793822288513184e-01 6.945017889757919560e-01 4.990607500076293945e-01 6.935074880884027904e-01
5.020129084587097168e-01 6.952308376374195520e-01 4.990607500076293945e-01 7.049953612572612549e-01
5.000894665718078613e-01 6.948829874473643198e-01 5.009392499923706055e-01 6.984838359267844243e-01
5.034442543983459473e-01 6.948290272739326978e-01 4.990607500076293945e-01 6.931685060480397009e-01
4.968241155147552490e-01 6.953251644992981539e-01 4.990607500076293945e-01 6.931742891168524157e-01
5.034890174865722656e-01 6.958092861470733803e-01 4.990607500076293945e-01 6.940733675194343810e-01
5.031311511993408203e-01 6.952885287374093171e-01 4.990607500076293945e-01 6.941326771392575257e-01
4.955269396305084229e-01 6.951030488943323871e-01 5.009392499923706055e-01 6.931694521333697789e-01
5.010288357734680176e-01 6.951480696508038903e-01 4.990607500076293945e-01 6.945892512313112110e-01
5.003131031990051270e-01 6.946599029176541151e-01 5.009392499923706055e-01 6.932762022233412980e-01
5.024601817131042480e-01 6.945834576091776125e-01 4.990607500076293945e-01 6.931585057919867898e-01
5.021023154258728027e-01 6.945839578018864202e-01 4.990607500076293945e-01 6.931580628066837946e-01
5.018786787986755371e-01 6.949135794539766930e-01 5.009392499923706055e-01 6.949549863393708060e-01
4.985686242580413818e-01 6.952069394382429657e-01 5.009392499923706055e-01 6.935031776685999239e-01
5.007604360580444336e-01 6.945352902841559484e-01 5.009392499923706055e-01 6.946966066735692502e-01
4.991053938865661621e-01 6.947237236658903026e-01 5.009392499923706055e-01 7.106774752161443276e-01
5.008499026298522949e-01 6.950511153641402151e-01 4.990607500076293945e-01 6.932146600730432207e-01
5.019234418869018555e-01 6.955067417151942211e-01 4.990607500076293945e-01 7.075784017536590476e-01
4.946770370006561279e-01 6.947637059582348895e-01 4.990607500076293945e-01 6.984786445874059391e-01
5.002683997154235840e-01 6.944193843546184741e-01 4.990607500076293945e-01 6.933644497924547068e-01
4.980765879154205322e-01 6.970962731563932202e-01 4.990607500076293945e-01 6.959613454762393348e-01
5.013419389724731445e-01 6.942826300875448720e-01 5.009392499923706055e-01 6.931735447368251313e-01
5.024601817131042480e-01 6.977282930175526809e-01 4.990607500076293945e-01 6.965037718169551084e-01
5.014761090278625488e-01 6.943300254742944544e-01 4.990607500076293945e-01 6.948317432299060403e-01
5.021917819976806641e-01 6.959880614967502988e-01 5.009392499923706055e-01 6.931456235499652285e-01
4.945428371429443359e-01 6.946778121457839461e-01 5.009392499923706055e-01 7.036928747372596105e-01
5.005815029144287109e-01 6.948012924190070105e-01 5.009392499923706055e-01 6.931807776130433085e-01
4.969135820865631104e-01 6.954991032770525550e-01 5.009392499923706055e-01 6.932466904471598079e-01
4.983449578285217285e-01 6.945320928026385010e-01 5.009392499923706055e-01 6.933560461720303936e-01
5.018786787986755371e-01 6.946312856495028276e-01 4.990607500076293945e-01 6.931506891734314779e-01
4.987922608852386475e-01 6.945762605162890679e-01 4.990607500076293945e-01 6.933011624738931733e-01
4.995526969432830811e-01 6.948704495906061762e-01 5.009392499923706055e-01 6.945061725705233835e-01
4.990159273147583008e-01 6.947651137007138100e-01 5.009392499923706055e-01 6.935200109234982424e-01
4.993290305137634277e-01 6.945312791976375744e-01 4.990607500076293945e-01 6.934123493962734974e-01
