5.024154782295227051e-01 7.194975333108013515e-01 4.955124258995056152e-01 6.952895411641879519e-01
5.057255029678344727e-01 7.119656485550560632e-01 5.280734896659851074e-01 6.918539918556364521e-01
5.195920467376708984e-01 7.047220251175857486e-01 5.415362119674682617e-01 6.898346454110381165e-01
5.169082283973693848e-01 7.025329148669131607e-01 5.461281538009643555e-01 6.882434575922478093e-01
5.244230031967163086e-01 7.000388060812234858e-01 5.523899197578430176e-01 6.865082728019265002e-01
5.199051499366760254e-01 7.008484827851455545e-01 5.565643906593322754e-01 6.850198267820458708e-01
5.284039974212646484e-01 6.980223259616141762e-01 5.575036406517028809e-01 6.837016366215344920e-01
5.280014276504516602e-01 6.949113399659527790e-01 5.627217888832092285e-01 6.824606519057939691e-01
5.343979001045227051e-01 6.938741853186388697e-01 5.678355097770690918e-01 6.813053442077779964e-01
5.426283478736877441e-01 6.918900404148781158e-01 5.746190547943115234e-01 6.801953616059664975e-01
5.414654016494750977e-01 6.903266028612239369e-01 5.766019821166992188e-01 6.791177189840301720e-01
5.490248799324035645e-01 6.876027337082981639e-01 5.757670402526855469e-01 6.780570087838934112e-01
5.431651473045349121e-01 6.906178222932848332e-01 5.793153643608093262e-01 6.771486527584859028e-01
5.530506372451782227e-01 6.857645858761065583e-01 5.780630111694335938e-01 6.763342109484902220e-01
5.553318858146667480e-01 6.837369456639292853e-01 5.758714079856872559e-01 6.755247169211771041e-01
5.547951459884643555e-01 6.846475842217039087e-01 5.785848498344421387e-01 6.745559973523652664e-01
5.550635457038879395e-01 6.827230186662044398e-01 5.780630111694335938e-01 6.738252936611840438e-01
5.587314367294311523e-01 6.823910804421088327e-01 5.778543353080749512e-01 6.732192649345660751e-01
5.605206489562988281e-01 6.827169273253267390e-01 5.782717466354370117e-01 6.725929641718656482e-01
5.639649033546447754e-01 6.796333797397330345e-01 5.815069675445556641e-01 6.718451463959704828e-01
5.647253394126892090e-01 6.804137026224905682e-01 5.815069675445556641e-01 6.712975073796277892e-01
5.637412667274475098e-01 6.794863363075052121e-01 5.824462771415710449e-01 6.708157098111666716e-01
5.660225152969360352e-01 6.794512142839020941e-01 5.839073061943054199e-01 6.702861225796601374e-01
5.679012537002563477e-01 6.760526701533361438e-01 5.826549530029296875e-01 6.698325358360750492e-01
5.721954107284545898e-01 6.773003391064350565e-01 5.822375416755676270e-01 6.694533710837040630e-01
5.682143568992614746e-01 6.789234180551966258e-01 5.839073061943054199e-01 6.691812107394319309e-01
5.712560415267944336e-01 6.776343683561713016e-01 5.869338512420654297e-01 6.687827753114988782e-01
5.697351694107055664e-01 6.753646318228689882e-01 5.871425867080688477e-01 6.684183693459625486e-01
5.748792290687561035e-01 6.754025288804695881e-01 5.856814980506896973e-01 6.680518430549798881e-01
5.775630474090576172e-01 6.735600698802611808e-01 5.836986303329467773e-01 6.677483230661286351e-01
5.759080052375793457e-01 6.741000922277802232e-01 5.853683948516845703e-01 6.674778259539499992e-01
5.762658715248107910e-01 6.735257538684388257e-01 5.879774689674377441e-01 6.671032240858060236e-01
5.783234834671020508e-01 6.742059593657983019e-01 5.873512625694274902e-01 6.668402864997209356e-01
5.745213627815246582e-01 6.731252602034422106e-01 5.893341898918151855e-01 6.665455312426317169e-01
5.782340168952941895e-01 6.715190273040222424e-01 5.911083221435546875e-01 6.661559822315016310e-01
5.793523192405700684e-01 6.723611025610599645e-01 5.917345285415649414e-01 6.659212477320147761e-01
5.779656171798706055e-01 6.720877141960193146e-01 5.897516012191772461e-01 6.656838248652372503e-01
5.802469253540039062e-01 6.707039394069814753e-01 5.905865430831909180e-01 6.654771843948833476e-01
5.808731317520141602e-01 6.719932031239010950e-01 5.900647044181823730e-01 6.652689963933745565e-01
5.826623439788818359e-01 6.727296634295435451e-01 5.930911898612976074e-01 6.649868975499805268e-01
5.810967683792114258e-01 6.717326133872725258e-01 5.906908512115478516e-01 6.648412012302460372e-01
5.842726826667785645e-01 6.691730465119416493e-01 5.926737785339355469e-01 6.645295482367569173e-01
5.836464762687683105e-01 6.714297046194692697e-01 5.925694108009338379e-01 6.645251876052350459e-01
5.829307436943054199e-01 6.714110696735952066e-01 5.969526171684265137e-01 6.641685866259553483e-01
5.855251550674438477e-01 6.699312369497970598e-01 5.940304994583129883e-01 6.640351300348048547e-01
5.841385126113891602e-01 6.689871028318966628e-01 5.987268090248107910e-01 6.638134464394496170e-01
5.852567553520202637e-01 6.689513095121815134e-01 5.932999253273010254e-01 6.636929878161411667e-01
5.846752524375915527e-01 6.694975021935294368e-01 5.942391753196716309e-01 6.635259543647599179e-01
5.883432030677795410e-01 6.686219074449251121e-01 5.978918671607971191e-01 6.633456170969481702e-01
5.805600285530090332e-01 6.704663794802988575e-01 5.997704267501831055e-01 6.632394482735626262e-01
5.878511071205139160e-01 6.690588961306230820e-01 5.970569849014282227e-01 6.630480469728755599e-01
5.847647190093994141e-01 6.680703999254353764e-01 5.974744558334350586e-01 6.629402147432230663e-01
5.897745490074157715e-01 6.677453896081774198e-01 5.939261317253112793e-01 6.629236211509998977e-01
5.903560519218444824e-01 6.679674121322092262e-01 6.002922058105468750e-01 6.625675279122258399e-01
5.911164879798889160e-01 6.676578199976479500e-01 5.961177349090576172e-01 6.624378643586277260e-01
5.874038338661193848e-01 6.687278696368346154e-01 5.993529558181762695e-01 6.623041864427786640e-01
5.917874574661254883e-01 6.664863267937123359e-01 5.972657203674316406e-01 6.622155665032576355e-01
5.921005606651306152e-01 6.667864213136552864e-01 5.994573235511779785e-01 6.620528449894764744e-01
5.915190577507019043e-01 6.672042362121333170e-01 5.941348075866699219e-01 6.619214223586201706e-01
5.922794938087463379e-01 6.661074428038769035e-01 6.036317944526672363e-01 6.616888702649758036e-01
5.887904763221740723e-01 6.653314746115113198e-01 5.978918671607971191e-01 6.616209574965936646e-01
5.898640155792236328e-01 6.661183560208101540e-01 6.025881767272949219e-01 6.614111071214175963e-01
5.907586216926574707e-01 6.674541800409038439e-01 6.037361621856689453e-01 6.613414986375925064e-01
5.902218818664550781e-01 6.662421404494222044e-01 6.044667363166809082e-01 6.612991326364339173e-01
5.908480882644653320e-01 6.664342936664942041e-01 6.053016185760498047e-01 6.611354957291737389e-01
5.872696638107299805e-01 6.656894812879973200e-01 6.030056476593017578e-01 6.609376545640128775e-01
5.899534821510314941e-01 6.653325600047340638e-01 6.031100153923034668e-01 6.609229251627284363e-01
5.939792394638061523e-01 6.660920131673623290e-01 6.040492653846740723e-01 6.608852518547853050e-01
5.967972874641418457e-01 6.654497797533104331e-01 6.039448976516723633e-01 6.607092595802073198e-01
5.906691551208496094e-01 6.656879743537486016e-01 6.035274267196655273e-01 6.606363570533398955e-01
5.911611914634704590e-01 6.662254985105289240e-01 6.016489267349243164e-01 6.605798359878674031e-01
5.940687060356140137e-01 6.650443026003800551e-01 6.045710444450378418e-01 6.604372224885370901e-01
5.949186086654663086e-01 6.657864480202900781e-01 6.055103540420532227e-01 6.603446454027455115e-01
5.892825126647949219e-01 6.652669934344261904e-01 6.053016185760498047e-01 6.602321445282554047e-01
5.910717248916625977e-01 6.649501177807745078e-01 6.062408685684204102e-01 6.601387410391797994e-01
5.958132147789001465e-01 6.644405648392244235e-01 6.074932217597961426e-01 6.602110119508916020e-01
5.928609967231750488e-01 6.643811597937568925e-01 6.062408685684204102e-01 6.600234574700317713e-01
5.944712758064270020e-01 6.644876106392401116e-01 6.059277653694152832e-01 6.599478780339989026e-01
5.914295911788940430e-01 6.653020052176977783e-01 6.044667363166809082e-01 6.598490301439543515e-01
5.967525243759155273e-01 6.636680735098182682e-01 6.036317944526672363e-01 6.599176921443385968e-01
5.947843790054321289e-01 6.642641332030487789e-01 6.084324717521667480e-01 6.596857892076050112e-01
5.981839299201965332e-01 6.634961744821398222e-01 6.064496040344238281e-01 6.596221372195908428e-01
5.977813601493835449e-01 6.635213805921476027e-01 6.073888540267944336e-01 6.594232814069631576e-01
5.954553484916687012e-01 6.634755861377391595e-01 6.029012799263000488e-01 6.596677885551189835e-01
5.975577235221862793e-01 6.627610005127719806e-01 6.079106926918029785e-01 6.593134137614239387e-01
5.931740999221801758e-01 6.627504371385237736e-01 6.047797799110412598e-01 6.593394101076598401e-01
5.967525243759155273e-01 6.633915692583822743e-01 6.091629862785339355e-01 6.591590411651609971e-01
5.978260636329650879e-01 6.629382644917121148e-01 6.054059863090515137e-01 6.591003997369191403e-01
5.973787903785705566e-01 6.634865940353016356e-01 6.079106926918029785e-01 6.589787631038832583e-01
5.941134095191955566e-01 6.639892300119295543e-01 6.079106926918029785e-01 6.588740554465005728e-01
5.978260636329650879e-01 6.633423813277951053e-01 6.084324717521667480e-01 6.587783603448256198e-01
5.991680026054382324e-01 6.626416850781094992e-01 6.086412072181701660e-01 6.587355341027509859e-01
5.972445607185363770e-01 6.620696685697678996e-01 6.067627072334289551e-01 6.587304336321525566e-01
6.023439168930053711e-01 6.628984066663220487e-01 6.090586781501770020e-01 6.585065898629525183e-01
5.951422452926635742e-01 6.632153446974236033e-01 6.089543104171752930e-01 6.584852576454853779e-01
5.971551537513732910e-01 6.631611730442807939e-01 6.083281040191650391e-01 6.583757158784820929e-01
5.981839299201965332e-01 6.612078258999346536e-01 6.068670153617858887e-01 6.584545342316584504e-01
5.993469357490539551e-01 6.616548586774755325e-01 6.081193685531616211e-01 6.583769376803927376e-01
5.987654328346252441e-01 6.617493483670006116e-01 6.069713830947875977e-01 6.581907120683551105e-01
6.003757119178771973e-01 6.620779120766384640e-01 6.060321331024169922e-01 6.583950844022034010e-01
