5.003578662872314453e-01 7.294729227114500336e-01 5.180546641349792480e-01 6.919393681753306380e-01
5.068885087966918945e-01 7.142674879431404333e-01 5.423710942268371582e-01 6.863085372267324624e-01
5.206208825111389160e-01 7.080077180219989108e-01 5.601127147674560547e-01 6.829820232509795641e-01
5.260332822799682617e-01 7.048055102155852403e-01 5.655395388603210449e-01 6.809026383079683775e-01
5.343531966209411621e-01 6.988670836729533598e-01 5.647046566009521484e-01 6.793800272440965182e-01
5.441045165061950684e-01 6.950485430008653820e-01 5.688791275024414062e-01 6.778751883544595902e-01
5.449991226196289062e-01 6.927436260764128217e-01 5.688791275024414062e-01 6.765660918149587477e-01
5.492485165596008301e-01 6.911387006719033055e-01 5.700271129608154297e-01 6.757718149865751256e-01
5.483092069625854492e-01 6.897718007587153588e-01 5.711750984191894531e-01 6.747201750806467446e-01
5.523796677589416504e-01 6.889687583535658577e-01 5.710707306861877441e-01 6.741729584224934735e-01
5.547951459884643555e-01 6.874425146634771666e-01 5.724274516105651855e-01 6.734420969301612159e-01
5.587761402130126953e-01 6.843702826501645298e-01 5.729492902755737305e-01 6.727742682765307514e-01
5.635176301002502441e-01 6.826842377876463086e-01 5.726361870765686035e-01 6.723533021684628963e-01
5.605654120445251465e-01 6.836020099410731188e-01 5.772281289100646973e-01 6.717971459954846791e-01
5.669618844985961914e-01 6.820902042897405426e-01 5.818200707435607910e-01 6.713305970393798061e-01
5.687958598136901855e-01 6.809492908494163554e-01 5.823419094085693359e-01 6.708527494760775367e-01
5.681695938110351562e-01 6.810610370914119693e-01 5.817157030105590820e-01 6.706758999197499627e-01
5.673644542694091797e-01 6.795285555176966419e-01 5.822375416755676270e-01 6.702687542265826082e-01
5.680801868438720703e-01 6.788285062807491999e-01 5.838029384613037109e-01 6.696596665413239169e-01
5.686616301536560059e-01 6.776453429800727291e-01 5.833855271339416504e-01 6.695357193854277744e-01
5.670960545539855957e-01 6.791798281080928534e-01 5.842204093933105469e-01 6.689814691054898343e-01
5.707640051841735840e-01 6.777977006638875590e-01 5.840116739273071289e-01 6.687206952264825865e-01
5.732689499855041504e-01 6.759377590209475484e-01 5.844291448593139648e-01 6.684638854482432002e-01
5.734478235244750977e-01 6.768434824724277599e-01 5.840116739273071289e-01 6.682903730926521568e-01
5.762211680412292480e-01 6.755482018431177016e-01 5.857858657836914062e-01 6.678731354037845680e-01
5.739398598670959473e-01 6.738578357025087895e-01 5.858902335166931152e-01 6.677400591079338810e-01
5.758185982704162598e-01 6.749064137095691640e-01 5.856814980506896973e-01 6.676157674742650983e-01
5.755949020385742188e-01 6.752557758995748616e-01 5.856814980506896973e-01 6.673456195549835046e-01
5.739398598670959473e-01 6.752819972828305595e-01 5.864120125770568848e-01 6.671305405797502974e-01
5.702719688415527344e-01 6.741687253712114192e-01 5.862032771110534668e-01 6.666832107314235589e-01
5.830202102661132812e-01 6.719763150665623019e-01 5.903778076171875000e-01 6.664842364435229483e-01
5.763553380966186523e-01 6.730135098768914581e-01 5.874556303024291992e-01 6.663404804534092118e-01
5.760422348976135254e-01 6.727159986088155907e-01 5.873512625694274902e-01 6.660978025495322141e-01
5.808284282684326172e-01 6.715822195106679882e-01 5.891254544258117676e-01 6.656316873226552078e-01
5.821256041526794434e-01 6.716200509061112101e-01 5.917345285415649414e-01 6.655269728351849157e-01
5.806494951248168945e-01 6.711962932891081257e-01 5.918388366699218750e-01 6.652403416625644050e-01
5.800232887268066406e-01 6.711459912134424277e-01 5.946566462516784668e-01 6.651299325988377920e-01
5.819019675254821777e-01 6.706691171342730184e-01 5.958046317100524902e-01 6.650483234146148392e-01
5.783682465553283691e-01 6.698154386797495752e-01 5.926737785339355469e-01 6.646563345941565171e-01
5.856593251228332520e-01 6.671976490830411333e-01 5.954915285110473633e-01 6.645252254381978085e-01
5.815888643264770508e-01 6.702260842773777316e-01 5.985180735588073730e-01 6.644254857800594438e-01
5.814099311828613281e-01 6.694943169123542814e-01 5.953871607780456543e-01 6.641422822290808936e-01
5.875380039215087891e-01 6.675443365292763609e-01 5.977874994277954102e-01 6.641358232428499209e-01
5.874485373497009277e-01 6.684893511407681288e-01 5.937173962593078613e-01 6.637229864444545990e-01
5.873143672943115234e-01 6.664531130998884167e-01 5.963264703750610352e-01 6.637192505109138496e-01
5.852120518684387207e-01 6.682244784334175902e-01 5.944479107856750488e-01 6.634492666381457404e-01
5.871801972389221191e-01 6.658308914254189581e-01 5.935086607933044434e-01 6.631300051260581307e-01
5.890588760375976562e-01 6.675405033395337417e-01 5.965351462364196777e-01 6.628867690709010496e-01
5.874038338661193848e-01 6.663672678008619732e-01 5.994573235511779785e-01 6.626852702009630169e-01
5.901771187782287598e-01 6.653431621662596607e-01 5.953871607780456543e-01 6.624855563352461951e-01
5.913848876953125000e-01 6.659574284816304202e-01 5.952827930450439453e-01 6.622350577197376742e-01
5.847199559211730957e-01 6.668393818161999498e-01 5.976831316947937012e-01 6.621694979849799267e-01
5.892825126647949219e-01 6.656753437253311034e-01 6.039448976516723633e-01 6.621754382826594565e-01
5.863302946090698242e-01 6.659143808212661941e-01 5.981006026268005371e-01 6.617005963809204916e-01
5.870907306671142578e-01 6.656834911331761528e-01 6.007096767425537109e-01 6.615646910602726027e-01
5.886563062667846680e-01 6.647285953108110768e-01 6.029012799263000488e-01 6.614364092993452182e-01
5.902218818664550781e-01 6.642720299386492000e-01 5.975787639617919922e-01 6.610748370364074589e-01
5.877169370651245117e-01 6.651387801428859659e-01 6.034230589866638184e-01 6.610179442847802234e-01
5.907139182090759277e-01 6.627284347595095992e-01 6.036317944526672363e-01 6.607870071523002098e-01
5.911164879798889160e-01 6.633460157714007321e-01 5.977874994277954102e-01 6.604623526701770553e-01
5.923241972923278809e-01 6.625713570895616078e-01 6.012314558029174805e-01 6.601559138079073907e-01
5.916085243225097656e-01 6.633064154009632452e-01 5.987268090248107910e-01 6.598847366603524112e-01
5.942476391792297363e-01 6.635804059552813383e-01 6.054059863090515137e-01 6.597474728365129160e-01
5.970656871795654297e-01 6.609123720319054485e-01 6.032143831253051758e-01 6.595220412274438448e-01
5.943371057510375977e-01 6.616418806699034816e-01 6.038405299186706543e-01 6.594111492802519070e-01
5.971998572349548340e-01 6.610193177057861469e-01 6.038405299186706543e-01 6.591137423567073883e-01
5.908928513526916504e-01 6.626904046285939653e-01 6.026925444602966309e-01 6.588806665981271626e-01
5.960816144943237305e-01 6.612451727796825329e-01 6.020663976669311523e-01 6.586705677645162682e-01
5.962157845497131348e-01 6.613994341754896311e-01 6.017532944679260254e-01 6.585191770924627708e-01
5.968867540359497070e-01 6.611119725235375943e-01 6.031100153923034668e-01 6.582578896008163261e-01
5.955448150634765625e-01 6.608748772336707766e-01 6.001878380775451660e-01 6.581697229601549681e-01
6.003310084342956543e-01 6.602670643128698558e-01 6.018576622009277344e-01 6.579582073498906336e-01
5.967078208923339844e-01 6.589638140551795642e-01 6.017532944679260254e-01 6.575661889323858311e-01
5.980049967765808105e-01 6.597361227847058363e-01 6.023794412612915039e-01 6.572856312628156950e-01
5.961263179779052734e-01 6.603776081919264795e-01 6.029012799263000488e-01 6.573232826497852344e-01
5.991232991218566895e-01 6.582753058195668361e-01 6.020663976669311523e-01 6.570752046596428642e-01
5.984523296356201172e-01 6.595533525054325663e-01 6.010227799415588379e-01 6.568790292645316775e-01
5.971551537513732910e-01 6.586260728192768754e-01 6.045710444450378418e-01 6.566843305990656132e-01
5.969314575195312500e-01 6.596969570194721744e-01 6.038405299186706543e-01 6.563476449610718966e-01
5.984075665473937988e-01 6.583280353581122402e-01 6.042580008506774902e-01 6.563220809506762343e-01
5.995705723762512207e-01 6.587078292759315223e-01 6.032143831253051758e-01 6.562155053451846909e-01
6.009125113487243652e-01 6.583214333731834955e-01 6.043623685836791992e-01 6.559857967949391799e-01
6.010914444923400879e-01 6.573060578087570605e-01 6.048841476440429688e-01 6.557862492026677037e-01
6.007335782051086426e-01 6.582333880772763823e-01 6.039448976516723633e-01 6.556273164591891467e-01
6.005546450614929199e-01 6.574896403386226718e-01 6.072844862937927246e-01 6.555291409408889880e-01
6.003310084342956543e-01 6.577313171343377451e-01 6.065539717674255371e-01 6.555523960706312048e-01
6.030595898628234863e-01 6.569098600186907833e-01 6.068670153617858887e-01 6.552187245167314655e-01
5.998836755752563477e-01 6.578020365043240059e-01 6.065539717674255371e-01 6.550194441936280088e-01
6.026570200920104980e-01 6.563750713727708463e-01 6.050928831100463867e-01 6.549814000455155272e-01
6.015834808349609375e-01 6.569912274721206868e-01 6.069713830947875977e-01 6.551308259787824717e-01
6.027911901473999023e-01 6.564478577409752491e-01 6.065539717674255371e-01 6.548345571045983693e-01
6.036857962608337402e-01 6.558758894367835435e-01 6.059277653694152832e-01 6.547740799254551103e-01
6.041778326034545898e-01 6.557616931655407821e-01 6.065539717674255371e-01 6.545002707681634169e-01
6.045356988906860352e-01 6.558919516141266115e-01 6.077019572257995605e-01 6.544680499353728864e-01
5.999731421470642090e-01 6.561579445773916275e-01 6.087455749511718750e-01 6.549771834554415362e-01
6.037752628326416016e-01 6.558169522808454666e-01 6.067627072334289551e-01 6.544118108567253955e-01
6.044462323188781738e-01 6.552083527578994593e-01 6.079106926918029785e-01 6.543747661283433326e-01
6.041331291198730469e-01 6.560662175402228735e-01 6.075975894927978516e-01 6.541645406581891864e-01
6.052513718605041504e-01 6.542231796316350101e-01 6.094760894775390625e-01 6.543486228792385617e-01
6.060565114021301270e-01 6.548973665422564983e-01 6.094760894775390625e-01 6.538526084148866824e-01
