5.584183335304260254e-01 6.839600643311358752e-01 5.900647044181823730e-01 6.694199094018914442e-01
5.839595794677734375e-01 6.697728550056584185e-01 5.969526171684265137e-01 6.628104815700063268e-01
5.941134095191955566e-01 6.626510773794577203e-01 6.140680313110351562e-01 6.569487987717166355e-01
5.974682569503784180e-01 6.615633509265307355e-01 6.152160167694091797e-01 6.554897815094837821e-01
6.049830317497253418e-01 6.545887557140807056e-01 6.132331490516662598e-01 6.519231686037733065e-01
6.025675535202026367e-01 6.544896089384393267e-01 6.087455749511718750e-01 6.528352674052502191e-01
6.065933108329772949e-01 6.524248511148365015e-01 6.149029135704040527e-01 6.502641160013878929e-01
6.069064140319824219e-01 6.512404013819036441e-01 6.090586781501770020e-01 6.479040705393809274e-01
6.125425100326538086e-01 6.476300661327971664e-01 6.129200458526611328e-01 6.485441675317533683e-01
6.135265827178955078e-01 6.474678758475153062e-01 6.179294586181640625e-01 6.465607913394880724e-01
6.115136742591857910e-01 6.482888062475063995e-01 6.135462522506713867e-01 6.431136502649310582e-01
6.176865100860595703e-01 6.441016429373692675e-01 6.201210618019104004e-01 6.418418197163060501e-01
6.182233095169067383e-01 6.430927133342622115e-01 6.231475472450256348e-01 6.369240760952513680e-01
6.219806671142578125e-01 6.417936638762814505e-01 6.169902086257934570e-01 6.419477045871947452e-01
6.263642907142639160e-01 6.397898195361084728e-01 6.245042681694030762e-01 6.397305541634683568e-01
6.221148967742919922e-01 6.375594669131477987e-01 6.227301359176635742e-01 6.427678662659205289e-01
6.289139389991760254e-01 6.360931832561298460e-01 6.251304745674133301e-01 6.347952961324525578e-01
6.270799636840820312e-01 6.352394904896662142e-01 6.320183873176574707e-01 6.284681319991374249e-01
6.299427151679992676e-01 6.331606469121937586e-01 6.307660341262817383e-01 6.304294505290510831e-01
6.312399506568908691e-01 6.334776583373130654e-01 6.345230937004089355e-01 6.341074096014444050e-01
6.337001323699951172e-01 6.315773070807703116e-01 6.233562827110290527e-01 6.304552114674204510e-01
6.303453445434570312e-01 6.310154874458320240e-01 6.324357986450195312e-01 6.260105094539425430e-01
6.340579986572265625e-01 6.284102009818302026e-01 6.376539468765258789e-01 6.220038540675331129e-01
6.379048228263854980e-01 6.259450501993786276e-01 6.241911649703979492e-01 6.315684304359784340e-01
6.393361687660217285e-01 6.234659476002079037e-01 6.460029482841491699e-01 6.193255711835949917e-01
6.444802284240722656e-01 6.203857625100284157e-01 6.356710791587829590e-01 6.189777309798517591e-01
6.424226164817810059e-01 6.192694063859797149e-01 6.445418596267700195e-01 6.214642512527096541e-01
6.404544711112976074e-01 6.189598320080356153e-01 6.386975646018981934e-01 6.209542941658960924e-01
6.437197923660278320e-01 6.195163228448249404e-01 6.402630209922790527e-01 6.174642361048939820e-01
6.435408592224121094e-01 6.177660167953114012e-01 6.453767418861389160e-01 6.126568230326602249e-01
6.478797793388366699e-01 6.148935099112196045e-01 6.482989192008972168e-01 6.108512931789692457e-01
6.495348215103149414e-01 6.128034622602246406e-01 6.450636386871337891e-01 6.101658320382153944e-01
6.471640467643737793e-01 6.129964390004080110e-01 6.521602869033813477e-01 6.053459166211491160e-01
6.486849188804626465e-01 6.098876024619221958e-01 6.445418596267700195e-01 6.122293211900722287e-01
6.493111252784729004e-01 6.100297641361691614e-01 6.448549628257751465e-01 6.111755348700019796e-01
6.506978273391723633e-01 6.083417086486931913e-01 6.345230937004089355e-01 6.165295939459429775e-01
6.480587124824523926e-01 6.108195705348977711e-01 6.493425369262695312e-01 6.114021474746292872e-01
6.555287241935729980e-01 6.024247133085565142e-01 6.463159918785095215e-01 6.055832790497374107e-01
6.537842154502868652e-01 6.055072639107512700e-01 6.595700383186340332e-01 5.981840413787673505e-01
6.531132459640502930e-01 6.030112027823338883e-01 6.634314060211181641e-01 5.982559243315471731e-01
6.591071486473083496e-01 5.975334008172151767e-01 6.429764032363891602e-01 6.091688581633681876e-01
6.586598753929138184e-01 6.004670175953187305e-01 6.442287564277648926e-01 6.059134227078485369e-01
6.540078520774841309e-01 6.001142525655849269e-01 6.541432142257690430e-01 6.024082083464216142e-01
6.589282751083374023e-01 5.985666096029180760e-01 6.445418596267700195e-01 6.085774531023060430e-01
6.608069539070129395e-01 5.959571754704180435e-01 6.589438319206237793e-01 5.917742837945894063e-01
6.651011109352111816e-01 5.923674835738992339e-01 6.624921560287475586e-01 5.972394964760167069e-01
6.627750992774963379e-01 5.926581519749365423e-01 6.637445092201232910e-01 5.918829033255851302e-01
6.643853783607482910e-01 5.890422955270017136e-01 6.668753623962402344e-01 5.945664844416397310e-01
6.634907722473144531e-01 5.907090338382594563e-01 6.681277155876159668e-01 5.915844763303146348e-01
6.668903231620788574e-01 5.860799145860650095e-01 6.571696996688842773e-01 5.943063475896062098e-01
6.669350266456604004e-01 5.881656595474280547e-01 6.470465660095214844e-01 6.021819284752997214e-01
6.655931472778320312e-01 5.860518433792174520e-01 6.605092883110046387e-01 5.921086085611533267e-01
6.727052927017211914e-01 5.828957994501670070e-01 6.681277155876159668e-01 5.939731588072031387e-01
6.745840311050415039e-01 5.816789573389422596e-01 6.689626574516296387e-01 5.844837282202085538e-01
6.727500557899475098e-01 5.794787060214103835e-01 6.621791124343872070e-01 5.895669073382739933e-01
6.728395223617553711e-01 5.798548861316927816e-01 6.615529060363769531e-01 5.907641085297448136e-01
6.751654744148254395e-01 5.779306164451608607e-01 6.552911996841430664e-01 6.039301150403971752e-01
6.749866008758544922e-01 5.766958483836586158e-01 6.713629961013793945e-01 5.831121351842815104e-01
6.736893653869628906e-01 5.761815987901965919e-01 6.692757010459899902e-01 5.807914066055924751e-01
6.779388189315795898e-01 5.759132042684501629e-01 6.715716719627380371e-01 5.854431112831257611e-01
6.814277768135070801e-01 5.706579226525232418e-01 6.710498929023742676e-01 5.828075678779993662e-01
6.792807579040527344e-01 5.684103884921344330e-01 6.749113202095031738e-01 5.810423701771414429e-01
6.793254613876342773e-01 5.702159615594472042e-01 6.678146719932556152e-01 5.828794618907937597e-01
6.782072186470031738e-01 5.685608949126317313e-01 6.733458638191223145e-01 5.834865160511919502e-01
6.837985515594482422e-01 5.655285137820316166e-01 6.744938492774963379e-01 5.770646365418908852e-01
6.804884672164916992e-01 5.693498736930290294e-01 6.703193783760070801e-01 5.797457553678005970e-01
6.844247579574584961e-01 5.626332630068570095e-01 6.787726879119873047e-01 5.763275423395287644e-01
6.825460791587829590e-01 5.634892309345485018e-01 6.762679815292358398e-01 5.754382308254508693e-01
6.862587332725524902e-01 5.661561190068860050e-01 6.759549379348754883e-01 5.805211264388940862e-01
6.810252070426940918e-01 5.677070860402873009e-01 6.752243638038635254e-01 5.771834222291561955e-01
6.867507696151733398e-01 5.662964137088081218e-01 6.779378056526184082e-01 5.724481059822651430e-01
6.832170486450195312e-01 5.626430219370257557e-01 6.784595847129821777e-01 5.739762549782515544e-01
6.898371577262878418e-01 5.571757011218197997e-01 6.790857911109924316e-01 5.689581190337967831e-01
6.854535937309265137e-01 5.595974278569456617e-01 6.797119379043579102e-01 5.738095992220092478e-01
6.893004179000854492e-01 5.561864022642112326e-01 6.725109815597534180e-01 5.800274730325865047e-01
6.905975937843322754e-01 5.546195696826740074e-01 6.798163056373596191e-01 5.682769044907151068e-01
6.854982972145080566e-01 5.564156697226841919e-01 6.796075701713562012e-01 5.743793745524597982e-01
6.897029876708984375e-01 5.533480097663532327e-01 6.678146719932556152e-01 5.853192911992065595e-01
6.883163452148437500e-01 5.541842244812106300e-01 6.804425120353698730e-01 5.739550289070648459e-01
6.922526359558105469e-01 5.529670357960113636e-01 6.826341152191162109e-01 5.706292773507328775e-01
6.904634237289428711e-01 5.535067668390265538e-01 6.693800687789916992e-01 5.728756645556357663e-01
6.908212304115295410e-01 5.523508300634504264e-01 6.749113202095031738e-01 5.719805760439341524e-01
6.901950240135192871e-01 5.527263090273074608e-01 6.764767169952392578e-01 5.677041249045298166e-01
6.965467929840087891e-01 5.476546003377422700e-01 6.779378056526184082e-01 5.727186211711602359e-01
6.942655444145202637e-01 5.504369862840222671e-01 6.695888042449951172e-01 5.730569312378898106e-01
6.923421025276184082e-01 5.518451677300375557e-01 6.815904974937438965e-01 5.773276898786783295e-01
6.925657391548156738e-01 5.506557270012679695e-01 6.755374670028686523e-01 5.684840474514890607e-01
6.940418481826782227e-01 5.493905376419652153e-01 6.776247024536132812e-01 5.775245033084811519e-01
6.936840415000915527e-01 5.503285020125916471e-01 6.760593056678771973e-01 5.716723051132873712e-01
7.015566229820251465e-01 5.427003536439364284e-01 6.831558942794799805e-01 5.675127549177418906e-01
6.931472420692443848e-01 5.515421618074098919e-01 6.887915134429931641e-01 5.633307355874964673e-01
7.001699805259704590e-01 5.431983156629955900e-01 6.883740425109863281e-01 5.612469208536603471e-01
6.981570720672607422e-01 5.434120385308537360e-01 6.718847751617431641e-01 5.786009800381860524e-01
6.948917508125305176e-01 5.477473180608429804e-01 6.869129538536071777e-01 5.597221639852537622e-01
7.009751200675964355e-01 5.400241306673160269e-01 6.856606006622314453e-01 5.667985901532006654e-01
6.967704296112060547e-01 5.440442601562420766e-01 6.882696747779846191e-01 5.618035461752829418e-01
7.016460895538330078e-01 5.378768892509179222e-01 6.944270730018615723e-01 5.585039340237988315e-01
7.027643322944641113e-01 5.380810778444750087e-01 6.910874843597412109e-01 5.575969559841279510e-01
7.001252174377441406e-01 5.377076208474149688e-01 6.832602620124816895e-01 5.636195910173525947e-01
7.007514834403991699e-01 5.407616805733796994e-01 6.789814233779907227e-01 5.716835917398392919e-01
