5.062175989151000977e-01 4.393731932634530324e+00 5.017741322517395020e-01 6.932532912479066889e-01
5.018786787986755371e-01 8.696089841573391155e-01 5.011479854583740234e-01 7.062179489763762419e-01
5.032206177711486816e-01 1.351668081827039236e+00 5.021916031837463379e-01 6.931746570582778544e-01
5.004025697708129883e-01 1.554579628817103876e+00 5.009392499923706055e-01 6.977017967991081537e-01
4.969583153724670410e-01 8.739414193651974250e-01 5.009392499923706055e-01 6.958191165021355706e-01
4.955716729164123535e-01 8.325019289713935233e-01 4.987476468086242676e-01 3.133754188634736693e+01
5.066648721694946289e-01 1.481414689384647376e+00 5.009392499923706055e-01 5.473676120381443688e+00
5.012971758842468262e-01 9.424172370778062247e-01 4.990607500076293945e-01 6.982026907452658637e-01
4.984344244003295898e-01 8.353733902413509327e-01 5.001043677330017090e-01 7.291136931163785251e-01
5.022812485694885254e-01 9.754528572636568251e-01 4.990607500076293945e-01 7.388590762123039557e-01
4.963768124580383301e-01 7.857697589663192872e-01 5.017741322517395020e-01 6.931359916832122714e-01
4.949454367160797119e-01 7.207702571920427959e-01 4.990607500076293945e-01 6.952096968422700751e-01
4.999552667140960693e-01 1.167175179561021903e+00 4.990607500076293945e-01 6.947504286352017555e-01
5.002683997154235840e-01 7.014134896208933379e-01 5.009392499923706055e-01 6.963706990916602724e-01
5.029969811439514160e-01 7.570239953479436235e-01 4.990607500076293945e-01 1.009065345666822155e+00
4.983002245426177979e-01 7.274126936357463435e-01 5.012523531913757324e-01 6.929959268889430701e-01
5.028180480003356934e-01 7.380816013575410839e-01 5.009392499923706055e-01 6.931758964143847068e-01
5.040257573127746582e-01 7.234264587989154283e-01 4.990607500076293945e-01 6.937238970397037185e-01
5.089461207389831543e-01 1.032481450538853762e+00 5.009392499923706055e-01 6.931751093991835866e-01
4.991501271724700928e-01 7.044753271131231065e-01 4.990607500076293945e-01 7.018708525980920099e-01
5.069779753684997559e-01 7.486926846500798760e-01 4.990607500076293945e-01 6.999192490778743947e-01
4.971819519996643066e-01 7.072539440441012459e-01 4.990607500076293945e-01 6.950662575368218299e-01
4.943192005157470703e-01 7.266473871029047737e-01 5.009392499923706055e-01 6.968061332164191546e-01
4.978081881999969482e-01 7.275733423800391231e-01 5.009392499923706055e-01 7.373692953146168128e-01
4.991053938865661621e-01 7.227541275561057965e-01 4.990607500076293945e-01 6.951697596775119337e-01
4.983449578285217285e-01 7.508676718099959180e-01 5.012523531913757324e-01 6.935841180391935090e-01
5.006262063980102539e-01 7.625917406260466214e-01 5.009392499923706055e-01 6.988823629450733321e-01
4.947665035724639893e-01 7.101153707457348307e-01 4.990607500076293945e-01 6.940607017874593776e-01
5.015208721160888672e-01 7.339241923895989395e-01 5.009392499923706055e-01 6.969639990603940793e-01
4.929772913455963135e-01 7.285827667155617693e-01 4.990607500076293945e-01 6.932388148086848778e-01
5.032206177711486816e-01 7.299075413206690399e-01 5.009392499923706055e-01 6.962665523847740845e-01
5.032206177711486816e-01 7.142541333459788699e-01 5.009392499923706055e-01 6.964359897657517173e-01
5.019234418869018555e-01 7.284713036089597304e-01 5.009392499923706055e-01 6.950845518581952875e-01
5.046967267990112305e-01 7.168011329301591239e-01 4.990607500076293945e-01 6.931821262381117066e-01
4.968688488006591797e-01 7.549669718482153735e-01 4.988520145416259766e-01 7.581164676519556167e-01
4.966451823711395264e-01 7.267233838674995727e-01 5.009392499923706055e-01 6.931554888837946349e-01
4.968688488006591797e-01 7.106891717034560241e-01 4.990607500076293945e-01 7.190358076307574731e-01
4.980765879154205322e-01 8.066526554547560623e-01 5.009392499923706055e-01 6.937730837231562697e-01
4.952138066291809082e-01 7.074027806813739661e-01 5.009392499923706055e-01 6.931458295225176869e-01
4.978081881999969482e-01 7.359696721471812308e-01 4.990607500076293945e-01 6.939150434126561962e-01
4.940508008003234863e-01 7.361012775711561762e-01 5.009392499923706055e-01 6.992654354033354114e-01
5.024154782295227051e-01 7.126458195949799679e-01 4.990607500076293945e-01 6.969786397949486734e-01
5.017445087432861328e-01 7.201666685011545166e-01 5.009392499923706055e-01 6.931465871770504661e-01
4.912327826023101807e-01 7.380906735492064330e-01 4.990607500076293945e-01 6.934171592460198763e-01
5.023260116577148438e-01 7.122873952807243780e-01 4.990607500076293945e-01 7.005567765638988087e-01
5.002236366271972656e-01 7.356312692986551882e-01 5.009392499923706055e-01 6.999087370753263038e-01
4.937824308872222900e-01 7.260951423691943685e-01 4.990607500076293945e-01 6.970784975302490860e-01
5.028180480003356934e-01 7.350282470065294671e-01 5.009392499923706055e-01 6.943067825927885517e-01
5.003578662872314453e-01 7.114692783607398097e-01 4.990607500076293945e-01 6.976415425619882926e-01
4.976292848587036133e-01 7.371433824007488367e-01 4.990607500076293945e-01 7.112957422655177275e-01
4.993737637996673584e-01 7.183360037660316832e-01 5.009392499923706055e-01 6.936829877755656959e-01
5.001789331436157227e-01 7.287826860371205973e-01 4.990607500076293945e-01 6.977267833000880826e-01
4.994184970855712891e-01 7.292654875097345224e-01 5.009392499923706055e-01 6.951921355174444095e-01
4.966451823711395264e-01 7.131792464843268453e-01 4.990607500076293945e-01 6.948228260839292014e-01
4.997763335704803467e-01 7.246799743395198057e-01 5.009392499923706055e-01 7.083374718314943141e-01
4.974950850009918213e-01 7.248262791391305582e-01 5.009392499923706055e-01 7.015381206477815379e-01
5.025944113731384277e-01 7.129140340763590045e-01 4.990607500076293945e-01 7.020688670907232476e-01
4.959295094013214111e-01 7.295909201891952467e-01 5.009392499923706055e-01 6.933007923801814965e-01
5.028180480003356934e-01 7.184665026061541893e-01 4.990607500076293945e-01 1.091385800563276387e+00
4.953480064868927002e-01 7.323724875127636258e-01 5.009392499923706055e-01 7.143216627521471462e-01
4.982554912567138672e-01 7.265086671409805019e-01 5.009392499923706055e-01 7.048333933547005214e-01
5.011630058288574219e-01 7.175775702384871169e-01 4.990607500076293945e-01 6.931919382499817095e-01
4.986580908298492432e-01 7.327242434547377448e-01 4.990607500076293945e-01 6.939679652209870264e-01
5.005367398262023926e-01 7.141423141578800982e-01 4.990607500076293945e-01 6.976060609159626669e-01
4.990159273147583008e-01 7.098892242393589624e-01 5.009392499923706055e-01 7.710822210807537491e-01
5.024154782295227051e-01 7.188527743725513508e-01 4.990607500076293945e-01 6.938522542799422377e-01
4.932009279727935791e-01 7.299200268353988053e-01 5.009392499923706055e-01 6.952735623296181222e-01
5.026391148567199707e-01 7.073830799652054413e-01 5.009392499923706055e-01 7.102770186047842049e-01
5.050098299980163574e-01 7.207835898200564140e-01 4.990607500076293945e-01 6.933096510412001257e-01
4.999552667140960693e-01 7.193904908660230246e-01 5.009392499923706055e-01 6.932428394347286416e-01
4.970477819442749023e-01 7.210005558567282868e-01 4.990607500076293945e-01 6.931544051392295458e-01
5.029969811439514160e-01 7.305578530037375451e-01 5.009392499923706055e-01 6.933134632005096831e-01
4.987475275993347168e-01 7.149076222797522417e-01 5.009392499923706055e-01 6.931518737893093141e-01
4.997316300868988037e-01 7.327974005789764655e-01 4.990607500076293945e-01 6.965360901619989109e-01
5.030864477157592773e-01 7.128372258183610644e-01 4.990607500076293945e-01 6.931714288154789960e-01
4.990606606006622314e-01 7.502058114897141028e-01 4.990607500076293945e-01 6.938085041098892569e-01
4.960637092590332031e-01 7.179281191784061544e-01 4.990607500076293945e-01 6.931663961356777648e-01
5.019681453704833984e-01 7.347383980120544278e-01 4.990607500076293945e-01 6.952805595118276560e-01
4.966004788875579834e-01 7.150711986796334241e-01 5.009392499923706055e-01 6.931602266257302913e-01
5.038021206855773926e-01 7.065949522013483808e-01 4.990607500076293945e-01 6.998387858927859195e-01
5.025944113731384277e-01 7.245968389455652581e-01 5.009392499923706055e-01 6.946247947711183812e-01
5.025496482849121094e-01 7.199064298976318721e-01 4.990607500076293945e-01 6.972911614163438410e-01
4.944981336593627930e-01 7.241738040388793207e-01 4.990607500076293945e-01 6.953631796609930360e-01
5.038468241691589355e-01 7.147033256587753680e-01 5.009392499923706055e-01 6.969225028192690408e-01
5.010735392570495605e-01 8.241495373083111975e-01 4.990607500076293945e-01 7.381930136526334563e-01
4.950349032878875732e-01 7.116837455241362687e-01 5.009392499923706055e-01 6.940975257012222954e-01
4.997763335704803467e-01 7.134022139270097540e-01 5.013567209243774414e-01 6.943599162333644603e-01
4.987027943134307861e-01 7.440511010951146309e-01 5.009392499923706055e-01 7.069843100172770178e-01
4.968688488006591797e-01 7.518285300164726515e-01 4.990607500076293945e-01 6.990087666060674776e-01
4.999552667140960693e-01 7.145339791261567930e-01 5.009392499923706055e-01 6.944314922551924063e-01
4.973608851432800293e-01 7.452666827637983715e-01 4.990607500076293945e-01 6.935162991627450424e-01
5.063070058822631836e-01 7.226638619151946052e-01 5.002087354660034180e-01 7.037510648571955185e-01
4.992842972278594971e-01 7.116206726547558148e-01 4.990607500076293945e-01 6.934972612948886450e-01
4.988817274570465088e-01 7.381552002002950141e-01 4.990607500076293945e-01 6.932565525338983958e-01
4.991501271724700928e-01 7.495730084177631980e-01 4.990607500076293945e-01 6.931654657010767329e-01
5.031311511993408203e-01 7.166190031901905622e-01 5.009392499923706055e-01 8.873862263007293860e-01
4.960189759731292725e-01 7.204094540136490865e-01 5.009392499923706055e-01 7.194491441203566540e-01
4.991053938865661621e-01 7.119959094674115363e-01 4.990607500076293945e-01 6.934251507720478047e-01
5.001789331436157227e-01 7.162423328586331461e-01 5.009392499923706055e-01 7.534547496304784264e-01
5.053676962852478027e-01 7.350798297875424936e-01 5.009392499923706055e-01 6.980719917180319145e-01
