4.950796067714691162e-01 8.013497808683875956e-01 4.902943074703216553e-01 7.216236074417176072e-01
4.915458858013153076e-01 7.747622629913197834e-01 4.920684695243835449e-01 7.116736555567267919e-01
5.036231875419616699e-01 7.640202761464265357e-01 4.990607500076293945e-01 7.071632875129191254e-01
4.984344244003295898e-01 7.577570251604592855e-01 4.993738234043121338e-01 7.049137298161588516e-01
5.039362907409667969e-01 7.526558573097976712e-01 5.022959709167480469e-01 7.033905470030363816e-01
4.980318546295166016e-01 7.501152129202286467e-01 5.015654563903808594e-01 7.021698341492047524e-01
5.027732849121093750e-01 7.468226942121929390e-01 5.032352209091186523e-01 7.010207388202474021e-01
5.080515146255493164e-01 7.437399440213550150e-01 5.012523531913757324e-01 6.999109018647677871e-01
5.014314055442810059e-01 7.414675425450817370e-01 5.062617659568786621e-01 6.988741683079140454e-01
5.044283270835876465e-01 7.365349301670761628e-01 5.061573982238769531e-01 6.979691830365151173e-01
5.078278779983520508e-01 7.337575639631565005e-01 5.056355595588684082e-01 6.971126980060974310e-01
5.097065567970275879e-01 7.323377159184005780e-01 5.076184272766113281e-01 6.964733557446319834e-01
5.012077093124389648e-01 7.318324816421055701e-01 5.098100900650024414e-01 6.957107262580535245e-01
5.128824710845947266e-01 7.276753456141659138e-01 5.106449723243713379e-01 6.949320376802650134e-01
5.111826658248901367e-01 7.267523303529319634e-01 5.102275013923645020e-01 6.944786317287270361e-01
5.042046904563903809e-01 7.296944183918503413e-01 5.189939737319946289e-01 6.938860604146457334e-01
5.151637196540832520e-01 7.219149942985906288e-01 5.188896059989929199e-01 6.933058433108726382e-01
5.108248591423034668e-01 7.227137500643836532e-01 5.242120623588562012e-01 6.927625352792415869e-01
5.080962777137756348e-01 7.230769386976599877e-01 5.248382091522216797e-01 6.923388570789702490e-01
5.141348838806152344e-01 7.194705800243130778e-01 5.298476219177246094e-01 6.920411449413264027e-01
5.156557559967041016e-01 7.199938673733342620e-01 5.291171073913574219e-01 6.918245867109328318e-01
5.155662894248962402e-01 7.185386244609544004e-01 5.278647541999816895e-01 6.914953246566503120e-01
5.094381570816040039e-01 7.195719793308269496e-01 5.270298719406127930e-01 6.912389898743068750e-01
5.174449682235717773e-01 7.155860337722192988e-01 5.269255042076110840e-01 6.910122708745799480e-01
5.142243504524230957e-01 7.161841585120397591e-01 5.266124010086059570e-01 6.907355972979566383e-01
5.167292952537536621e-01 7.120102863871448085e-01 5.256731510162353516e-01 6.906189199803741685e-01
5.149847865104675293e-01 7.145605745394896235e-01 5.268211364746093750e-01 6.904376212999682183e-01
5.156109929084777832e-01 7.129456294758158563e-01 5.271342396736145020e-01 6.902216781009291591e-01
5.192341804504394531e-01 7.122722350328888341e-01 5.275516510009765625e-01 6.900984784228596514e-01
5.151189565658569336e-01 7.129535304346117375e-01 5.297432541847229004e-01 6.898395637832884786e-01
5.159241557121276855e-01 7.107653461088753177e-01 5.312043428421020508e-01 6.895710795315340702e-01
5.194131135940551758e-01 7.116804113753218974e-01 5.315174460411071777e-01 6.894724651583299391e-01
5.179370045661926270e-01 7.081312641813367614e-01 5.323523283004760742e-01 6.892837923843561088e-01
5.190553069114685059e-01 7.092764117376900712e-01 5.316218137741088867e-01 6.891888063303789336e-01
5.108695626258850098e-01 7.124346532320844361e-01 5.321435928344726562e-01 6.890354502477269438e-01
5.209786891937255859e-01 7.078093720433706881e-01 5.308912396430969238e-01 6.888745198840016126e-01
5.161477923393249512e-01 7.088323328933981982e-01 5.321435928344726562e-01 6.888015541321697022e-01
5.203077197074890137e-01 7.072774326573076920e-01 5.328741669654846191e-01 6.886625051672586872e-01
5.191000103950500488e-01 7.066863605152368111e-01 5.320392251014709473e-01 6.885604569394910834e-01
5.245571732521057129e-01 7.040781656239833985e-01 5.317261815071105957e-01 6.884398185194123831e-01
5.288960337638854980e-01 7.049482867060374858e-01 5.333959460258483887e-01 6.883336869567053817e-01
5.199946165084838867e-01 7.052576831552119785e-01 5.385097265243530273e-01 6.883135722863402695e-01
5.245571732521057129e-01 7.052038666344132567e-01 5.390315055847167969e-01 6.882698079211506670e-01
5.197262763977050781e-01 7.058431757735660339e-01 5.339177846908569336e-01 6.882290331064796485e-01
5.232599973678588867e-01 7.060304612673167224e-01 5.356919169425964355e-01 6.881295708942154477e-01
5.222311615943908691e-01 7.049784162620842398e-01 5.350657701492309570e-01 6.881005658383808621e-01
5.305958390235900879e-01 7.028011796427106050e-01 5.371530055999755859e-01 6.880452729072682461e-01
5.182054042816162109e-01 7.052799210733539104e-01 5.385097265243530273e-01 6.880377631076963763e-01
5.281803607940673828e-01 7.017940528108259635e-01 5.397620797157287598e-01 6.879425939352122876e-01
5.271068215370178223e-01 7.020525558729848736e-01 5.395533442497253418e-01 6.878590251752016993e-01
5.275540947914123535e-01 7.036342144993598113e-01 5.423710942268371582e-01 6.878283424433176974e-01
5.220522284507751465e-01 7.028068922930655882e-01 5.442496538162231445e-01 6.877247981277693212e-01
5.214707255363464355e-01 7.029349207771466990e-01 5.451889038085937500e-01 6.875038256453114283e-01
5.252728462219238281e-01 7.015200979297117057e-01 5.450845360755920410e-01 6.875051362881254846e-01
5.253176093101501465e-01 7.023812207793438400e-01 5.461281538009643555e-01 6.874831430450707437e-01
5.301038026809692383e-01 7.011603627825150342e-01 5.459194183349609375e-01 6.874549953083085585e-01
5.298354029655456543e-01 7.002813315579238251e-01 5.466499924659729004e-01 6.874054874365624901e-01
5.265700221061706543e-01 7.004977871425080993e-01 5.465456247329711914e-01 6.873109247360515983e-01
5.241546034812927246e-01 7.031582096732564846e-01 5.470674037933349609e-01 6.872034435903222604e-01
5.288960337638854980e-01 6.998468395165924338e-01 5.469630360603332520e-01 6.871464484869077571e-01
5.244230031967163086e-01 7.015227715750247395e-01 5.473805069923400879e-01 6.870353256852411716e-01
5.312220454216003418e-01 7.000332080756941355e-01 5.481110215187072754e-01 6.869696406700048774e-01
5.263016819953918457e-01 7.001951308066142188e-01 5.497808456420898438e-01 6.869044522481729809e-01
5.250939130783081055e-01 7.019571759957152768e-01 5.446670651435852051e-01 6.868229474684959257e-01
5.250492095947265625e-01 7.010200081773383385e-01 5.440409183502197266e-01 6.868107951376637432e-01
5.333691239356994629e-01 6.982577127876254952e-01 5.458150506019592285e-01 6.868340762441329517e-01
5.263911485671997070e-01 7.002017311918476983e-01 5.443540215492248535e-01 6.868923740779101506e-01
5.307747125625610352e-01 6.986762646763668982e-01 5.452932715415954590e-01 6.867518537578490845e-01
5.250044465065002441e-01 7.001236629605528394e-01 5.457106828689575195e-01 6.867638576306920317e-01
5.307300090789794922e-01 7.000049884597865368e-01 5.473805069923400879e-01 6.866364055823444001e-01
5.312220454216003418e-01 6.986497927275129305e-01 5.471717715263366699e-01 6.865476986556231509e-01
5.258096456527709961e-01 6.999346427786091729e-01 5.466499924659729004e-01 6.865291782819858968e-01
5.272409915924072266e-01 6.984585540668762915e-01 5.473805069923400879e-01 6.864250341752604623e-01
5.278224945068359375e-01 6.989691746450319432e-01 5.483197569847106934e-01 6.863888074649546756e-01
5.285382270812988281e-01 6.982888076104467601e-01 5.499895811080932617e-01 6.862910507094061030e-01
5.326086878776550293e-01 6.977532084949286117e-01 5.493633747100830078e-01 6.863877995107249275e-01
5.326534509658813477e-01 6.966832500170415665e-01 5.553120374679565430e-01 6.863104758270596184e-01
5.321614146232604980e-01 6.984932104191939883e-01 5.561469197273254395e-01 6.862004655334601466e-01
5.333691239356994629e-01 6.974406988255174022e-01 5.562512874603271484e-01 6.862350772577197056e-01
5.281355977058410645e-01 6.991313772586318365e-01 5.559382438659667969e-01 6.862665149693298883e-01
5.358740091323852539e-01 6.959638103408151144e-01 5.573992729187011719e-01 6.861885834203038659e-01
5.319824814796447754e-01 6.976678513375734747e-01 5.567731261253356934e-01 6.862114181699695559e-01
5.343084335327148438e-01 6.959581267515904113e-01 5.563556551933288574e-01 6.862270521659787903e-01
5.334585905075073242e-01 6.962518363865783932e-01 5.560425519943237305e-01 6.862055653820106071e-01
5.313562154769897461e-01 6.968074124536396408e-01 5.548945665359497070e-01 6.862018206651512298e-01
5.352478027343750000e-01 6.959260782864464812e-01 5.548945665359497070e-01 6.861614301020056983e-01
5.321166515350341797e-01 6.954622673399654120e-01 5.555207729339599609e-01 6.860153480875942344e-01
5.316246151924133301e-01 6.981184255950969586e-01 5.555207729339599609e-01 6.859993556301720030e-01
5.365002751350402832e-01 6.970672916696288857e-01 5.553120374679565430e-01 6.858715181857304444e-01
5.355162024497985840e-01 6.959460436988547105e-01 5.538509488105773926e-01 6.859087957218180653e-01
5.321614146232604980e-01 6.965343060402180431e-01 5.538509488105773926e-01 6.858260114514934669e-01
5.332349538803100586e-01 6.959084796978036724e-01 5.540596842765808105e-01 6.858184750158238252e-01
5.369475483894348145e-01 6.953933202403456137e-01 5.547902584075927734e-01 6.858172571950206242e-01
5.331454873085021973e-01 6.957213962455622847e-01 5.552076697349548340e-01 6.857721927618338764e-01
5.317140817642211914e-01 6.965319011117120374e-01 5.551033020019531250e-01 6.857103043795875763e-01
5.343979001045227051e-01 6.955331062818388421e-01 5.568774938583374023e-01 6.856446945824022920e-01
5.343979001045227051e-01 6.962126039887054363e-01 5.566687583923339844e-01 6.856377255167649398e-01
5.335480570793151855e-01 6.941140534669176798e-01 5.577123761177062988e-01 6.854943395581580834e-01
5.346215963363647461e-01 6.938989514697960770e-01 5.578167438507080078e-01 6.855639125603619766e-01
5.328770875930786133e-01 6.958380012525857694e-01 5.572949051856994629e-01 6.855823357949747399e-01
