5.558686852455139160e-01 6.888958371203878217e-01 5.854727625846862793e-01 6.733529672720217629e-01
5.790839195251464844e-01 6.716422953510097216e-01 5.908995866775512695e-01 6.650173428834442735e-01
5.867776274681091309e-01 6.668555512797706974e-01 6.047797799110412598e-01 6.612667616536835880e-01
5.915190577507019043e-01 6.638784245827006325e-01 5.822375416755676270e-01 6.677997972317812891e-01
5.937108397483825684e-01 6.611499880758971992e-01 5.964307785034179688e-01 6.592004586052382376e-01
5.985864996910095215e-01 6.582657750166044375e-01 6.018576622009277344e-01 6.554381801723264678e-01
6.039541959762573242e-01 6.557972356957002535e-01 6.111459136009216309e-01 6.525888659839116368e-01
6.042225956916809082e-01 6.538449629706674093e-01 6.159465909004211426e-01 6.500349478367299927e-01
6.086509227752685547e-01 6.510305956877884270e-01 6.190774440765380859e-01 6.497555394258262007e-01
6.123635768890380859e-01 6.512176874904390678e-01 6.181381940841674805e-01 6.455637093278068228e-01
6.106638312339782715e-01 6.499797957786871416e-01 6.115633249282836914e-01 6.498073951681977434e-01
6.120057106018066406e-01 6.477926787589526336e-01 6.111459136009216309e-01 6.466118441671101502e-01
6.124977469444274902e-01 6.464308101219277125e-01 6.248173713684082031e-01 6.430232158485520433e-01
6.176418066024780273e-01 6.453434064448423380e-01 6.223126649856567383e-01 6.394835544065452515e-01
6.173734068870544434e-01 6.422471191956032888e-01 6.218951940536499023e-01 6.379823374041583284e-01
6.167024374008178711e-01 6.413122657843108865e-01 6.143811345100402832e-01 6.417021231247224122e-01
6.261853575706481934e-01 6.383325466317937291e-01 6.254435181617736816e-01 6.355847050491242323e-01
6.298085451126098633e-01 6.359921619149435656e-01 6.301398277282714844e-01 6.292283589868300497e-01
6.266773939132690430e-01 6.362975075624991428e-01 6.260697245597839355e-01 6.325607467508843618e-01
6.242172122001647949e-01 6.347737808862298214e-01 6.221039295196533203e-01 6.314639015427663260e-01
6.322687268257141113e-01 6.302046385278938789e-01 6.266958713531494141e-01 6.293427126936612659e-01
6.297190785408020020e-01 6.316229882767554482e-01 6.256522536277770996e-01 6.312685638970956248e-01
6.293612718582153320e-01 6.295603953633843730e-01 6.366103291511535645e-01 6.261868611727694489e-01
6.316872239112854004e-01 6.299665064435457928e-01 6.362972259521484375e-01 6.255132127494907879e-01
6.353998780250549316e-01 6.260867345565588327e-01 6.383844614028930664e-01 6.232454468601308362e-01
6.352657079696655273e-01 6.258009507396307125e-01 6.414110064506530762e-01 6.205976212156563143e-01
6.383073925971984863e-01 6.240412122684123597e-01 6.400542855262756348e-01 6.234244092897690548e-01
6.396940350532531738e-01 6.215126283865406442e-01 6.294093132019042969e-01 6.251805679356721157e-01
6.432725191116333008e-01 6.207103834081408866e-01 6.458985805511474609e-01 6.180588318121704727e-01
6.392914652824401855e-01 6.192393516956704591e-01 6.329576373100280762e-01 6.243890624806717193e-01
6.437645554542541504e-01 6.194451269576195518e-01 6.381757259368896484e-01 6.216848914370958212e-01
6.376811861991882324e-01 6.192049960753938098e-01 6.410979032516479492e-01 6.165971804003554935e-01
6.403650045394897461e-01 6.172556673015117124e-01 6.429764032363891602e-01 6.165419396839567634e-01
6.430041193962097168e-01 6.164058992486879385e-01 6.336881518363952637e-01 6.272009368779838390e-01
6.496689915657043457e-01 6.137240251353269782e-01 6.394280791282653809e-01 6.105466237572781951e-01
6.464931368827819824e-01 6.128817192982168871e-01 6.413066387176513672e-01 6.121444396722841574e-01
6.502057909965515137e-01 6.090930192878792893e-01 6.311834454536437988e-01 6.333131255573033469e-01
6.438092589378356934e-01 6.125313680166420971e-01 6.467334628105163574e-01 6.080983717813295275e-01
6.493558883666992188e-01 6.083986814535246035e-01 6.352536082267761230e-01 6.108893949038498583e-01
6.528001427650451660e-01 6.066845585587925527e-01 6.447505950927734375e-01 6.120254710531264353e-01
6.565575003623962402e-01 6.023812642633263881e-01 6.496555805206298828e-01 6.023864220214323328e-01
6.518160700798034668e-01 6.035424034717919994e-01 6.576914787292480469e-01 6.015040255667795099e-01
6.552156209945678711e-01 6.035876639265987942e-01 6.538301110267639160e-01 6.118259388378830543e-01
6.594650149345397949e-01 6.004975353120840520e-01 6.576914787292480469e-01 6.012448545936451838e-01
6.593308448791503906e-01 6.003311756451071846e-01 6.470465660095214844e-01 6.184535890575043604e-01
6.562443971633911133e-01 6.021091422277052851e-01 6.637445092201232910e-01 5.961172149888510630e-01
6.553945541381835938e-01 6.019470155569709435e-01 6.527864933013916016e-01 6.075937313890188429e-01
6.587493419647216797e-01 5.999357987866459352e-01 6.577958464622497559e-01 6.032272750712764919e-01
6.597334146499633789e-01 5.946334029250760489e-01 6.607180237770080566e-01 5.915114319142855681e-01
6.613884568214416504e-01 5.923302135221816256e-01 6.532039046287536621e-01 5.984224565614865154e-01
6.629092693328857422e-01 5.938892839718087346e-01 6.635357737541198730e-01 5.918966720234101198e-01
6.621488928794860840e-01 5.929536567665976143e-01 6.541432142257690430e-01 6.043800294610758295e-01
6.638933420181274414e-01 5.899207154547172482e-01 6.529952287673950195e-01 6.022808306576986626e-01
6.595097780227661133e-01 5.958180636151528820e-01 6.551868319511413574e-01 5.987682992071877708e-01
6.648774147033691406e-01 5.873075772278806284e-01 6.634314060211181641e-01 5.902970088122906356e-01
6.664429903030395508e-01 5.865589677807597768e-01 6.589438319206237793e-01 5.981580846072288571e-01
6.647432446479797363e-01 5.854701903067285329e-01 6.683364510536193848e-01 5.957367420694171800e-01
6.676059961318969727e-01 5.862801312589756009e-01 6.607180237770080566e-01 5.862618696214361158e-01
6.689479351043701172e-01 5.821471192325285982e-01 6.661448478698730469e-01 5.870235418507013803e-01
6.651458144187927246e-01 5.868516883028493947e-01 6.651012301445007324e-01 5.894948059470985768e-01
6.684111356735229492e-01 5.813545550658464345e-01 6.615529060363769531e-01 5.984530548192443788e-01
6.719896197319030762e-01 5.794339090889650823e-01 6.629096269607543945e-01 5.895043737055787325e-01
6.668455600738525391e-01 5.805176966176260889e-01 6.645793914794921875e-01 5.928562639825056824e-01
6.739130616188049316e-01 5.795125620781916842e-01 6.730327606201171875e-01 5.818586566333256993e-01
6.758364439010620117e-01 5.758649844201013668e-01 6.637445092201232910e-01 5.843368937889088510e-01
6.691268682479858398e-01 5.804881934062550153e-01 6.699019074440002441e-01 5.793497912248274373e-01
6.743603348731994629e-01 5.734535297867138226e-01 6.690670251846313477e-01 5.800285811116714374e-01
6.754338741302490234e-01 5.728029993079944981e-01 6.735545992851257324e-01 5.810253202380230020e-01
6.760601401329040527e-01 5.740179195346890584e-01 6.654143333435058594e-01 5.854902733867687337e-01
6.706924438476562500e-01 5.787251799856107937e-01 6.534126400947570801e-01 5.939800199350616650e-01
6.765521764755249023e-01 5.732600555413096544e-01 6.677103042602539062e-01 5.825380628205022449e-01
6.742261648178100586e-01 5.757824365088926033e-01 6.715716719627380371e-01 5.776040867683260860e-01
6.752549409866333008e-01 5.693336318912393113e-01 6.700062751770019531e-01 5.798400696471995852e-01
6.804884672164916992e-01 5.680054111373213921e-01 6.784595847129821777e-01 5.733983627168850461e-01
6.810699701309204102e-01 5.665241226481930736e-01 6.751199960708618164e-01 5.787657627330844434e-01
6.767310500144958496e-01 5.699539599744551932e-01 6.710498929023742676e-01 5.754841230801912566e-01
6.781624555587768555e-01 5.680094331977491029e-01 6.826341152191162109e-01 5.709022347998256031e-01
6.823224425315856934e-01 5.643913533333951849e-01 6.729283928871154785e-01 5.697771226580967685e-01
6.794596314430236816e-01 5.667507924895355265e-01 6.765810847282409668e-01 5.695365854330785016e-01
6.849615573883056641e-01 5.620663152075471292e-01 6.583176851272583008e-01 5.823802168571832194e-01
6.852746605873107910e-01 5.645114863829613361e-01 6.719891428947448730e-01 5.776363065311939105e-01
6.805331707000732422e-01 5.649281862831900813e-01 6.717804074287414551e-01 5.776505335291450827e-01
6.820540428161621094e-01 5.633523010209370296e-01 6.750156283378601074e-01 5.718482384301505350e-01
6.815172433853149414e-01 5.603269101639599681e-01 6.661448478698730469e-01 5.795971212892685465e-01
6.861245036125183105e-01 5.596787178424672549e-01 6.735545992851257324e-01 5.689325941751058879e-01
6.864823698997497559e-01 5.608740265093414834e-01 6.728240251541137695e-01 5.699988823548112205e-01
6.849615573883056641e-01 5.567449738459332442e-01 6.731371283531188965e-01 5.644444010372675624e-01
6.809357404708862305e-01 5.594151438423677902e-01 6.680233478546142578e-01 5.803310099038220260e-01
6.871086359024047852e-01 5.554014128251416604e-01 6.780421733856201172e-01 5.718860571978112706e-01
6.861245036125183105e-01 5.601819305518889180e-01 6.836777329444885254e-01 5.652924133003989215e-01
6.860798001289367676e-01 5.580092781365163512e-01 6.851388216018676758e-01 5.631140617556921191e-01
6.900608539581298828e-01 5.539388078806288807e-01 6.846169829368591309e-01 5.671120685093886671e-01
6.866165399551391602e-01 5.549311254698083840e-01 6.896263957023620605e-01 5.608885210358108830e-01
6.903739571571350098e-01 5.504406246362164579e-01 6.863911747932434082e-01 5.705903178837871126e-01
6.871533393859863281e-01 5.562374107439672644e-01 6.791901588439941406e-01 5.702378492070697691e-01
6.909554600715637207e-01 5.552408006072235835e-01 6.720935106277465820e-01 5.685273293313242160e-01
6.877348423004150391e-01 5.526880802195749398e-01 6.879565715789794922e-01 5.604729238369599020e-01
6.850957274436950684e-01 5.528982290429875768e-01 6.872260570526123047e-01 5.600706699172680603e-01
6.857666969299316406e-01 5.528528784080276592e-01 6.753287315368652344e-01 5.653027341475792555e-01
6.954284906387329102e-01 5.468130821212500159e-01 6.801294088363647461e-01 5.617545581242158192e-01
