4.968241155147552490e-01 7.226811290469828952e-01 4.937382638454437256e-01 6.978875690003173426e-01
5.030416846275329590e-01 7.165134869186625677e-01 5.089751482009887695e-01 6.960787335583721314e-01
5.029075145721435547e-01 7.140045916379340607e-01 5.107493400573730469e-01 6.953323300336153867e-01
5.022365450859069824e-01 7.106046771550993402e-01 4.899812042713165283e-01 6.948838588390736648e-01
5.097513198852539062e-01 7.076494358033394994e-01 4.993738234043121338e-01 6.944877117642080933e-01
5.022365450859069824e-01 7.095255191391408589e-01 4.905030131340026855e-01 6.941555579329203862e-01
5.041152238845825195e-01 7.082555136520206629e-01 5.136714577674865723e-01 6.938418160647347177e-01
5.110037326812744141e-01 7.057252771036636174e-01 5.160717964172363281e-01 6.934103826918150970e-01
5.051440596580505371e-01 7.055962336662737755e-01 5.124191045761108398e-01 6.931068268356729289e-01
5.072016716003417969e-01 7.063594507411758983e-01 5.218117237091064453e-01 6.927138896656295231e-01
5.084988474845886230e-01 7.057976418028664156e-01 5.197244882583618164e-01 6.924789756679554653e-01
5.144927501678466797e-01 7.031456703661080887e-01 5.189939737319946289e-01 6.922726263907378330e-01
5.121667385101318359e-01 7.031610586451682021e-01 5.202462673187255859e-01 6.918239750510788433e-01
5.049203634262084961e-01 7.049837263864574544e-01 5.228553414344787598e-01 6.915877727669978992e-01
5.165056586265563965e-01 7.015175663906595416e-01 5.268211364746093750e-01 6.913094642117038058e-01
5.122562050819396973e-01 7.026126001661420206e-01 5.310999751091003418e-01 6.909774651459725803e-01
5.097513198852539062e-01 7.040904179031466370e-01 5.279691219329833984e-01 6.908398874366837861e-01
5.171765685081481934e-01 7.014754782808255706e-01 5.332915782928466797e-01 6.903960676686894393e-01
5.177133679389953613e-01 7.012621624607544568e-01 5.341264605522155762e-01 6.901289140648145803e-01
5.169082283973693848e-01 6.997619963093251183e-01 5.343351960182189941e-01 6.899303060014868594e-01
5.144480466842651367e-01 7.012015557455492099e-01 5.337090492248535156e-01 6.896596607672249579e-01
5.130613446235656738e-01 7.010733186078852430e-01 5.366311669349670410e-01 6.894296899366368914e-01
5.166398286819458008e-01 6.992800879678949810e-01 5.376747846603393555e-01 6.892342177046487661e-01
5.185632705688476562e-01 6.992314484981544398e-01 5.399707555770874023e-01 6.890077445631956898e-01
5.242440700531005859e-01 6.969026359233729817e-01 5.411187410354614258e-01 6.886784617076261439e-01
5.186079740524291992e-01 6.982002345217556138e-01 5.470674037933349609e-01 6.884189010960303223e-01
5.168634653091430664e-01 6.999978310286752992e-01 5.483197569847106934e-01 6.881556603734862998e-01
5.149847865104675293e-01 6.999669102633611084e-01 5.503026247024536133e-01 6.880024017408828962e-01
5.274646878242492676e-01 6.965949104838560224e-01 5.544771552085876465e-01 6.876969671378775351e-01
5.276435613632202148e-01 6.964326364278665693e-01 5.544771552085876465e-01 6.874675307336567398e-01
5.268384218215942383e-01 6.971533336351886101e-01 5.555207729339599609e-01 6.872650347580070429e-01
5.261227488517761230e-01 6.966117521287034098e-01 5.584428906440734863e-01 6.871890984032403837e-01
5.264358520507812500e-01 6.967769999648275592e-01 5.575036406517028809e-01 6.868758989858417818e-01
5.235283374786376953e-01 6.960795371471438786e-01 5.592778325080871582e-01 6.865481267739775850e-01
5.278672575950622559e-01 6.948318376718597422e-01 5.584428906440734863e-01 6.863659692815837765e-01
5.291644334793090820e-01 6.945743254182760174e-01 5.651221275329589844e-01 6.861115752767357190e-01
5.311325788497924805e-01 6.935909551912097237e-01 5.594865083694458008e-01 6.859046914238592363e-01
5.273304581642150879e-01 6.948430101673981341e-01 5.563556551933288574e-01 6.857579091450686226e-01
5.271068215370178223e-01 6.964334354436467756e-01 5.653308033943176270e-01 6.854387874320613250e-01
5.282250642776489258e-01 6.948255300308557869e-01 5.568774938583374023e-01 6.851985989396245369e-01
5.333243608474731445e-01 6.934360236830651170e-01 5.571905374526977539e-01 6.850265231666970989e-01
5.330112576484680176e-01 6.934170868960278789e-01 5.571905374526977539e-01 6.848908947071982167e-01
5.365002751350402832e-01 6.926272763380916242e-01 5.579211115837097168e-01 6.846591673995129357e-01
5.313562154769897461e-01 6.933816220364047433e-01 5.568774938583374023e-01 6.844553380887360428e-01
5.337716937065124512e-01 6.936174347866069789e-01 5.573992729187011719e-01 6.842306949504605162e-01
5.377974510192871094e-01 6.917005219065368582e-01 5.590690970420837402e-01 6.839063065182910961e-01
5.413759350776672363e-01 6.915555979318664948e-01 5.607388615608215332e-01 6.836596067875866378e-01
5.325192213058471680e-01 6.937712377524157814e-01 5.602170825004577637e-01 6.834550699717912847e-01
5.346215963363647461e-01 6.930834952055991982e-01 5.604258179664611816e-01 6.833256446252757854e-01
5.378422141075134277e-01 6.914160838385646768e-01 5.620955824851989746e-01 6.830414931477049034e-01
5.424494743347167969e-01 6.899427207729048606e-01 5.631392002105712891e-01 6.829402138335399775e-01
5.384237170219421387e-01 6.907748562702233919e-01 5.615738034248352051e-01 6.826858031204811050e-01
5.448201894760131836e-01 6.903829387847202348e-01 5.639741420745849609e-01 6.825687476598850667e-01
5.423600077629089355e-01 6.899880238435929236e-01 5.626174211502075195e-01 6.822731753426736212e-01
5.426283478736877441e-01 6.900306784055125764e-01 5.625130534172058105e-01 6.820609017419705378e-01
5.417785048484802246e-01 6.902405030826780363e-01 5.625130534172058105e-01 6.818554358849617802e-01
5.432098507881164551e-01 6.894779646624860092e-01 5.666875243186950684e-01 6.815443284773821109e-01
5.473698377609252930e-01 6.904856217080268532e-01 5.661657452583312988e-01 6.812826447162416699e-01
5.456700921058654785e-01 6.909645511929560779e-01 5.667918920516967773e-01 6.810650381233765982e-01
5.423600077629089355e-01 6.884679656204500953e-01 5.662701129913330078e-01 6.808165001411374817e-01
5.444176197052001953e-01 6.893730044770185472e-01 5.685660839080810547e-01 6.806970136918545355e-01
5.469225049018859863e-01 6.893550231026331909e-01 5.661657452583312988e-01 6.804237494237784789e-01
5.472356677055358887e-01 6.874911972183429532e-01 5.667918920516967773e-01 6.803682152375476466e-01
5.511719584465026855e-01 6.864085408715149272e-01 5.660613775253295898e-01 6.801096465313417605e-01
5.494274497032165527e-01 6.875249395474569702e-01 5.659570097923278809e-01 6.798954217524997290e-01
5.524691343307495117e-01 6.872693554278797023e-01 5.660613775253295898e-01 6.796251920090167209e-01
5.538110733032226562e-01 6.862408810255672398e-01 5.663744807243347168e-01 6.794730466309382155e-01
5.563159584999084473e-01 6.865740272648582776e-01 5.650177597999572754e-01 6.794905345914160621e-01
5.518876314163208008e-01 6.885325922631559958e-01 5.663744807243347168e-01 6.792748102164423152e-01
5.541688799858093262e-01 6.864167418051627667e-01 5.672093629837036133e-01 6.794468712343897376e-01
5.522454977035522461e-01 6.873049965845832165e-01 5.658526420593261719e-01 6.791402339387900833e-01
5.466094017028808594e-01 6.867991846156773494e-01 5.646002888679504395e-01 6.791118701274149183e-01
5.556002855300903320e-01 6.856347656906941479e-01 5.652264952659606934e-01 6.789927305321283857e-01
5.538110733032226562e-01 6.864760820629729476e-01 5.709664225578308105e-01 6.787383785404060843e-01
5.578815340995788574e-01 6.850926791817498751e-01 5.665831565856933594e-01 6.787431944862235556e-01
5.546162128448486328e-01 6.864155056779894792e-01 5.677311420440673828e-01 6.786460433566627870e-01
5.579710006713867188e-01 6.842978370170470503e-01 5.689834952354431152e-01 6.785129924279318381e-01
5.532742738723754883e-01 6.853071194276078026e-01 5.706533193588256836e-01 6.785295125687204054e-01
5.617284178733825684e-01 6.836953977071912325e-01 5.684617161750793457e-01 6.784358740450071590e-01
5.582394003868103027e-01 6.848588959115800012e-01 5.731580257415771484e-01 6.781590390344721664e-01
5.547056794166564941e-01 6.856774723493556101e-01 5.724274516105651855e-01 6.779483627287685721e-01
5.573447942733764648e-01 6.832119204699833581e-01 5.728449225425720215e-01 6.778886009048903372e-01
5.576578974723815918e-01 6.840994817815156948e-01 5.760801434516906738e-01 6.777169467685765225e-01
5.560923218727111816e-01 6.855399854645188862e-01 5.748277902603149414e-01 6.776599397342804032e-01
5.620415210723876953e-01 6.828913130579320478e-01 5.756626725196838379e-01 6.774584476322252913e-01
5.575684309005737305e-01 6.843781011606674403e-01 5.775412321090698242e-01 6.773802724642983275e-01
5.604311823844909668e-01 6.836100363159759441e-01 5.773324966430664062e-01 6.771893401256410261e-01
5.618178844451904297e-01 6.825167385191072134e-01 5.773324966430664062e-01 6.770476045724967973e-01
5.564948916435241699e-01 6.842557385518526214e-01 5.774368643760681152e-01 6.771234005807810208e-01
5.597602725028991699e-01 6.822518982429115475e-01 5.790023207664489746e-01 6.768675035834188503e-01
5.614600181579589844e-01 6.834185692935109691e-01 5.793153643608093262e-01 6.767722128129806114e-01
5.606101155281066895e-01 6.829684062749760143e-01 5.783761143684387207e-01 6.769370177025537672e-01
5.645911693572998047e-01 6.816952861918812445e-01 5.830724239349365234e-01 6.765118845069962861e-01
5.566738247871398926e-01 6.835920394032175551e-01 5.766019821166992188e-01 6.769087028339196843e-01
5.607890486717224121e-01 6.827299898821246327e-01 5.796284675598144531e-01 6.764426370971861058e-01
5.617284178733825684e-01 6.831231048141700457e-01 5.800459384918212891e-01 6.763593745341108798e-01
5.634281635284423828e-01 6.807967270608663579e-01 5.822375416755676270e-01 6.761740241685706421e-01
5.620862245559692383e-01 6.820815021395789657e-01 5.821331739425659180e-01 6.761437032944821457e-01
5.601628422737121582e-01 6.810614712593657805e-01 5.828636884689331055e-01 6.760158290496774969e-01
5.643675327301025391e-01 6.815869250116673994e-01 5.829680562019348145e-01 6.760110814669415547e-01
