5.482197403907775879e-01 6.945946665884322746e-01 5.702358484268188477e-01 6.721000477680953988e-01
5.736715197563171387e-01 6.752750586047114867e-01 5.876643657684326172e-01 6.677588613191045575e-01
5.838253498077392578e-01 6.706717837089331002e-01 5.811939239501953125e-01 6.688500269423245381e-01
5.872249007225036621e-01 6.683604384198088555e-01 5.934042930603027344e-01 6.646739509702350723e-01
5.908033847808837891e-01 6.666415307619507624e-01 5.884992480278015137e-01 6.668545170433459734e-01
5.975577235221862793e-01 6.642913588003259706e-01 5.976831316947937012e-01 6.700016555619922043e-01
5.901324152946472168e-01 6.666136317996224081e-01 5.880818367004394531e-01 6.682462651081161331e-01
5.969314575195312500e-01 6.647453243797719624e-01 5.957002639770507812e-01 6.646820712975335388e-01
5.976024270057678223e-01 6.632315372925876584e-01 6.061365008354187012e-01 6.614602851832841468e-01
5.967525243759155273e-01 6.616099315351696708e-01 6.016489267349243164e-01 6.618616317587987519e-01
6.009125113487243652e-01 6.604520027017652950e-01 5.991442203521728516e-01 6.586614393959013825e-01
6.006888747215270996e-01 6.619391131644215553e-01 6.059277653694152832e-01 6.622470241204057029e-01
5.982286930084228516e-01 6.598731538843737310e-01 6.015445590019226074e-01 6.628470526212343339e-01
6.015834808349609375e-01 6.583489606089958368e-01 6.094760894775390625e-01 6.587477427786960771e-01
6.032832264900207520e-01 6.597887991493813775e-01 6.027969121932983398e-01 6.604164363172949637e-01
6.007335782051086426e-01 6.593639885809750023e-01 6.041536331176757812e-01 6.594765186060995710e-01
5.987654328346252441e-01 6.587603739217006149e-01 6.016489267349243164e-01 6.565945890073711100e-01
6.036410927772521973e-01 6.559848673315077372e-01 6.087455749511718750e-01 6.595063475645850382e-01
6.055197715759277344e-01 6.564188529093250013e-01 6.113546490669250488e-01 6.551569450302179298e-01
6.058776378631591797e-01 6.546836150291888146e-01 6.062408685684204102e-01 6.556828997872164999e-01
6.054303050041198730e-01 6.562113805413566370e-01 6.158422231674194336e-01 6.637616147703379044e-01
6.050277352333068848e-01 6.551380911993626155e-01 6.105197072029113770e-01 6.497668266868671383e-01
6.050277352333068848e-01 6.520317123046734942e-01 5.927781462669372559e-01 6.599744774807074776e-01
6.074879169464111328e-01 6.525700170914033871e-01 6.064496040344238281e-01 6.544000299507878315e-01
6.096796989440917969e-01 6.502784467229776322e-01 5.981006026268005371e-01 6.626297947858326154e-01
6.077115535736083984e-01 6.536246861300670785e-01 6.088499426841735840e-01 6.545335870151404167e-01
6.156288981437683105e-01 6.480698002687953485e-01 6.121895313262939453e-01 6.481215870845693505e-01
6.124530434608459473e-01 6.491585142029314692e-01 6.062408685684204102e-01 6.475982321649821349e-01
6.196099519729614258e-01 6.470323359204822600e-01 6.156334877014160156e-01 6.482152413585394735e-01
6.140186190605163574e-01 6.469811371196508842e-01 6.177207231521606445e-01 6.459718124151379026e-01
6.119162440299987793e-01 6.474558362318377780e-01 6.024838089942932129e-01 6.530526313496093360e-01
6.150921583175659180e-01 6.436449185874940637e-01 6.204341650009155273e-01 6.416092457763339363e-01
6.141080856323242188e-01 6.452614030805592371e-01 6.095804572105407715e-01 6.490282812837120385e-01
6.237698793411254883e-01 6.391502300237026368e-01 6.122938990592956543e-01 6.449994765201856328e-01
6.147790551185607910e-01 6.428955376606803052e-01 6.102066636085510254e-01 6.439752747559194246e-01
6.218017339706420898e-01 6.376491194761894077e-01 6.150072813034057617e-01 6.432229392689271519e-01
6.194757819175720215e-01 6.392791526094492305e-01 5.983093380928039551e-01 6.499103543977851061e-01
6.233226060867309570e-01 6.380776666127455643e-01 6.240868568420410156e-01 6.410769515534179286e-01
6.229200363159179688e-01 6.351937030312583277e-01 6.241911649703979492e-01 6.331847632162707074e-01
6.240830421447753906e-01 6.332646042593776947e-01 6.272177100181579590e-01 6.362731621474917443e-01
6.284666061401367188e-01 6.336421926560352746e-01 6.255478858947753906e-01 6.334642250611025593e-01
6.261406540870666504e-01 6.326634395227040963e-01 6.320183873176574707e-01 6.293086818627589007e-01
6.258722543716430664e-01 6.311391666251615629e-01 6.190774440765380859e-01 6.394374805262132977e-01
6.252907514572143555e-01 6.323270221732558705e-01 6.214777827262878418e-01 6.386479724799634106e-01
6.272141933441162109e-01 6.284396044042119822e-01 6.341056227684020996e-01 6.315832739955222763e-01
6.306584477424621582e-01 6.267756685777221559e-01 6.253391504287719727e-01 6.273559417612143418e-01
6.279298663139343262e-01 6.285619390503539572e-01 6.312878131866455078e-01 6.288805630231446564e-01
6.298980116844177246e-01 6.240156368101020812e-01 6.241911649703979492e-01 6.403694941588966572e-01
6.315530538558959961e-01 6.243181357573132084e-01 6.287831068038940430e-01 6.332750046484606488e-01
6.334764957427978516e-01 6.238086251436991692e-01 6.268002390861511230e-01 6.324163075280672119e-01
6.353551745414733887e-01 6.220626104686400870e-01 6.304529309272766113e-01 6.266201419288891517e-01
6.369207501411437988e-01 6.200754968291170011e-01 6.331663727760314941e-01 6.262540295362423182e-01
6.374127864837646484e-01 6.197271313772236834e-01 6.327489018440246582e-01 6.345487516276201445e-01
6.377705931663513184e-01 6.170775507916532732e-01 6.362972259521484375e-01 6.232831653412038708e-01
6.348631381988525391e-01 6.180582395242352201e-01 6.342099905014038086e-01 6.233579104739424004e-01
6.368312835693359375e-01 6.155847592352967634e-01 6.372364759445190430e-01 6.192198258256444987e-01
6.413937807083129883e-01 6.115499395743148048e-01 6.312878131866455078e-01 6.293672255672509985e-01
6.349973082542419434e-01 6.214194302802905634e-01 6.408891677856445312e-01 6.202176061857967992e-01
6.484612822532653809e-01 6.073148998384036990e-01 6.393237113952636719e-01 6.158387943887680960e-01
6.460458040237426758e-01 6.097353466786944454e-01 6.481945514678955078e-01 6.126988458125831594e-01
6.442118287086486816e-01 6.072418678529916125e-01 6.427676677703857422e-01 6.128541417520992907e-01
6.472535133361816406e-01 6.065759680675978371e-01 6.469421982765197754e-01 6.117247825772645919e-01
6.475219130516052246e-01 6.015716537121349461e-01 6.440200209617614746e-01 6.087500204798125258e-01
6.464036703109741211e-01 6.070867536703148382e-01 6.369233727455139160e-01 6.161028202728099368e-01
6.489085555076599121e-01 6.028770590259342477e-01 6.377583146095275879e-01 6.138416343953509990e-01
6.523081064224243164e-01 6.010045502838070597e-01 6.395324468612670898e-01 6.206382732629228682e-01
6.489085555076599121e-01 6.075860856577159907e-01 6.468378305435180664e-01 6.055962722526913034e-01
6.553945541381835938e-01 5.989079520727530470e-01 6.418284177780151367e-01 6.111049552447510580e-01
6.557971239089965820e-01 5.985248016530444470e-01 6.402630209922790527e-01 6.184006922803874096e-01
6.569153666496276855e-01 5.976497823788070596e-01 6.377583146095275879e-01 6.124298465423607674e-01
6.614331603050231934e-01 5.948021806487245877e-01 6.472552418708801270e-01 6.086956032928358962e-01
6.567364335060119629e-01 5.962211566782740224e-01 6.383844614028930664e-01 6.093292992240922912e-01
6.553945541381835938e-01 5.985522793409627784e-01 6.468378305435180664e-01 6.086483035050760382e-01
6.581230759620666504e-01 5.944828755059125003e-01 6.504905223846435547e-01 6.052041535859216115e-01
6.597334146499633789e-01 5.904059794342012557e-01 6.505948901176452637e-01 6.034910966125317522e-01
6.614779233932495117e-01 5.900661352069375143e-01 6.466290950775146484e-01 6.068241525557264149e-01
6.629987359046936035e-01 5.896225406223897236e-01 6.546649932861328125e-01 5.992071912348879703e-01
6.621041297912597656e-01 5.868989297135994709e-01 6.592569351196289062e-01 5.971981483942978564e-01
6.628645658493041992e-01 5.888001145393397806e-01 6.415153145790100098e-01 6.232608350725120649e-01
6.669350266456604004e-01 5.856953887483860033e-01 6.559173464775085449e-01 6.001271072147634777e-01
6.673823595046997070e-01 5.863328940925113253e-01 6.586307883262634277e-01 6.000833855220705226e-01
6.637144684791564941e-01 5.900165362826483850e-01 6.518472433090209961e-01 6.055846697128135503e-01
6.690374016761779785e-01 5.829047746149835785e-01 6.620747447013854980e-01 5.946507708584931606e-01
6.655036807060241699e-01 5.827777949124334222e-01 6.625965237617492676e-01 5.906009043315536555e-01
6.665324568748474121e-01 5.818941656518097361e-01 6.604049205780029297e-01 6.012166563590218837e-01
6.673823595046997070e-01 5.821054423403539957e-01 6.596744060516357422e-01 5.994517349221466507e-01
6.684111356735229492e-01 5.797092435525896814e-01 6.583176851272583008e-01 6.036653852965383482e-01
6.680085659027099609e-01 5.852307811643382429e-01 6.509079337120056152e-01 5.979418181546967137e-01
6.678296923637390137e-01 5.799567833166895392e-01 6.522646546363830566e-01 6.060220811292886811e-01
6.726605892181396484e-01 5.786698972161457011e-01 6.614485383033752441e-01 5.954171650918782532e-01
6.731526255607604980e-01 5.772169190243161552e-01 6.633270978927612305e-01 5.857360045388854131e-01
6.723474860191345215e-01 5.764642264937261951e-01 6.627008914947509766e-01 5.868609603972605449e-01
6.756128072738647461e-01 5.757526344211268965e-01 6.624921560287475586e-01 5.893550559837915648e-01
6.775362491607666016e-01 5.698464188726756197e-01 6.560217142105102539e-01 6.101876676294107904e-01
6.731973290443420410e-01 5.746810180937418355e-01 6.596744060516357422e-01 5.918934094559994419e-01
6.738682985305786133e-01 5.741035109300863803e-01 6.690670251846313477e-01 5.836536356189061525e-01
6.723474860191345215e-01 5.721089702681451117e-01 6.615529060363769531e-01 6.031984793221719654e-01
6.753444075584411621e-01 5.728679960881859490e-01 6.719891428947448730e-01 5.801841473310681563e-01
6.811146736145019531e-01 5.673995196957946074e-01 6.745982170104980469e-01 5.799669682593914244e-01
6.792807579040527344e-01 5.664563831798419269e-01 6.597787737846374512e-01 5.857875200458519949e-01
