5.580157637596130371e-01 6.984479059940972290e-01 5.860989093780517578e-01 6.711842285096334404e-01
5.789497494697570801e-01 6.721405761786662936e-01 5.800459384918212891e-01 6.709810577113701768e-01
5.854356884956359863e-01 6.704682381662022683e-01 5.930911898612976074e-01 6.657014120548211400e-01
5.871801972389221191e-01 6.677771431108475708e-01 5.914214253425598145e-01 6.657233386392061858e-01
5.910717248916625977e-01 6.664090668351007052e-01 5.575036406517028809e-01 6.758739628291184909e-01
5.928162336349487305e-01 6.674241269396251619e-01 5.903778076171875000e-01 6.654049157598674880e-01
5.927267670631408691e-01 6.653046783297790201e-01 5.899603366851806641e-01 6.654137078990669529e-01
6.024780869483947754e-01 6.626809760354930301e-01 5.840116739273071289e-01 6.674877414248527874e-01
5.903560519218444824e-01 6.654424232454584365e-01 5.901690721511840820e-01 6.615116195000927402e-01
6.004204750061035156e-01 6.609291298847160823e-01 6.070757508277893066e-01 6.599217914783539474e-01
5.976024270057678223e-01 6.634219618896440851e-01 5.960133671760559082e-01 6.647474019071101248e-01
5.937108397483825684e-01 6.643104428553073815e-01 6.015445590019226074e-01 6.584155725751035249e-01
6.008677482604980469e-01 6.609693976693384876e-01 5.917345285415649414e-01 6.611479399871587059e-01
5.998836755752563477e-01 6.608796528998630571e-01 6.041536331176757812e-01 6.608269219108873216e-01
6.074879169464111328e-01 6.586984747060617984e-01 6.026925444602966309e-01 6.575892583559013183e-01
5.984970331192016602e-01 6.599483562296459827e-01 6.043623685836791992e-01 6.592960743833449211e-01
6.010914444923400879e-01 6.610668382953500677e-01 6.018576622009277344e-01 6.588348384018956061e-01
6.079799532890319824e-01 6.596635411774927071e-01 6.041536331176757812e-01 6.576203696788962549e-01
6.044015288352966309e-01 6.593327167998658256e-01 6.021707653999328613e-01 6.599794035539127135e-01
6.052513718605041504e-01 6.575067591893265506e-01 6.092673540115356445e-01 6.526541253067810189e-01
6.052513718605041504e-01 6.557473195305150160e-01 6.145898699760437012e-01 6.581257243689901948e-01
6.071748137474060059e-01 6.553393401982724464e-01 6.109371781349182129e-01 6.548455338641313572e-01
6.107532382011413574e-01 6.533580768148893325e-01 6.108328104019165039e-01 6.553892767197949665e-01
6.110664010047912598e-01 6.530428955477750597e-01 6.108328104019165039e-01 6.541203155793269275e-01
6.131240129470825195e-01 6.536038443192874192e-01 5.991442203521728516e-01 6.560967204541409137e-01
6.123188138008117676e-01 6.510121035733703598e-01 6.050928831100463867e-01 6.497773255517601543e-01
6.132134795188903809e-01 6.491054481631592932e-01 6.127113103866577148e-01 6.468421382636323491e-01
6.093218922615051270e-01 6.515342636598118187e-01 5.948653817176818848e-01 6.656615643654554271e-01
6.097244620323181152e-01 6.493249097990635432e-01 6.103109717369079590e-01 6.507997780795685694e-01
6.179102063179016113e-01 6.461561635645840518e-01 6.213734149932861328e-01 6.410183199535354204e-01
6.150473952293395996e-01 6.468156481241364997e-01 6.156334877014160156e-01 6.456417323552201548e-01
6.116031408309936523e-01 6.455601216492999894e-01 6.179294586181640625e-01 6.440465501045986585e-01
6.156736612319946289e-01 6.439702042549618755e-01 6.171989440917968750e-01 6.428648669344974032e-01
6.118715405464172363e-01 6.437727760001656918e-01 6.214777827262878418e-01 6.420447864952477657e-01
6.244856119155883789e-01 6.399392240118694231e-01 6.145898699760437012e-01 6.387297627174935988e-01
6.150026917457580566e-01 6.411251535055610962e-01 6.168858408927917480e-01 6.409715276076982660e-01
6.174628734588623047e-01 6.382108360054369323e-01 6.138592958450317383e-01 6.383384275700150212e-01
6.196994185447692871e-01 6.356685555542191945e-01 6.248173713684082031e-01 6.380455270984978222e-01
6.211755275726318359e-01 6.377743498160088897e-01 6.184512376785278320e-01 6.384852372313610802e-01
6.237251758575439453e-01 6.339466828612271287e-01 6.229388713836669922e-01 6.427609595419394584e-01
6.224279999732971191e-01 6.328593981054861928e-01 6.321227550506591797e-01 6.311025026570628027e-01
6.283324360847473145e-01 6.317472062867662830e-01 6.208515763282775879e-01 6.327894996362597446e-01
6.190731525421142578e-01 6.361612331826692612e-01 6.313921809196472168e-01 6.300407084759828136e-01
6.259617209434509277e-01 6.289924678787133239e-01 6.237737536430358887e-01 6.336977124662046545e-01
6.270352602005004883e-01 6.270499615064352161e-01 6.254435181617736816e-01 6.306498324142022494e-01
6.293165087699890137e-01 6.265561711726322924e-01 6.354623436927795410e-01 6.266009975042006186e-01
6.311057209968566895e-01 6.240422131763969649e-01 6.332707405090332031e-01 6.217848620119136305e-01
6.356235742568969727e-01 6.241185180422956780e-01 6.422458887100219727e-01 6.174004421903952489e-01
6.337001323699951172e-01 6.214743476047096538e-01 6.391150355339050293e-01 6.239449560604919398e-01
6.268116235733032227e-01 6.278288575143586847e-01 6.353579759597778320e-01 6.236959531346534247e-01
6.345947384834289551e-01 6.200705829812495073e-01 6.393237113952636719e-01 6.268957509573505060e-01
6.339237689971923828e-01 6.215260910271190875e-01 6.328532695770263672e-01 6.221710927947730063e-01
6.380837559700012207e-01 6.181113917235931954e-01 6.430807709693908691e-01 6.137125847160977976e-01
6.391125321388244629e-01 6.139739502583276831e-01 6.342099905014038086e-01 6.229198037445905500e-01
6.386204957962036133e-01 6.142764074641575700e-01 6.452723741531372070e-01 6.228948913295342393e-01
6.397835016250610352e-01 6.136262854836157521e-01 6.405760645866394043e-01 6.184188326946307157e-01
6.421095132827758789e-01 6.123212293086356395e-01 6.410979032516479492e-01 6.127095364548920120e-01
6.417069435119628906e-01 6.144384955715719299e-01 6.388019323348999023e-01 6.112478928311187998e-01
6.463142037391662598e-01 6.063110510700182587e-01 6.380713582038879395e-01 6.172331367422807524e-01
6.452406644821166992e-01 6.084259903842593742e-01 6.484032273292541504e-01 6.069900691820271366e-01
6.500268578529357910e-01 6.072317504951065814e-01 6.377583146095275879e-01 6.161381504252518848e-01
6.443012952804565430e-01 6.070597409498160735e-01 6.448549628257751465e-01 6.101769732299315852e-01
6.516371369361877441e-01 6.025920656717491664e-01 6.468378305435180664e-01 6.084341869874777542e-01
6.507425308227539062e-01 6.012883800836598125e-01 6.482989192008972168e-01 6.137625971683453585e-01
6.550366878509521484e-01 6.010569894350071829e-01 6.408891677856445312e-01 6.107122336019182862e-01
6.528896093368530273e-01 5.977312558493731443e-01 6.495512127876281738e-01 6.085046991453965104e-01
6.572284698486328125e-01 5.970143725181398242e-01 6.466290950775146484e-01 6.062479012198100925e-01
6.508767008781433105e-01 6.009681188563239518e-01 6.492381691932678223e-01 6.151333077171355912e-01
6.473877429962158203e-01 6.090570830407264769e-01 6.436026096343994141e-01 6.106484799463697266e-01
6.536947488784790039e-01 5.983876133353280835e-01 6.473596096038818359e-01 6.063521181932448600e-01
6.565575003623962402e-01 5.949821100612087132e-01 6.502817869186401367e-01 6.019496465122443629e-01
6.589729785919189453e-01 5.942573595674077724e-01 6.472552418708801270e-01 6.013443434917710162e-01
6.566469669342041016e-01 5.949507175031085726e-01 6.408891677856445312e-01 6.134136814932762416e-01
6.482823491096496582e-01 6.101261038625788169e-01 6.474639773368835449e-01 6.078549053568950145e-01
6.600465178489685059e-01 5.925873405904799052e-01 6.534126400947570801e-01 6.026203732006835123e-01
6.646985411643981934e-01 5.923378297672179382e-01 6.591525673866271973e-01 5.994596634222654208e-01
6.585704088211059570e-01 5.941654271187051251e-01 6.481945514678955078e-01 6.129365825150461244e-01
6.619251966476440430e-01 5.865842896767092807e-01 6.568565964698791504e-01 6.008806959917391000e-01
6.627750992774963379e-01 5.881628921706383295e-01 6.593613028526306152e-01 6.001121515621598013e-01
6.650563478469848633e-01 5.890238841545348825e-01 6.407848000526428223e-01 6.165467369807734466e-01
6.629092693328857422e-01 5.931475330154164505e-01 6.624921560287475586e-01 5.933892505324676048e-01
6.641617417335510254e-01 5.883027209986469996e-01 6.581089496612548828e-01 5.934930567302476589e-01
6.658167839050292969e-01 5.868591828644008634e-01 6.607180237770080566e-01 5.971042393667667092e-01
6.647879481315612793e-01 5.908059090039964323e-01 6.540388464927673340e-01 5.977021846410950356e-01
6.661746501922607422e-01 5.870884684314239266e-01 6.635357737541198730e-01 5.933620121802001268e-01
6.722132563591003418e-01 5.798262004179143281e-01 6.605092883110046387e-01 5.898784591743080341e-01
6.706029772758483887e-01 5.794423935472655662e-01 6.632227301597595215e-01 5.918932152650371314e-01
6.636697053909301758e-01 5.866410988967050155e-01 6.588394641876220703e-01 5.966969091741457509e-01
6.664429903030395508e-01 5.839280683615911682e-01 6.612398028373718262e-01 5.912820145074123568e-01
6.732420921325683594e-01 5.779809664050374884e-01 6.662492156028747559e-01 5.877535101317881150e-01
6.754338741302490234e-01 5.759721166611059262e-01 6.634314060211181641e-01 5.884874473656176441e-01
6.734657287597656250e-01 5.773584215281409859e-01 6.735545992851257324e-01 5.888782538468940730e-01
6.689479351043701172e-01 5.818413952250539589e-01 6.591525673866271973e-01 5.968049688494496685e-01
6.730184555053710938e-01 5.765894054193406726e-01 6.570653319358825684e-01 5.942739709959824479e-01
6.769099831581115723e-01 5.758231196277233677e-01 6.767898201942443848e-01 5.820004993031453466e-01
6.774467825889587402e-01 5.755463645654024241e-01 6.610311269760131836e-01 5.877444973770249437e-01
6.758364439010620117e-01 5.727458586204796642e-01 6.662492156028747559e-01 5.874482539943701731e-01
6.794596314430236816e-01 5.729309099052007914e-01 6.666666865348815918e-01 5.815591620045349464e-01
6.837090849876403809e-01 5.682344366045624096e-01 6.684408187866210938e-01 5.827470829356963256e-01
6.791912913322448730e-01 5.751690332184411503e-01 6.637445092201232910e-01 5.891617581456669583e-01
