5.504562258720397949e-01 6.900153091841551012e-01 5.654351711273193359e-01 6.753672172146882868e-01
5.725532174110412598e-01 6.751450545609924969e-01 5.786892175674438477e-01 6.711482304144293920e-01
5.834227800369262695e-01 6.702871621988139017e-01 5.921519398689270020e-01 6.636648670389417859e-01
5.892825126647949219e-01 6.657646763919824462e-01 6.013358235359191895e-01 6.585923305535161809e-01
5.905349850654602051e-01 6.624686604302051363e-01 6.042580008506774902e-01 6.582739194433268048e-01
5.959473848342895508e-01 6.609587988778375944e-01 5.962221026420593262e-01 6.629901167943815787e-01
5.965736508369445801e-01 6.594608359973318512e-01 6.084324717521667480e-01 6.534265457053594073e-01
6.070853471755981445e-01 6.546641982802553494e-01 6.128156781196594238e-01 6.525223593551613410e-01
6.137055158615112305e-01 6.516631957690773858e-01 6.087455749511718750e-01 6.521802750740537391e-01
6.057434082031250000e-01 6.530114572277263552e-01 6.119807958602905273e-01 6.509546564755472886e-01
6.105296015739440918e-01 6.511746688378818870e-01 6.026925444602966309e-01 6.577389304087023492e-01
6.097691655158996582e-01 6.497172612178985229e-01 6.188687086105346680e-01 6.477005091198201336e-01
6.115136742591857910e-01 6.478555164198090965e-01 6.210603117942810059e-01 6.473116246550696395e-01
6.112005710601806641e-01 6.477597970232210622e-01 6.189730763435363770e-01 6.440937857094399810e-01
6.154947280883789062e-01 6.451239200456557743e-01 6.152160167694091797e-01 6.461710268384701639e-01
6.172839403152465820e-01 6.417738058247535182e-01 6.240868568420410156e-01 6.407104456158476680e-01
6.157631278038024902e-01 6.415490428841290615e-01 6.122938990592956543e-01 6.430210646695221355e-01
6.212649941444396973e-01 6.405833510918275131e-01 6.179294586181640625e-01 6.384864235267686539e-01
6.281535029411315918e-01 6.374942244197669972e-01 6.216865181922912598e-01 6.378965812868028218e-01
6.178654432296752930e-01 6.394434814633144226e-01 6.282613277435302734e-01 6.351250699332302574e-01
6.233226060867309570e-01 6.348405650485754448e-01 6.278438568115234375e-01 6.329867725231980158e-01
6.262301206588745117e-01 6.336044878391443591e-01 6.265915036201477051e-01 6.369594899131569843e-01
6.257827877998352051e-01 6.356874204936107109e-01 6.342099905014038086e-01 6.311442842316313806e-01
6.279298663139343262e-01 6.323893906861559611e-01 6.266958713531494141e-01 6.329293565793914222e-01
6.328502297401428223e-01 6.312167240950945502e-01 6.232519149780273438e-01 6.355810238309305138e-01
6.353104114532470703e-01 6.288087548243805891e-01 6.320183873176574707e-01 6.273406980754786533e-01
6.310162544250488281e-01 6.301355674198988455e-01 6.020663976669311523e-01 6.417792785319473836e-01
6.320897936820983887e-01 6.276545461355882427e-01 6.290962100028991699e-01 6.258576421393304834e-01
6.332527995109558105e-01 6.262926135320828758e-01 6.329576373100280762e-01 6.221826292731472696e-01
6.333422660827636719e-01 6.214484860249080977e-01 6.443331241607666016e-01 6.210146979558096580e-01
6.394703984260559082e-01 6.214141093206482225e-01 6.359841227531433105e-01 6.225138276012972538e-01
6.394703984260559082e-01 6.212033617153088771e-01 6.437069773674011230e-01 6.154084196296720766e-01
6.367865204811096191e-01 6.181105785878362457e-01 6.420371532440185547e-01 6.156946873271721410e-01
6.351762413978576660e-01 6.211902144386508562e-01 6.421415209770202637e-01 6.179544342333029849e-01
6.422436833381652832e-01 6.173036823888694569e-01 6.386975646018981934e-01 6.211121742920944211e-01
6.414385437965393066e-01 6.183608932366287947e-01 6.431851387023925781e-01 6.205074422122093258e-01
6.443460583686828613e-01 6.142056199364893665e-01 6.328532695770263672e-01 6.215524357585910931e-01
6.429593563079833984e-01 6.161995820526489087e-01 6.416196823120117188e-01 6.105788854586259307e-01
6.449722647666931152e-01 6.119656817796597092e-01 6.477770805358886719e-01 6.096335846803999647e-01
6.453301310539245605e-01 6.101269896884876642e-01 6.485075950622558594e-01 6.160732232138399489e-01
6.462694406509399414e-01 6.111745936304495697e-01 6.423502564430236816e-01 6.109494919494258269e-01
6.489533185958862305e-01 6.099987235430166521e-01 6.222082972526550293e-01 6.257469920319820300e-01
6.490427851676940918e-01 6.080174093426479187e-01 6.486119627952575684e-01 6.088048305772236768e-01
6.506083607673645020e-01 6.036251884791650202e-01 6.497599482536315918e-01 6.078935272881244023e-01
6.522186398506164551e-01 6.069095760749179114e-01 6.454811096191406250e-01 6.103754418176441376e-01
6.550366878509521484e-01 6.040048699170793567e-01 6.493425369262695312e-01 6.045379022844299399e-01
6.512345671653747559e-01 6.034012534234877156e-01 6.463159918785095215e-01 6.105838930823315192e-01
6.539183855056762695e-01 6.035674796225581895e-01 6.443331241607666016e-01 6.065267342113797033e-01
6.562891602516174316e-01 6.005784728527495675e-01 6.539344787597656250e-01 6.004052910494221962e-01
6.549024581909179688e-01 6.008771899284414131e-01 6.462116241455078125e-01 6.062011140369717443e-01
6.597334146499633789e-01 5.958688071747119119e-01 6.585264205932617188e-01 6.022893362193584288e-01
6.570942997932434082e-01 5.947327736047283153e-01 6.524733901023864746e-01 6.051197837151010006e-01
6.583020091056823730e-01 5.955344511285667330e-01 6.611354351043701172e-01 5.985403377535546410e-01
6.591519117355346680e-01 5.972576971492606912e-01 6.545606255531311035e-01 6.008541407353245045e-01
6.566469669342041016e-01 5.982926868436844181e-01 6.450636386871337891e-01 6.125022994155701062e-01
6.564680337905883789e-01 5.938239939888083629e-01 6.490294337272644043e-01 6.068500260350301323e-01
6.607174873352050781e-01 5.923766097819406218e-01 6.550824642181396484e-01 5.970929999661032106e-01
6.621041297912597656e-01 5.937166027144853420e-01 6.574828028678894043e-01 6.008732140848019876e-01
6.622830629348754883e-01 5.907432553720807222e-01 6.544562578201293945e-01 5.950178874481996116e-01
6.642959117889404297e-01 5.874924279001535465e-01 6.532039046287536621e-01 5.945001982418387509e-01
6.606280207633972168e-01 5.904991429976986783e-01 6.564391851425170898e-01 6.013711571593892691e-01
6.601806879043579102e-01 5.937224937628539090e-01 6.600918173789978027e-01 5.971533006702128832e-01
6.642065048217773438e-01 5.876038034820966205e-01 6.639532446861267090e-01 5.925031388460333392e-01
6.610753536224365234e-01 5.901640523288390616e-01 6.532039046287536621e-01 5.951634613986404032e-01
6.641617417335510254e-01 5.867960305114960917e-01 6.583176851272583008e-01 5.937620336316219438e-01
6.668008565902709961e-01 5.832809732817306747e-01 6.564391851425170898e-01 5.928524353886864828e-01
6.668903231620788574e-01 5.860329474697260066e-01 6.638488769531250000e-01 5.839789471828322753e-01
6.670692563056945801e-01 5.810804254660176804e-01 6.506991982460021973e-01 6.139202845716148493e-01
6.710950136184692383e-01 5.820001744055155468e-01 6.586307883262634277e-01 5.915321774533486288e-01
6.660404205322265625e-01 5.837602942227506642e-01 6.613441705703735352e-01 5.865349120174113695e-01
6.693505048751831055e-01 5.794898797540465329e-01 6.645793914794921875e-01 5.898518155870694502e-01
6.651011109352111816e-01 5.822401980228427698e-01 6.669797301292419434e-01 5.846696106980971974e-01
6.703345775604248047e-01 5.776667430620966437e-01 6.610311269760131836e-01 5.933457405973739940e-01
6.686348319053649902e-01 5.825204361869346092e-01 6.608223915100097656e-01 5.910521271183505343e-01
6.674270629882812500e-01 5.766186445316916487e-01 6.676059365272521973e-01 5.832787390617159007e-01
6.716765165328979492e-01 5.740286905173859200e-01 6.683364510536193848e-01 5.878738474930484958e-01
6.764179468154907227e-01 5.729472478806684199e-01 6.661448478698730469e-01 5.867763562382598552e-01
6.698873043060302734e-01 5.773838205720598360e-01 6.615529060363769531e-01 5.941374692058941642e-01
6.755233407020568848e-01 5.740177958142589354e-01 6.640576124191284180e-01 5.852495402041717476e-01
6.749866008758544922e-01 5.716755294825399680e-01 6.625965237617492676e-01 5.858715305719512934e-01
6.723474860191345215e-01 5.713779059158580198e-01 6.524733901023864746e-01 5.900354584182535556e-01
6.694399714469909668e-01 5.751396406099992253e-01 6.710498929023742676e-01 5.763441754442444331e-01
6.732867956161499023e-01 5.747614156839394584e-01 6.731371283531188965e-01 5.789424311365769515e-01
6.765074133872985840e-01 5.671781861711687744e-01 6.703193783760070801e-01 5.764389951376893695e-01
6.784755587577819824e-01 5.680554799560912915e-01 6.752243638038635254e-01 5.788468939729036755e-01
6.750760674476623535e-01 5.699212525628465364e-01 6.656230688095092773e-01 5.907175736620390305e-01
6.782072186470031738e-01 5.688128573968299628e-01 6.736589670181274414e-01 5.755562402838283464e-01
6.809357404708862305e-01 5.652135291814505136e-01 6.754330992698669434e-01 5.721723334422517127e-01
6.755233407020568848e-01 5.687111610589032917e-01 6.709455251693725586e-01 5.821901840000156536e-01
6.748076677322387695e-01 5.714600855985509931e-01 6.707367897033691406e-01 5.748664986437831415e-01
6.814277768135070801e-01 5.663139682205147185e-01 6.658317446708679199e-01 5.788105195137435155e-01
6.793254613876342773e-01 5.651646954980428239e-01 6.760593056678771973e-01 5.735615013014471186e-01
6.785203218460083008e-01 5.644921671514498973e-01 6.714673638343811035e-01 5.770140423378599115e-01
6.806226372718811035e-01 5.644301998314522617e-01 6.749113202095031738e-01 5.743493734359542691e-01
6.820092797279357910e-01 5.619458815752447212e-01 6.701106429100036621e-01 5.808430488983938877e-01
6.795938611030578613e-01 5.603260490693395823e-01 6.806512475013732910e-01 5.678490157591179477e-01
6.815620064735412598e-01 5.602064113920671717e-01 6.738676428794860840e-01 5.737327840750711117e-01
6.860798001289367676e-01 5.603921382494189141e-01 6.706324219703674316e-01 5.713164227985684240e-01
6.808015704154968262e-01 5.600535576214280553e-01 6.710498929023742676e-01 5.740875663102431581e-01
6.817409396171569824e-01 5.609654061033678696e-01 6.832602620124816895e-01 5.671013636719431927e-01
