5.566291213035583496e-01 6.877056868947838408e-01 5.781673789024353027e-01 6.731385733458722376e-01
5.794864892959594727e-01 6.719427199733984946e-01 5.766019821166992188e-01 6.703861722292270287e-01
5.800679922103881836e-01 6.700528537806894613e-01 5.797328352928161621e-01 6.693620014927178508e-01
5.898193120956420898e-01 6.676332012530750148e-01 5.968482494354248047e-01 6.657389569222814663e-01
5.888799428939819336e-01 6.678846716923456661e-01 5.882905721664428711e-01 6.659394113486506450e-01
5.913401246070861816e-01 6.652172762180061927e-01 5.891254544258117676e-01 6.632824521476803348e-01
5.930398702621459961e-01 6.654766851982462095e-01 5.834898948669433594e-01 6.690535212180181990e-01
5.949186086654663086e-01 6.626692595262607677e-01 5.985180735588073730e-01 6.641307608789154271e-01
5.955895781517028809e-01 6.639914255509928864e-01 5.892298221588134766e-01 6.660155891949138818e-01
5.976024270057678223e-01 6.626858984257331109e-01 5.954915285110473633e-01 6.633440778265913274e-01
6.017624139785766602e-01 6.604583201222394839e-01 6.034230589866638184e-01 6.606019852778977075e-01
5.978260636329650879e-01 6.610925098313567005e-01 6.003965735435485840e-01 6.597127258043601339e-01
6.006888747215270996e-01 6.592497372908804332e-01 6.092673540115356445e-01 6.574597213642006110e-01
6.025675535202026367e-01 6.593468905156446569e-01 5.960133671760559082e-01 6.602649890886321815e-01
6.047593355178833008e-01 6.573174988504684180e-01 6.110415458679199219e-01 6.568269001818031194e-01
6.087403893470764160e-01 6.569048589767678692e-01 6.027969121932983398e-01 6.596917747903831009e-01
6.029701232910156250e-01 6.573479657395834286e-01 6.107284426689147949e-01 6.572756715767370528e-01
6.079799532890319824e-01 6.557977996629259509e-01 6.050928831100463867e-01 6.570671453676998341e-01
6.077115535736083984e-01 6.547534688680665127e-01 6.093717217445373535e-01 6.551956896542059372e-01
6.056987047195434570e-01 6.542297905428632321e-01 6.116676926612854004e-01 6.535734115998497185e-01
6.086062192916870117e-01 6.522035174515704581e-01 6.017532944679260254e-01 6.576519451990328058e-01
6.132134795188903809e-01 6.507526888982152480e-01 6.089543104171752930e-01 6.537313320596440658e-01
6.126766800880432129e-01 6.493316829087247832e-01 6.157378554344177246e-01 6.510621215724368138e-01
6.176418066024780273e-01 6.495948380552862833e-01 6.162596344947814941e-01 6.496945724584841653e-01
6.177312731742858887e-01 6.485501325584775989e-01 6.116676926612854004e-01 6.522571086709371135e-01
6.152710914611816406e-01 6.481735214369734877e-01 6.200166940689086914e-01 6.495786050967895520e-01
6.151368618011474609e-01 6.462395816246881974e-01 6.179294586181640625e-01 6.466766040849177832e-01
6.171944737434387207e-01 6.436650120821679755e-01 6.188687086105346680e-01 6.438029141720688076e-01
6.133476495742797852e-01 6.476917762537935941e-01 6.132331490516662598e-01 6.501398009787121568e-01
6.223832368850708008e-01 6.415008455168307311e-01 5.988311171531677246e-01 6.541484056397933733e-01
6.157631278038024902e-01 6.428829477924975500e-01 6.131287813186645508e-01 6.442810864320156483e-01
6.200572848320007324e-01 6.417395525529786537e-01 6.119807958602905273e-01 6.496277223223561048e-01
6.193415522575378418e-01 6.409684614154899096e-01 6.175119876861572266e-01 6.453385566824091368e-01
6.235015392303466797e-01 6.389419247370795585e-01 6.203297972679138184e-01 6.434415563415371020e-01
6.216228008270263672e-01 6.391258861067726782e-01 6.253391504287719727e-01 6.389143968942244678e-01
6.228305697441101074e-01 6.367036685638168825e-01 6.150072813034057617e-01 6.464508339697372374e-01
6.231883764266967773e-01 6.373237541012397589e-01 6.115633249282836914e-01 6.436020619957314448e-01
6.231883764266967773e-01 6.357561609979220929e-01 6.197035908699035645e-01 6.406723909924458837e-01
6.277956962585449219e-01 6.330230568576784567e-01 6.133375167846679688e-01 6.592971252713315522e-01
6.264984607696533203e-01 6.358795588655108411e-01 6.276351213455200195e-01 6.355920487743059732e-01
6.303900480270385742e-01 6.326635201046858503e-01 6.228345036506652832e-01 6.356679629592799641e-01
6.289139389991760254e-01 6.299988932868921809e-01 6.292005777359008789e-01 6.330757691874630000e-01
6.303453445434570312e-01 6.294949078500153838e-01 6.214777827262878418e-01 6.450750042018201791e-01
6.309715509414672852e-01 6.298704155337343513e-01 6.153203845024108887e-01 6.449607153746012012e-01
6.341921687126159668e-01 6.282941923945166707e-01 6.322270631790161133e-01 6.328180974621137045e-01
6.331186294555664062e-01 6.278940308582464658e-01 6.256522536277770996e-01 6.343742307081920995e-01
6.330291628837585449e-01 6.259151886776023188e-01 6.145898699760437012e-01 6.405544983298114836e-01
6.349973082542419434e-01 6.242333724601555334e-01 6.322270631790161133e-01 6.345740464031758288e-01
6.344605684280395508e-01 6.247281720203584632e-01 6.390106678009033203e-01 6.290800962958696951e-01
6.354446411132812500e-01 6.237727924608165164e-01 6.283656954765319824e-01 6.286183067538548830e-01
6.378153562545776367e-01 6.217518730695952289e-01 6.214777827262878418e-01 6.344221801256192395e-01
6.396493315696716309e-01 6.202385343343291835e-01 6.375495791435241699e-01 6.268256850567075489e-01
6.443907618522644043e-01 6.159424764522607454e-01 6.324357986450195312e-01 6.229221915631422135e-01
6.387547254562377930e-01 6.180151624934663301e-01 6.337925195693969727e-01 6.220952299287637599e-01
6.391572952270507812e-01 6.188624522984187415e-01 6.395324468612670898e-01 6.211277199697206042e-01
6.426015496253967285e-01 6.130137178313008750e-01 6.338968873023986816e-01 6.226803772983459107e-01
6.381732225418090820e-01 6.179063919299103702e-01 6.293049454689025879e-01 6.248693966437570690e-01
6.412596106529235840e-01 6.145094106269449741e-01 6.325401663780212402e-01 6.232026934474427238e-01
6.438092589378356934e-01 6.093173083134554302e-01 6.360884904861450195e-01 6.224712821641562588e-01
6.449722647666931152e-01 6.107282524331564266e-01 6.433938741683959961e-01 6.205847843458198732e-01
6.476560831069946289e-01 6.059939756890830864e-01 6.381757259368896484e-01 6.264647006789469952e-01
6.477903127670288086e-01 6.059166722507548508e-01 6.317052841186523438e-01 6.183869931150940413e-01
6.503846645355224609e-01 6.027692971235525388e-01 6.477770805358886719e-01 6.106726484043915049e-01
6.508319973945617676e-01 6.019346477264879702e-01 6.432895064353942871e-01 6.133512484208697435e-01
6.511451005935668945e-01 5.998507295211114032e-01 6.470465660095214844e-01 6.081413938316914125e-01
6.476560831069946289e-01 6.016428332397902867e-01 6.376539468765258789e-01 6.157524790502096890e-01
6.561102271080017090e-01 5.959867625484783771e-01 6.496555805206298828e-01 6.032841076708566064e-01
6.552156209945678711e-01 5.942275962349254925e-01 6.433938741683959961e-01 6.109382895108579348e-01
6.571390032768249512e-01 5.942533066648557627e-01 6.377583146095275879e-01 6.163290325024262106e-01
6.540526151657104492e-01 5.962778548794198663e-01 6.423502564430236816e-01 6.208764040701525433e-01
6.586598753929138184e-01 5.937387121770991705e-01 6.491338014602661133e-01 6.092501949776291115e-01
6.600018143653869629e-01 5.889330778592898330e-01 6.466290950775146484e-01 6.168510357115866150e-01
6.516371369361877441e-01 5.972618855673291760e-01 6.546649932861328125e-01 6.031679356553514282e-01
6.552156209945678711e-01 5.937877672583286026e-01 6.511166691780090332e-01 6.007330806164272730e-01
6.591966152191162109e-01 5.905796477994715854e-01 6.418284177780151367e-01 6.134451272168653935e-01
6.634907722473144531e-01 5.865571803666116413e-01 6.442287564277648926e-01 6.075958167180416369e-01
6.593755483627319336e-01 5.883445157137086046e-01 6.432895064353942871e-01 6.144591955445898313e-01
6.601806879043579102e-01 5.871614175419578308e-01 6.526821255683898926e-01 5.981170183879253033e-01
6.661298871040344238e-01 5.839632149245193027e-01 6.607180237770080566e-01 5.964562893162637103e-01
6.634013056755065918e-01 5.867766776757198377e-01 6.580045819282531738e-01 5.989156414163160358e-01
6.623277664184570312e-01 5.869232726707124259e-01 6.604049205780029297e-01 5.896220656706281371e-01
6.652800440788269043e-01 5.818907498545500268e-01 6.539344787597656250e-01 5.984133879343668250e-01
6.627303361892700195e-01 5.836131792948100472e-01 6.518472433090209961e-01 5.966387256852422327e-01
6.696189045906066895e-01 5.802887600934405476e-01 6.572740674018859863e-01 5.984983548966760214e-01
6.608069539070129395e-01 5.860503211305528870e-01 6.569609642028808594e-01 5.928202696942357353e-01
6.680533289909362793e-01 5.763359963733920566e-01 6.521602869033813477e-01 5.964142482978918025e-01
6.643853783607482910e-01 5.822217635721058659e-01 6.611354351043701172e-01 5.893811399517167038e-01
6.700661778450012207e-01 5.772313445534554832e-01 6.550824642181396484e-01 5.948909134562242462e-01
6.719001531600952148e-01 5.759851310244185063e-01 6.562304496765136719e-01 6.008214062650127918e-01
6.709160804748535156e-01 5.764918936602138055e-01 6.529952287673950195e-01 6.049190284414098784e-01
6.613436937332153320e-01 5.866104107164146209e-01 6.559173464775085449e-01 5.957329745358351802e-01
6.730631589889526367e-01 5.763756811224213239e-01 6.554998755455017090e-01 5.915042120388718239e-01
6.692163348197937012e-01 5.739892633406201705e-01 6.553955078125000000e-01 5.890109517260300187e-01
6.717212200164794922e-01 5.755063397211643839e-01 6.523690223693847656e-01 5.975437575978044258e-01
6.738235950469970703e-01 5.740696468215057413e-01 6.635357737541198730e-01 5.913585306482905812e-01
6.724816560745239258e-01 5.756276284545622790e-01 6.588394641876220703e-01 5.956835095107593236e-01
6.715870499610900879e-01 5.721544725008910204e-01 6.492381691932678223e-01 6.067766680196938767e-01
6.741814017295837402e-01 5.755519935303669010e-01 6.642663478851318359e-01 5.825577993851767111e-01
6.773125529289245605e-01 5.701477175792101226e-01 6.608223915100097656e-01 5.913049422905853891e-01
6.734657287597656250e-01 5.744405292743731684e-01 6.536213755607604980e-01 6.025176361044571882e-01
