5.592234730720520020e-01 6.820963943638087557e-01 5.896472334861755371e-01 6.665720755385595719e-01
5.860171914100646973e-01 6.709122270223044637e-01 5.733667016029357910e-01 6.686388841005785899e-01
5.908928513526916504e-01 6.644938243994624738e-01 6.049885153770446777e-01 6.591195301157625197e-01
5.988996028900146484e-01 6.600081585540948925e-01 5.990398526191711426e-01 6.641763875813405660e-01
6.056987047195434570e-01 6.562309272282024208e-01 6.117720603942871094e-01 6.505362044369047414e-01
6.056539416313171387e-01 6.536603124522634145e-01 5.914214253425598145e-01 6.688907232420898685e-01
6.026570200920104980e-01 6.539205193711555841e-01 6.144855022430419922e-01 6.509242673130229973e-01
6.087850928306579590e-01 6.500138546341667212e-01 6.136506199836730957e-01 6.525802764208823437e-01
6.170155405998229980e-01 6.476409820798770811e-01 6.119807958602905273e-01 6.547173717728090869e-01
6.179996132850646973e-01 6.448011666211059811e-01 6.223126649856567383e-01 6.390965859493366041e-01
6.164788007736206055e-01 6.429091952294564427e-01 6.209559440612792969e-01 6.403114147386329558e-01
6.214886307716369629e-01 6.426516100404343623e-01 6.200166940689086914e-01 6.380665979811354083e-01
6.234567761421203613e-01 6.393245783874271781e-01 6.278438568115234375e-01 6.394824386513873193e-01
6.258274912834167480e-01 6.373135205414922622e-01 6.226257681846618652e-01 6.351895453386977586e-01
6.245303153991699219e-01 6.368918541954164958e-01 6.290962100028991699e-01 6.398358098700708263e-01
6.222937703132629395e-01 6.365231079329188857e-01 6.312878131866455078e-01 6.322180465551140438e-01
6.273930668830871582e-01 6.324260338599662079e-01 6.351492404937744141e-01 6.297226984748210965e-01
6.288244724273681641e-01 6.312990031401913837e-01 6.331663727760314941e-01 6.268977224764608058e-01
6.322687268257141113e-01 6.295765023855174336e-01 6.302441954612731934e-01 6.273743495814761983e-01
6.334317326545715332e-01 6.276045315251578272e-01 6.303485631942749023e-01 6.281395421175438587e-01
6.398729681968688965e-01 6.234069808819017178e-01 6.417240500450134277e-01 6.167466433828048267e-01
6.365628838539123535e-01 6.243819389835540967e-01 6.374452114105224609e-01 6.220124887539284497e-01
6.351762413978576660e-01 6.229218262682492124e-01 6.314965486526489258e-01 6.238908832766422163e-01
6.379495263099670410e-01 6.219565127078909850e-01 6.443331241607666016e-01 6.181247052084402061e-01
6.443012952804565430e-01 6.172848039267208042e-01 6.429764032363891602e-01 6.208332635071949213e-01
6.434513926506042480e-01 6.178914983939305383e-01 6.421415209770202637e-01 6.138851142855233922e-01
6.447933316230773926e-01 6.181920034383315832e-01 6.415153145790100098e-01 6.195848051701973169e-01
6.460458040237426758e-01 6.139986401146865225e-01 6.442287564277648926e-01 6.179627743426207021e-01
6.466273069381713867e-01 6.128287168196689949e-01 6.398455500602722168e-01 6.157555821742625168e-01
6.484612822532653809e-01 6.125078287997427484e-01 6.462116241455078125e-01 6.173324554729402447e-01
6.510109305381774902e-01 6.097075701463753328e-01 6.355667114257812500e-01 6.171350672334102727e-01
6.532474756240844727e-01 6.053474649565657728e-01 6.500730514526367188e-01 6.074708618940577454e-01
6.542762517929077148e-01 6.017998539499230803e-01 6.526821255683898926e-01 6.058252959031447116e-01
6.553497910499572754e-01 6.036827315433568319e-01 6.532039046287536621e-01 6.057575238171512000e-01
6.600465178489685059e-01 6.020245017231544704e-01 6.540388464927673340e-01 6.029408178481745484e-01
6.612989902496337891e-01 5.971662114954395806e-01 6.547693610191345215e-01 6.026239553888265155e-01
6.568259000778198242e-01 5.979507192449421416e-01 6.564391851425170898e-01 6.086299853468210008e-01
6.626856327056884766e-01 5.951301212237418703e-01 6.528908610343933105e-01 6.000970496784990837e-01
6.681427955627441406e-01 5.914477983555953555e-01 6.597787737846374512e-01 5.969143897898384621e-01
6.697530746459960938e-01 5.868211949334457556e-01 6.646837592124938965e-01 5.975626654700579854e-01
6.674718260765075684e-01 5.900765505133939159e-01 6.624921560287475586e-01 5.937218410912546984e-01
6.686795353889465332e-01 5.851173976555901213e-01 6.524733901023864746e-01 6.009519588248114497e-01
6.676954627037048340e-01 5.859639316471985104e-01 6.630139946937561035e-01 5.932523061303051071e-01
6.698425412178039551e-01 5.858787224403241289e-01 6.654143333435058594e-01 5.935754440343845584e-01
6.717659831047058105e-01 5.829644793153641036e-01 6.613441705703735352e-01 5.859788722171834774e-01
6.695294380187988281e-01 5.798750943138509806e-01 6.651012301445007324e-01 5.881312396326783265e-01
6.774020195007324219e-01 5.774054238377753778e-01 6.733458638191223145e-01 5.860397684825434661e-01
6.732867956161499023e-01 5.794706171197527844e-01 6.670840978622436523e-01 5.908865305482159380e-01
6.787887215614318848e-01 5.750474975987439619e-01 6.699019074440002441e-01 5.813035617489775708e-01
6.761048436164855957e-01 5.756906872999478786e-01 6.713629961013793945e-01 5.869506974604452587e-01
6.782072186470031738e-01 5.733976692286559818e-01 6.703193783760070801e-01 5.799651142078360300e-01
6.820092797279357910e-01 5.704531507300955040e-01 6.745982170104980469e-01 5.809097144604227214e-01
6.817409396171569824e-01 5.729986582998514155e-01 6.720935106277465820e-01 5.835794052558163081e-01
6.802648305892944336e-01 5.711197796779106106e-01 6.663535833358764648e-01 5.961086097128877048e-01
6.809805035591125488e-01 5.673690823263890515e-01 6.776247024536132812e-01 5.782982404832675005e-01
6.800411343574523926e-01 5.715985679737377589e-01 6.649968624114990234e-01 5.854362729346670458e-01
6.834406852722167969e-01 5.694306472649320883e-01 6.643707156181335449e-01 5.832309024713652201e-01
6.814725399017333984e-01 5.635242514841499739e-01 6.772072911262512207e-01 5.755834676507269876e-01
6.867954730987548828e-01 5.611608298440422526e-01 6.811730265617370605e-01 5.719638322768691996e-01
6.871533393859863281e-01 5.611987446156015968e-01 6.761636137962341309e-01 5.794131094467364074e-01
6.845142245292663574e-01 5.661947439151578942e-01 6.806512475013732910e-01 5.759164929589009052e-01
6.842905879020690918e-01 5.607403025769616134e-01 6.796075701713562012e-01 5.745390192921439043e-01
6.901055574417114258e-01 5.596160715264910657e-01 6.765810847282409668e-01 5.743985641876010462e-01
6.890767812728881836e-01 5.597045487294493027e-01 6.788770556449890137e-01 5.747873574352244663e-01
6.911343932151794434e-01 5.578678528766424227e-01 6.854518651962280273e-01 5.658659940222762197e-01
6.932367086410522461e-01 5.520758028959498187e-01 6.851388216018676758e-01 5.649097548275594516e-01
6.919842362403869629e-01 5.516457449432178306e-01 6.869129538536071777e-01 5.629631701403533528e-01
6.916264295578002930e-01 5.525230531573913639e-01 6.816948652267456055e-01 5.703731668415957801e-01
6.962783932685852051e-01 5.502919624990332270e-01 6.903569102287292480e-01 5.654368737226138641e-01
6.956521868705749512e-01 5.486565137574958007e-01 6.881653070449829102e-01 5.660135506264876160e-01
6.954284906387329102e-01 5.511647137040250888e-01 6.885827779769897461e-01 5.610007264436945862e-01
6.975308656692504883e-01 5.487911498361035534e-01 6.782509088516235352e-01 5.641047859137153786e-01
6.943550109863281250e-01 5.461538198233546471e-01 6.878522038459777832e-01 5.693942863043950364e-01
6.916711330413818359e-01 5.545725325796680982e-01 6.821122765541076660e-01 5.661738860012469621e-01
7.003041505813598633e-01 5.422889343590360234e-01 6.884784102439880371e-01 5.668898708535196063e-01
6.977545022964477539e-01 5.460547247818574590e-01 6.916092634201049805e-01 5.591025785547883986e-01
7.000358104705810547e-01 5.415495913705707931e-01 6.933834552764892578e-01 5.588908460425873193e-01
6.964126229286193848e-01 5.432098080975826804e-01 6.840952038764953613e-01 5.678988688177715183e-01
6.976650357246398926e-01 5.455008345696256145e-01 6.878522038459777832e-01 5.633797548342736050e-01
6.931920051574707031e-01 5.485584350983685464e-01 6.904612779617309570e-01 5.651853810121062471e-01
6.977097988128662109e-01 5.428361760352075072e-01 6.858693361282348633e-01 5.643133752233074896e-01
6.980676054954528809e-01 5.432733258582074232e-01 6.948444843292236328e-01 5.532064221331282061e-01
7.016013860702514648e-01 5.398794928248015212e-01 6.880609393119812012e-01 5.577603615579364016e-01
7.064322829246520996e-01 5.327528880862094640e-01 6.874347925186157227e-01 5.653700103617440575e-01
7.040168046951293945e-01 5.354712726946571077e-01 6.925485134124755859e-01 5.551293970174516756e-01
7.064322829246520996e-01 5.321067771708566374e-01 6.963055729866027832e-01 5.552691225093880911e-01
7.028090953826904297e-01 5.369676187951740731e-01 6.878522038459777832e-01 5.606181836531322071e-01
7.037931680679321289e-01 5.362387028549284729e-01 6.870173215866088867e-01 5.714304620601070583e-01
6.998121142387390137e-01 5.426525482979543957e-01 6.986015439033508301e-01 5.517522221354546064e-01
7.048667073249816895e-01 5.354622450598366390e-01 6.905656456947326660e-01 5.573167678608672571e-01
7.070137858390808105e-01 5.354680548223575975e-01 6.948444843292236328e-01 5.524419621084110110e-01
7.044641375541687012e-01 5.304401911079276166e-01 6.999582648277282715e-01 5.504585812010214241e-01
7.083109617233276367e-01 5.309539942904349941e-01 6.916092634201049805e-01 5.545250692314803720e-01
7.037931680679321289e-01 5.323154749800340646e-01 6.969317197799682617e-01 5.499073382932789800e-01
7.086688280105590820e-01 5.312743118483727045e-01 6.991233825683593750e-01 5.491150307508531059e-01
7.056718468666076660e-01 5.314052855420312582e-01 6.892089247703552246e-01 5.551696524966412971e-01
7.078189253807067871e-01 5.320214774372283850e-01 6.901481747627258301e-01 5.630580399335488595e-01
7.062086462974548340e-01 5.281482051173482795e-01 7.024629712104797363e-01 5.490327315847054468e-01
7.081320285797119141e-01 5.284936762672990396e-01 6.809642910957336426e-01 5.673209689487571650e-01
7.062086462974548340e-01 5.324176770136210823e-01 6.778334379196166992e-01 5.679524953070226312e-01
