5.153873562812805176e-01 7.009378935489186668e-01 5.656439065933227539e-01 6.869919682763310220e-01
5.225442647933959961e-01 6.944776444875355725e-01 5.676267743110656738e-01 6.847165360054624506e-01
5.327876210212707520e-01 6.892602844045464527e-01 5.666875243186950684e-01 6.813181185991076250e-01
5.460278987884521484e-01 6.859278480745125695e-01 5.676267743110656738e-01 6.789231920287096544e-01
5.586867332458496094e-01 6.827278906553797544e-01 5.670006275177001953e-01 6.774926096655038421e-01
5.608337521553039551e-01 6.809593272200635816e-01 5.680442452430725098e-01 6.763071724602633950e-01
5.615941882133483887e-01 6.795466397738153530e-01 5.658526420593261719e-01 6.758239826362830716e-01
5.650832056999206543e-01 6.793981729647536882e-01 5.744103789329528809e-01 6.739014050229510389e-01
5.701377987861633301e-01 6.773433486300646234e-01 5.744103789329528809e-01 6.747473194912165795e-01
5.665146112442016602e-01 6.773707322025793731e-01 5.743060111999511719e-01 6.732063906672005604e-01
5.711665749549865723e-01 6.769361766426822413e-01 5.772281289100646973e-01 6.722153289361378903e-01
5.713007450103759766e-01 6.761192243861521289e-01 5.818200707435607910e-01 6.729971659604007117e-01
5.727321505546569824e-01 6.759755682552792688e-01 5.736798048019409180e-01 6.727896838590263773e-01
5.776525139808654785e-01 6.738689827735574456e-01 5.804633498191833496e-01 6.738391173107344256e-01
5.760869383811950684e-01 6.757490294609711512e-01 5.683573484420776367e-01 6.749146101967922196e-01
5.750133991241455078e-01 6.730091502061148478e-01 5.743060111999511719e-01 6.705172600116144910e-01
5.805600285530090332e-01 6.725475974534274037e-01 5.878731012344360352e-01 6.699063412408146068e-01
5.778314471244812012e-01 6.728956813269638682e-01 5.799415707588195801e-01 6.737395073371749143e-01
5.788155198097229004e-01 6.734210763491208507e-01 5.714882016181945801e-01 6.768183463228393260e-01
5.763106346130371094e-01 6.719706935668422476e-01 5.782717466354370117e-01 6.699281272298979184e-01
5.813651680946350098e-01 6.724006355096752152e-01 5.772281289100646973e-01 6.713622810944612773e-01
5.750133991241455078e-01 6.727349527898724979e-01 5.795240998268127441e-01 6.708734688269173407e-01
5.806494951248168945e-01 6.716954737960343369e-01 5.863076448440551758e-01 6.692049832016608857e-01
5.818125009536743164e-01 6.708198503915558941e-01 5.701314806938171387e-01 6.721450960031508659e-01
5.759527683258056641e-01 6.717364168226835908e-01 5.814026594161987305e-01 6.695542816228992056e-01
5.766684412956237793e-01 6.728182109231107821e-01 5.735754370689392090e-01 6.711732670276007173e-01
5.791286230087280273e-01 6.723418414731383574e-01 5.715925693511962891e-01 6.706366714543426921e-01
5.812757015228271484e-01 6.709939700095250981e-01 5.718013048171997070e-01 6.718390894642803923e-01
5.847199559211730957e-01 6.698057489737263559e-01 5.786892175674438477e-01 6.691101663323141269e-01
5.822150707244873047e-01 6.714858788670996503e-01 5.733667016029357910e-01 6.704052536653293259e-01
5.836017131805419922e-01 6.706599538879545186e-01 5.770193934440612793e-01 6.698919700272419897e-01
5.842279195785522461e-01 6.699943150875072861e-01 5.763932466506958008e-01 6.699197923457839154e-01
5.824387073516845703e-01 6.701430390529117265e-01 5.809851884841918945e-01 6.684948313313370249e-01
5.836911797523498535e-01 6.699572429500851856e-01 5.683573484420776367e-01 6.721168843571713181e-01
5.806941986083984375e-01 6.702311126420953391e-01 5.872468948364257812e-01 6.675234981902927744e-01
5.831544399261474609e-01 6.702764633943664174e-01 5.727405548095703125e-01 6.701533726599837593e-01
5.840937495231628418e-01 6.672496157909126868e-01 5.948653817176818848e-01 6.678904940404715163e-01
5.874933004379272461e-01 6.675614085515680918e-01 5.899603366851806641e-01 6.668951861347293120e-01
5.874485373497009277e-01 6.677037859713802481e-01 5.809851884841918945e-01 6.677854274613601593e-01
5.869117975234985352e-01 6.678020722069623050e-01 5.777499675750732422e-01 6.686058232665336165e-01
5.854356884956359863e-01 6.683173977554451861e-01 5.895428657531738281e-01 6.667157836434139950e-01
5.839595794677734375e-01 6.688491314313645963e-01 5.875599980354309082e-01 6.664873039366631113e-01
5.877617001533508301e-01 6.670190436956515700e-01 5.889167189598083496e-01 6.660642836019754487e-01
5.827071070671081543e-01 6.674394372708684076e-01 5.898559689521789551e-01 6.661155624818613230e-01
5.894614458084106445e-01 6.658740604706582245e-01 5.957002639770507812e-01 6.667433028006150009e-01
5.876274704933166504e-01 6.672964014591524773e-01 5.812982916831970215e-01 6.664724529871883796e-01
5.864197611808776855e-01 6.687925150706273136e-01 5.970569849014282227e-01 6.653561847763802550e-01
5.898640155792236328e-01 6.667266387507748693e-01 5.884992480278015137e-01 6.654155149859940499e-01
5.863749980926513672e-01 6.656289808885380577e-01 5.893341898918151855e-01 6.649121312054032673e-01
5.894614458084106445e-01 6.652236322124649437e-01 5.924650430679321289e-01 6.645083746415442194e-01
5.845857858657836914e-01 6.654699547791186331e-01 5.948653817176818848e-01 6.630251696377998938e-01
5.866433978080749512e-01 6.660648589911455364e-01 5.964307785034179688e-01 6.640858717139890288e-01
5.878064036369323730e-01 6.674758502911916080e-01 5.916301608085632324e-01 6.640787006942296955e-01
5.896850824356079102e-01 6.656093857309263173e-01 5.857858657836914062e-01 6.658477329730091432e-01
5.893719792366027832e-01 6.662756138484365875e-01 5.927781462669372559e-01 6.638785401358033855e-01
5.900429487228393555e-01 6.657624069150049895e-01 5.828636884689331055e-01 6.667279853897437603e-01
5.859277248382568359e-01 6.676427027709498363e-01 5.790023207664489746e-01 6.658872184313505693e-01
5.891483426094055176e-01 6.641759556016804122e-01 5.850552916526794434e-01 6.650322014965510675e-01
5.920110940933227539e-01 6.648994886847424679e-01 5.890210866928100586e-01 6.645676471375393524e-01
5.918769240379333496e-01 6.646091038990071809e-01 5.915257930755615234e-01 6.639024218918758713e-01
5.935319662094116211e-01 6.645676850590046536e-01 5.896472334861755371e-01 6.641706888249213625e-01
5.917874574661254883e-01 6.648317037423878695e-01 5.850552916526794434e-01 6.662597910667654721e-01
5.904455184936523438e-01 6.654296349724070359e-01 5.859946012496948242e-01 6.656192451174287594e-01
5.891035795211791992e-01 6.649663306387448847e-01 5.924650430679321289e-01 6.647059372784672737e-01
5.885668396949768066e-01 6.651240483041013229e-01 5.939261317253112793e-01 6.635633234041166117e-01
5.893272757530212402e-01 6.647098345542384878e-01 5.982049703598022461e-01 6.623946492991947821e-01
5.914295911788940430e-01 6.633495041948244131e-01 5.854727625846862793e-01 6.667284467627871969e-01
5.934424996376037598e-01 6.623720752678866619e-01 6.013358235359191895e-01 6.609248078906991841e-01
5.952764153480529785e-01 6.637048849715680987e-01 5.972657203674316406e-01 6.617223753159788835e-01
5.888352394104003906e-01 6.639791956888922986e-01 5.874556303024291992e-01 6.648954607529222738e-01
5.906691551208496094e-01 6.630595967794791212e-01 5.930911898612976074e-01 6.624425905055876251e-01
5.896403789520263672e-01 6.638297219783211300e-01 6.001878380775451660e-01 6.619115140910338813e-01
5.920557975769042969e-01 6.633489294669819847e-01 6.039448976516723633e-01 6.604328419390363969e-01
5.929951667785644531e-01 6.628199585287360973e-01 5.913170576095581055e-01 6.637230100325168802e-01
5.918769240379333496e-01 6.636476792084506915e-01 5.840116739273071289e-01 6.659697541685946076e-01
5.951422452926635742e-01 6.625796743423829627e-01 6.056147217750549316e-01 6.594491407035711905e-01
5.930398702621459961e-01 6.620539208605157322e-01 6.029012799263000488e-01 6.608990274822256206e-01
5.913401246070861816e-01 6.626512129909558624e-01 5.941348075866699219e-01 6.614424359124131403e-01
5.981392264366149902e-01 6.609925030382231004e-01 5.801503062248229980e-01 6.651304916334261907e-01
5.934872031211853027e-01 6.623633870244090005e-01 6.041536331176757812e-01 6.589012743411046813e-01
5.910270214080810547e-01 6.617314189613814346e-01 5.938217639923095703e-01 6.620174354139386486e-01
5.942476391792297363e-01 6.621527574232555224e-01 5.994573235511779785e-01 6.619299466812493815e-01
5.929951667785644531e-01 6.634917767066225158e-01 5.939261317253112793e-01 6.612889873312152167e-01
5.917426943778991699e-01 6.616124368925431209e-01 5.993529558181762695e-01 6.605824859872339028e-01
5.908480882644653320e-01 6.627165650741254632e-01 5.942391753196716309e-01 6.610595298395652852e-01
5.923689603805541992e-01 6.615781202941658501e-01 6.023794412612915039e-01 6.601640367353666106e-01
5.943818092346191406e-01 6.613894593824447554e-01 6.031100153923034668e-01 6.595259994685189753e-01
5.946949124336242676e-01 6.621611958903177442e-01 6.009184122085571289e-01 6.627472992033929255e-01
5.926373004913330078e-01 6.617766183398239299e-01 6.015445590019226074e-01 6.599996486428734155e-01
5.928609967231750488e-01 6.613282372644793128e-01 6.007096767425537109e-01 6.612237735298226449e-01
5.915190577507019043e-01 6.617119616335119803e-01 6.016489267349243164e-01 6.602977477939361295e-01
5.933977365493774414e-01 6.616686927672894569e-01 5.854727625846862793e-01 6.626920918909748881e-01
5.972893238067626953e-01 6.618006910977455304e-01 5.996660590171813965e-01 6.598294067049395029e-01
5.957684516906738281e-01 6.608707137495188899e-01 6.000834703445434570e-01 6.605471216097078546e-01
5.951869487762451172e-01 6.614643491472662618e-01 5.959089994430541992e-01 6.604686962664936267e-01
5.980497598648071289e-01 6.606126328256053393e-01 6.005009412765502930e-01 6.598423015620956678e-01
5.954106450080871582e-01 6.607965795100961826e-01 5.957002639770507812e-01 6.600545128833473774e-01
5.955448150634765625e-01 6.612370649376332343e-01 5.889167189598083496e-01 6.630286268191655230e-01
5.974234938621520996e-01 6.602423335043128283e-01 5.808808207511901855e-01 6.694141705855773949e-01
5.971998572349548340e-01 6.596855716471553555e-01 5.965351462364196777e-01 6.589269988647807885e-01
