5.530506372451782227e-01 6.882646209461187325e-01 5.580254793167114258e-01 6.788843878000769827e-01
5.819466710090637207e-01 6.730738731078159676e-01 5.891254544258117676e-01 6.697523349562111150e-01
5.847647190093994141e-01 6.667301809346234398e-01 5.858902335166931152e-01 6.686364493173986290e-01
5.923689603805541992e-01 6.644130898281295217e-01 5.996660590171813965e-01 6.613113960028441651e-01
6.009572148323059082e-01 6.606419071952395194e-01 5.891254544258117676e-01 6.643457478905639979e-01
5.967525243759155273e-01 6.581613638358799756e-01 6.070757508277893066e-01 6.596169754274949781e-01
6.085167527198791504e-01 6.543448775350823032e-01 6.072844862937927246e-01 6.513275963308119421e-01
6.067274808883666992e-01 6.521187413461861926e-01 5.950741171836853027e-01 6.513970570284597361e-01
6.129003167152404785e-01 6.507674378750681887e-01 6.108328104019165039e-01 6.505119567299605388e-01
6.107532382011413574e-01 6.503234684712602132e-01 6.144855022430419922e-01 6.486786804600315204e-01
6.135712862014770508e-01 6.454178283414637729e-01 5.993529558181762695e-01 6.503800696780253077e-01
6.209518909454345703e-01 6.443344239238166793e-01 6.204341650009155273e-01 6.441779576818920106e-01
6.188048124313354492e-01 6.430303260516044839e-01 6.169902086257934570e-01 6.405576975229662073e-01
6.212649941444396973e-01 6.408357876083849991e-01 6.216865181922912598e-01 6.343385769290282861e-01
6.209965944290161133e-01 6.444732754446778067e-01 6.276351213455200195e-01 6.358396079141643842e-01
6.252012848854064941e-01 6.371426130369196583e-01 6.181381940841674805e-01 6.402375476516082298e-01
6.303005814552307129e-01 6.349165625170360983e-01 6.256522536277770996e-01 6.361724990838953930e-01
6.295401453971862793e-01 6.351199338742841149e-01 6.356710791587829590e-01 6.276034396044573027e-01
6.350420713424682617e-01 6.283296262840397661e-01 6.343143582344055176e-01 6.345449333597986685e-01
6.318661570549011230e-01 6.321234729618906423e-01 6.390106678009033203e-01 6.257759963911228018e-01
6.335659623146057129e-01 6.277692926913303051e-01 6.366103291511535645e-01 6.226507709708598570e-01
6.349078416824340820e-01 6.276707750864928270e-01 6.369233727455139160e-01 6.284614542634868739e-01
6.445696949958801270e-01 6.228931615531370092e-01 6.334794163703918457e-01 6.270623605327451111e-01
6.343263387680053711e-01 6.262242905162361817e-01 6.426633000373840332e-01 6.213604180829257473e-01
6.451511979103088379e-01 6.203910209535805631e-01 6.420371532440185547e-01 6.187334129716279829e-01
6.445249319076538086e-01 6.198370557476357012e-01 6.439156532287597656e-01 6.182028614039013492e-01
6.494900584220886230e-01 6.153610334730805764e-01 6.417240500450134277e-01 6.178186851711269245e-01
6.457774043083190918e-01 6.149074689265674465e-01 6.383844614028930664e-01 6.216371725257964220e-01
6.475666761398315430e-01 6.120051908714866373e-01 6.484032273292541504e-01 6.128741202063809901e-01
6.504741311073303223e-01 6.118498023197462832e-01 6.509079337120056152e-01 6.132387890245440953e-01
6.562891602516174316e-01 6.080406849830942706e-01 6.386975646018981934e-01 6.135077649430824565e-01
6.547682881355285645e-01 6.071233864780998246e-01 6.490294337272644043e-01 6.042267114726468380e-01
6.544104218482971191e-01 6.067036619700862943e-01 6.445418596267700195e-01 6.121884541629973864e-01
6.513687372207641602e-01 6.033929513677711576e-01 6.527864933013916016e-01 6.017640539211909223e-01
6.555734276771545410e-01 6.059005902158615120e-01 6.446462273597717285e-01 6.095396452969237266e-01
6.589282751083374023e-01 6.007138872790750428e-01 6.536213755607604980e-01 6.039206900668279143e-01
6.573626995086669922e-01 5.995925665541611549e-01 6.453767418861389160e-01 6.040031234647257330e-01
6.608516573905944824e-01 5.982683000655864003e-01 6.543518900871276855e-01 6.020652327202128395e-01
6.624172329902648926e-01 5.937432372137053660e-01 6.632227301597595215e-01 5.957975300859743584e-01
6.602701544761657715e-01 5.960642161768607838e-01 6.635357737541198730e-01 5.935734479319350054e-01
6.654142141342163086e-01 5.911919983838064274e-01 6.691713333129882812e-01 5.953704374514798836e-01
6.644748449325561523e-01 5.917528449134635826e-01 6.692757010459899902e-01 5.905827779258324695e-01
6.680085659027099609e-01 5.867445586213572151e-01 6.593613028526306152e-01 5.988319303192691789e-01
6.712739467620849609e-01 5.876458807353321934e-01 6.554998755455017090e-01 5.970718898571152344e-01
6.676507592201232910e-01 5.855914852149500804e-01 6.567522287368774414e-01 5.924586486254075357e-01
6.676507592201232910e-01 5.862157452424281434e-01 6.625965237617492676e-01 5.865561411117516943e-01
6.680980324745178223e-01 5.846100888198508816e-01 6.603005528450012207e-01 5.927404515605410040e-01
6.731078624725341797e-01 5.803782062531370745e-01 6.647881269454956055e-01 5.858439666646130251e-01
6.735551953315734863e-01 5.793361749348732159e-01 6.689626574516296387e-01 5.857686590760218248e-01
6.685006022453308105e-01 5.830623172416864453e-01 6.450636386871337891e-01 5.997547473819886399e-01
6.735551953315734863e-01 5.807266106629418445e-01 6.682320833206176758e-01 5.837561190563760327e-01
6.783413887023925781e-01 5.782028794139330019e-01 6.686495542526245117e-01 5.832627311028559802e-01
6.740919947624206543e-01 5.767181153202722843e-01 6.694844365119934082e-01 5.833825469514667406e-01
6.756575703620910645e-01 5.792127071499376667e-01 6.566478610038757324e-01 5.850052047039566716e-01
6.807121038436889648e-01 5.697037903966919448e-01 6.691713333129882812e-01 5.806135571816598562e-01
6.802648305892944336e-01 5.706810622442214376e-01 6.612398028373718262e-01 5.866910720687648073e-01
6.761943101882934570e-01 5.745111376894972421e-01 6.694844365119934082e-01 5.815353295519913868e-01
6.785203218460083008e-01 5.718437679809158514e-01 6.692757010459899902e-01 5.804071946672596516e-01
6.864823698997497559e-01 5.658909576718550438e-01 6.757462024688720703e-01 5.812475313674529964e-01
6.843800544738769531e-01 5.663868191204252112e-01 6.716760396957397461e-01 5.782607532298980058e-01
6.829933524131774902e-01 5.645097222497114098e-01 6.726153492927551270e-01 5.735973506276380585e-01
6.821882128715515137e-01 5.659414226711489970e-01 6.712586283683776855e-01 5.787653295885817339e-01
6.812489032745361328e-01 5.670129944843477210e-01 6.707367897033691406e-01 5.753756461101692254e-01
6.819198131561279297e-01 5.663291670529995159e-01 6.740763783454895020e-01 5.777766653675795450e-01
6.846483945846557617e-01 5.630835354658759728e-01 6.687539219856262207e-01 5.738294228609706060e-01
6.867060065269470215e-01 5.611388762983915424e-01 6.759549379348754883e-01 5.736282748261365416e-01
6.853641271591186523e-01 5.641016668466276585e-01 6.659361124038696289e-01 5.797104523615358440e-01
6.848273277282714844e-01 5.628763028602307150e-01 6.798163056373596191e-01 5.682219344523077309e-01
6.892556548118591309e-01 5.571698631406747371e-01 6.630139946937561035e-01 5.950511713735595620e-01
6.866165399551391602e-01 5.608553629182578826e-01 6.828428506851196289e-01 5.639233036171641400e-01
6.894345879554748535e-01 5.587236943324278560e-01 6.785639524459838867e-01 5.711322334110798815e-01
6.851851940155029297e-01 5.613809489013684706e-01 6.764767169952392578e-01 5.707471960896217666e-01
6.839774847030639648e-01 5.651499344168291472e-01 6.801294088363647461e-01 5.709377591183478762e-01
6.869297027587890625e-01 5.576113904817178168e-01 6.759549379348754883e-01 5.706607044377622895e-01
6.931920051574707031e-01 5.520536583146931076e-01 6.759549379348754883e-01 5.765760893290238220e-01
6.910001635551452637e-01 5.558036495873956984e-01 6.758505702018737793e-01 5.735361195635730880e-01
6.904634237289428711e-01 5.560901803393593079e-01 6.846169829368591309e-01 5.685696533193570490e-01
6.972177624702453613e-01 5.489461571911320448e-01 6.828428506851196289e-01 5.651250338161247777e-01
6.943102478981018066e-01 5.553307938733581528e-01 6.684408187866210938e-01 5.816701700756580218e-01
6.893451213836669922e-01 5.535042881112466340e-01 6.806512475013732910e-01 5.696356813958880494e-01
6.994543075561523438e-01 5.453038610921902007e-01 6.653099656105041504e-01 5.965944269807720302e-01
6.968598961830139160e-01 5.489241400735922483e-01 6.943227052688598633e-01 5.560929384218629146e-01
6.970835328102111816e-01 5.447953050113957252e-01 6.725109815597534180e-01 5.768948858975120331e-01
6.943997144699096680e-01 5.479907150941706329e-01 6.717804074287414551e-01 5.698234277910142476e-01
6.977992653846740723e-01 5.436020433732106083e-01 6.822166442871093750e-01 5.641618903607372726e-01
6.992306113243103027e-01 5.443012017558738203e-01 6.966186761856079102e-01 5.540816678654497673e-01
7.011093497276306152e-01 5.392742729673318802e-01 6.677103042602539062e-01 5.722826498954636243e-01
6.997226476669311523e-01 5.430381393726960715e-01 6.911917924880981445e-01 5.606963853078653637e-01
7.016907930374145508e-01 5.410656872280255048e-01 6.859737038612365723e-01 5.641707014724024472e-01
6.997674107551574707e-01 5.430405899884982457e-01 6.918179988861083984e-01 5.558409955849406003e-01
7.018697261810302734e-01 5.410573139858706471e-01 6.921311020851135254e-01 5.551880140738506553e-01
7.028090953826904297e-01 5.380078549994234960e-01 6.887915134429931641e-01 5.634273307678272502e-01
7.027643322944641113e-01 5.387900514239210015e-01 6.830515265464782715e-01 5.628426374311213953e-01
6.976650357246398926e-01 5.422512624638732293e-01 6.924441456794738770e-01 5.586796132091489397e-01
7.013776898384094238e-01 5.382975895197068539e-01 6.946357488632202148e-01 5.522452971303769553e-01
7.025406956672668457e-01 5.366554376658396741e-01 6.823210120201110840e-01 5.654015635254735495e-01
7.059402465820312500e-01 5.364629045584735634e-01 6.962012052536010742e-01 5.493794922738104436e-01
6.994990110397338867e-01 5.409814437891635741e-01 6.760593056678771973e-01 5.751386401897630174e-01
7.074610590934753418e-01 5.333990330644062805e-01 6.892089247703552246e-01 5.672479913469098411e-01
7.061638832092285156e-01 5.329357819899311899e-01 6.761636137962341309e-01 5.696669409404938600e-01
