5.598049759864807129e-01 6.852802091302631071e-01 5.674180984497070312e-01 6.725190304137301789e-01
5.851672887802124023e-01 6.715816386933188831e-01 5.847422480583190918e-01 6.725813552124518813e-01
5.950975418090820312e-01 6.638040000092558790e-01 6.031100153923034668e-01 6.593866248987731993e-01
5.935766696929931641e-01 6.626313118756318454e-01 5.945522785186767578e-01 6.615495339760674165e-01
6.011361479759216309e-01 6.607277947155557607e-01 6.007096767425537109e-01 6.592130148069914597e-01
6.017624139785766602e-01 6.577083690368248359e-01 5.923606753349304199e-01 6.613044848747627880e-01
6.034174561500549316e-01 6.562030081737018072e-01 6.041536331176757812e-01 6.529464497617977203e-01
6.082035899162292480e-01 6.546905554349786716e-01 6.127113103866577148e-01 6.486347958653935208e-01
6.114689707756042480e-01 6.504022059510572440e-01 6.162596344947814941e-01 6.498847210165902277e-01
6.180443763732910156e-01 6.480314647133991190e-01 6.118764281272888184e-01 6.493516934861024437e-01
6.136160492897033691e-01 6.489746475885199706e-01 6.146942377090454102e-01 6.495014674676979904e-01
6.205940246582031250e-01 6.439420200349776913e-01 6.204341650009155273e-01 6.409559584415374101e-01
6.196546554565429688e-01 6.442822238630675491e-01 6.280525922775268555e-01 6.385423439799606804e-01
6.223832368850708008e-01 6.425256246657891079e-01 6.245042681694030762e-01 6.337883062015319258e-01
6.263642907142639160e-01 6.425582399669454992e-01 6.281569600105285645e-01 6.352989723005117995e-01
6.219359636306762695e-01 6.422541814021890394e-01 6.275308132171630859e-01 6.352652606051442108e-01
6.271694302558898926e-01 6.387358081214946637e-01 6.293049454689025879e-01 6.349856116731389388e-01
6.309715509414672852e-01 6.353746781005353839e-01 6.197035908699035645e-01 6.428862336009859568e-01
6.269010305404663086e-01 6.345166845320802107e-01 6.239824891090393066e-01 6.402408853499831354e-01
6.290034055709838867e-01 6.320933555635277479e-01 6.310790777206420898e-01 6.321901148929647274e-01
6.324924230575561523e-01 6.296866718505699234e-01 6.288874745368957520e-01 6.293053466276942176e-01
6.324476599693298340e-01 6.293533595415833348e-01 6.346274018287658691e-01 6.241278089404080909e-01
6.378153562545776367e-01 6.252039293949368526e-01 6.440200209617614746e-01 6.232320325804064920e-01
6.360261440277099609e-01 6.261291415816365724e-01 6.340012550354003906e-01 6.287771547619471768e-01
6.373680233955383301e-01 6.234355085777839589e-01 6.358797550201416016e-01 6.233573891603481076e-01
6.396940350532531738e-01 6.220490081320083631e-01 6.356710791587829590e-01 6.276106692833482992e-01
6.446143984794616699e-01 6.226050505742208863e-01 6.436026096343994141e-01 6.172505697012694581e-01
6.410806775093078613e-01 6.210506805837805455e-01 6.224170327186584473e-01 6.302817162181509891e-01
6.435856223106384277e-01 6.171376529629786223e-01 6.399499177932739258e-01 6.268470450175179787e-01
6.406334042549133301e-01 6.201927804161981861e-01 6.434982419013977051e-01 6.161779747131695961e-01
6.449275612831115723e-01 6.155936836471155305e-01 6.485075950622558594e-01 6.151713057341642310e-01
6.447933316230773926e-01 6.155040575536979697e-01 6.444374918937683105e-01 6.148366311650962368e-01
6.532027125358581543e-01 6.112503275331220287e-01 6.497599482536315918e-01 6.124108443800627688e-01
6.537395119667053223e-01 6.113567807034956392e-01 6.551868319511413574e-01 6.105994366076713531e-01
6.527106761932373047e-01 6.091291582270841332e-01 6.506991982460021973e-01 6.128292317754713281e-01
6.532027125358581543e-01 6.085957108296441431e-01 6.558129787445068359e-01 6.073785049510733725e-01
6.595544815063476562e-01 6.056327303442594623e-01 6.509079337120056152e-01 6.055606246815671279e-01
6.570942997932434082e-01 6.068264204928094374e-01 6.537257432937622070e-01 6.039473986829703156e-01
6.595544815063476562e-01 5.985962275764259433e-01 6.569609642028808594e-01 6.008496710712191158e-01
6.597781181335449219e-01 5.985235725005425556e-01 6.548737287521362305e-01 6.086807601065208351e-01
6.653694510459899902e-01 5.958400632853498857e-01 6.581089496612548828e-01 6.063078708077392909e-01
6.632671356201171875e-01 5.957309398290231428e-01 6.585264205932617188e-01 6.011367807480866299e-01
6.621041297912597656e-01 5.971479918304507528e-01 6.527864933013916016e-01 6.062811513928425544e-01
6.624172329902648926e-01 5.946911614575525196e-01 6.622834205627441406e-01 5.958359731286235750e-01
6.683217287063598633e-01 5.939936700799763880e-01 6.575871706008911133e-01 5.968819319691794911e-01
6.663982868194580078e-01 5.935379808928933354e-01 6.673972010612487793e-01 5.962479222395603573e-01
6.682322621345520020e-01 5.936147975866175042e-01 6.598831415176391602e-01 5.966554942471427037e-01
6.702004075050354004e-01 5.872710732915444876e-01 6.719891428947448730e-01 5.921183736332770176e-01
6.681874990463256836e-01 5.885608419576000561e-01 6.590481996536254883e-01 5.982600323991172919e-01
6.658167839050292969e-01 5.903923383209568332e-01 6.629096269607543945e-01 5.972077549063719015e-01
6.717659831047058105e-01 5.844058682590503873e-01 6.623877882957458496e-01 5.962168310335995702e-01
6.743603348731994629e-01 5.834116551803122386e-01 6.580045819282531738e-01 6.025774506655696694e-01
6.724369525909423828e-01 5.840522459952940393e-01 6.739720106124877930e-01 5.851774554216794266e-01
6.738682985305786133e-01 5.838710490376221030e-01 6.703193783760070801e-01 5.869802582664545021e-01
6.739577651023864746e-01 5.802280838661446616e-01 6.690670251846313477e-01 5.864195964501113245e-01
6.746734380722045898e-01 5.795020142423166210e-01 6.709455251693725586e-01 5.857698080858689815e-01
6.706029772758483887e-01 5.813216175967326205e-01 6.627008914947509766e-01 5.981390476973263981e-01
6.772231459617614746e-01 5.779835803070655365e-01 6.655187010765075684e-01 5.890306731127319395e-01
6.756575703620910645e-01 5.764928857485452918e-01 6.728240251541137695e-01 5.816865788325216169e-01
6.801306009292602539e-01 5.737910803282787464e-01 6.683364510536193848e-01 5.880829273621788200e-01
6.792807579040527344e-01 5.746245220087576877e-01 6.743894815444946289e-01 5.832279588404341020e-01
6.818304061889648438e-01 5.702723371980441547e-01 6.776247024536132812e-01 5.821385516724241205e-01
6.834853887557983398e-01 5.708796885054532311e-01 6.684408187866210938e-01 5.881105284182270854e-01
6.839774847030639648e-01 5.690450063010280557e-01 6.688582897186279297e-01 5.836479902093282268e-01
6.829486489295959473e-01 5.666314784945988281e-01 6.682320833206176758e-01 5.839860894142075987e-01
6.829486489295959473e-01 5.642333818177328597e-01 6.793988943099975586e-01 5.792579260605955627e-01
6.861245036125183105e-01 5.653509843283336389e-01 6.727196574211120605e-01 5.804571892791688947e-01
6.844695210456848145e-01 5.670807537675905952e-01 6.838864684104919434e-01 5.693916519433166457e-01
6.845142245292663574e-01 5.635916061831365287e-01 6.834689974784851074e-01 5.719499278481582349e-01
6.859456300735473633e-01 5.635906966497442605e-01 6.787726879119873047e-01 5.782819689502051164e-01
6.859456300735473633e-01 5.625514787794929639e-01 6.785639524459838867e-01 5.698708512792505232e-01
6.874217391014099121e-01 5.636525022192234724e-01 6.851388216018676758e-01 5.701182251358748454e-01
6.917605996131896973e-01 5.604761657187584678e-01 6.873304247856140137e-01 5.682636538718344177e-01
6.901055574417114258e-01 5.547046333332781298e-01 6.777290701866149902e-01 5.825277456060826697e-01
6.864823698997497559e-01 5.651645464277753605e-01 6.708411574363708496e-01 5.757993911308426638e-01
6.868402361869812012e-01 5.644970226211056818e-01 6.852431893348693848e-01 5.684934937488657081e-01
6.921184659004211426e-01 5.554426373554952612e-01 6.867042183876037598e-01 5.695305543288237127e-01
6.926999688148498535e-01 5.554881669217005546e-01 6.835733652114868164e-01 5.705084544312005734e-01
6.922526359558105469e-01 5.537407817877262328e-01 6.785639524459838867e-01 5.752681849943872550e-01
6.943102478981018066e-01 5.529847121298430146e-01 6.890001893043518066e-01 5.634121637930578075e-01
6.951153874397277832e-01 5.538984747857820246e-01 6.804425120353698730e-01 5.747825175778797924e-01
6.883610486984252930e-01 5.608081323641062044e-01 6.817992329597473145e-01 5.692945407865640517e-01
6.926999688148498535e-01 5.523372199096413526e-01 6.858693361282348633e-01 5.638499076817782285e-01
6.865718364715576172e-01 5.580223491610344366e-01 6.851388216018676758e-01 5.666470938076233477e-01
6.915816664695739746e-01 5.515222694370865986e-01 6.857649683952331543e-01 5.609780754283633097e-01
6.899713873863220215e-01 5.525395780145897495e-01 6.874347925186157227e-01 5.662929524063591291e-01
6.926105022430419922e-01 5.530982300983087185e-01 6.814861297607421875e-01 5.729665158437403649e-01
6.919842362403869629e-01 5.534919396157468308e-01 6.827384829521179199e-01 5.647407209815971108e-01
6.917605996131896973e-01 5.507271684416933377e-01 6.804425120353698730e-01 5.665465077038125408e-01
6.976650357246398926e-01 5.446248576644922013e-01 6.816948652267456055e-01 5.685953924362805445e-01
6.939971446990966797e-01 5.490256346472902615e-01 6.864954829216003418e-01 5.607883390019766656e-01
6.945786476135253906e-01 5.515842146919545108e-01 6.844082474708557129e-01 5.739446704632999996e-01
6.974413990974426270e-01 5.473224603334209126e-01 6.905656456947326660e-01 5.602709077589448361e-01
7.004830837249755859e-01 5.443705122635944527e-01 6.840952038764953613e-01 5.627075463589386040e-01
7.005725502967834473e-01 5.420572536429771882e-01 6.809642910957336426e-01 5.693320488287795245e-01
6.969940662384033203e-01 5.442130189928221506e-01 6.867042183876037598e-01 5.651581805176835172e-01
6.994990110397338867e-01 5.436285752946393712e-01 6.738676428794860840e-01 5.669887737077303758e-01
6.994543075561523438e-01 5.461058700248921927e-01 6.942183375358581543e-01 5.532280730817989989e-01
6.969046592712402344e-01 5.463407733910069508e-01 6.895220279693603516e-01 5.568028361606737198e-01
7.007961869239807129e-01 5.414948160990894488e-01 6.904612779617309570e-01 5.586950241262841343e-01
