5.394077897071838379e-01 7.144141755284937334e-01 5.676267743110656738e-01 6.794614522150079772e-01
5.123456716537475586e-01 6.942436029519009066e-01 5.014610886573791504e-01 6.931469286565515864e-01
4.942744672298431396e-01 6.939194443017260294e-01 4.990607500076293945e-01 6.933159545402988178e-01
5.004920363426208496e-01 6.934708718495071755e-01 4.990607500076293945e-01 6.938304153545692410e-01
5.038468241691589355e-01 6.932522078003220400e-01 4.990607500076293945e-01 6.931606567221976212e-01
5.013866424560546875e-01 6.933632631766004639e-01 5.009392499923706055e-01 6.931693395053486473e-01
4.995974302291870117e-01 6.933273514901019396e-01 5.009392499923706055e-01 6.931956672539071329e-01
5.030864477157592773e-01 6.931373600585235550e-01 5.009392499923706055e-01 6.932934287245799965e-01
5.083646178245544434e-01 6.929964959290825233e-01 5.009392499923706055e-01 6.931709515802100263e-01
5.009393692016601562e-01 6.933943392083350421e-01 5.009392499923706055e-01 6.933096045990921885e-01
4.936034977436065674e-01 6.933689455500569032e-01 5.009392499923706055e-01 6.931830771380937950e-01
4.979423880577087402e-01 6.932758708336332898e-01 4.991650879383087158e-01 6.931702160083832442e-01
5.001341700553894043e-01 6.935104014280977225e-01 4.988520145416259766e-01 6.931473431022897591e-01
4.971819519996643066e-01 6.932788875602527989e-01 5.009392499923706055e-01 6.934231762671067001e-01
5.072463750839233398e-01 6.931086301611625311e-01 4.990607500076293945e-01 6.932336890456124445e-01
4.962426126003265381e-01 6.933008420977145869e-01 4.990607500076293945e-01 6.932181511187051060e-01
4.991948604583740234e-01 6.932841119836194999e-01 4.990607500076293945e-01 6.931630512215454232e-01
4.978081881999969482e-01 6.933467394978442000e-01 5.009392499923706055e-01 6.931763569165609873e-01
4.956611096858978271e-01 6.934422801978090689e-01 4.990607500076293945e-01 6.931816123766532112e-01
5.010735392570495605e-01 6.941558655866635341e-01 5.013567209243774414e-01 6.932657852075314597e-01
4.988369941711425781e-01 6.946033914116077623e-01 5.346482992172241211e-01 6.928814890563326223e-01
5.018786787986755371e-01 7.178266862889568500e-01 4.987476468086242676e-01 6.953970291275640703e-01
4.973608851432800293e-01 6.959961344121201599e-01 5.012523531913757324e-01 6.929550436637367250e-01
4.959295094013214111e-01 7.781242218890371820e-01 4.990607500076293945e-01 6.929634615663844421e-01
4.979423880577087402e-01 1.313061859307380397e+00 5.012523531913757324e-01 6.933062418570624663e-01
5.006709694862365723e-01 2.243622120366494777e+00 5.009392499923706055e-01 6.935971472711708330e-01
4.988369941711425781e-01 7.004872891318074668e-01 4.990607500076293945e-01 6.931826823366332713e-01
4.987922608852386475e-01 6.944769215212671654e-01 5.009392499923706055e-01 6.931511400587447858e-01
5.046967267990112305e-01 6.953126079261057191e-01 4.990607500076293945e-01 6.931542500502081428e-01
4.979871213436126709e-01 6.947530602743340333e-01 5.009392499923706055e-01 6.965164753196881886e-01
5.051440596580505371e-01 6.937053102695317497e-01 5.009392499923706055e-01 6.944331583238250172e-01
4.992395639419555664e-01 6.945764167531911504e-01 5.009392499923706055e-01 6.933902293798247518e-01
5.008499026298522949e-01 6.937802333720021197e-01 4.990607500076293945e-01 6.933750624797011541e-01
5.048756599426269531e-01 6.943547124405371473e-01 5.009392499923706055e-01 6.932765891247913981e-01
5.015208721160888672e-01 6.941913701720517915e-01 5.009392499923706055e-01 6.932221053537906963e-01
5.020129084587097168e-01 6.940518259298270598e-01 5.009392499923706055e-01 6.949814416575447185e-01
4.982107579708099365e-01 6.940049238890905192e-01 5.009392499923706055e-01 6.937235535074439685e-01
5.000000000000000000e-01 6.938795270529900527e-01 5.009392499923706055e-01 6.931692861336254952e-01
4.929772913455963135e-01 6.937441150582013272e-01 5.009392499923706055e-01 6.933238048489769323e-01
4.962873458862304688e-01 6.943590401067442075e-01 4.990607500076293945e-01 6.948279667512730073e-01
4.976739883422851562e-01 6.942867601380661169e-01 4.990607500076293945e-01 6.939133565800594816e-01
5.025944113731384277e-01 6.935654989421889960e-01 5.009392499923706055e-01 6.935009914807053200e-01
4.957505762577056885e-01 6.938841228067906819e-01 5.009392499923706055e-01 6.935228602021802358e-01
4.992842972278594971e-01 6.938850329693965202e-01 5.009392499923706055e-01 6.943268477978922215e-01
4.989711940288543701e-01 6.936911602399071786e-01 4.990607500076293945e-01 6.931696080186127151e-01
4.982107579708099365e-01 6.944589088781721875e-01 5.009392499923706055e-01 6.950805060451947792e-01
4.976292848587036133e-01 6.951564744389490125e-01 4.990607500076293945e-01 6.933175776129698598e-01
5.006262063980102539e-01 6.934518687177757545e-01 5.009392499923706055e-01 6.947353434597517419e-01
4.942297339439392090e-01 6.937093948780435060e-01 4.990607500076293945e-01 6.932252071964245532e-01
5.055018663406372070e-01 6.940061807483141054e-01 4.990607500076293945e-01 6.932413307069313912e-01
4.984344244003295898e-01 6.938561449901514688e-01 5.009392499923706055e-01 6.937802955865909338e-01
4.966004788875579834e-01 6.937259161465921808e-01 5.009392499923706055e-01 6.932430661961271889e-01
5.021917819976806641e-01 6.935544694167468105e-01 4.990607500076293945e-01 6.942585760828996477e-01
4.998658001422882080e-01 6.942781783169807985e-01 4.990607500076293945e-01 6.948303952144446738e-01
4.974503517150878906e-01 6.939416422488160485e-01 5.009392499923706055e-01 6.967635819195855396e-01
5.049203634262084961e-01 6.937147625274576734e-01 4.990607500076293945e-01 6.932461312632798300e-01
4.968241155147552490e-01 6.935391753277426741e-01 5.009392499923706055e-01 6.940718920090034327e-01
5.027285814285278320e-01 6.935420700082797207e-01 5.009392499923706055e-01 6.934641779675858597e-01
5.019234418869018555e-01 6.935563274414430213e-01 5.009392499923706055e-01 6.936091529230712371e-01
4.957505762577056885e-01 6.938739368859675460e-01 4.990607500076293945e-01 6.931566551368139040e-01
4.961978793144226074e-01 6.935850625218166199e-01 5.009392499923706055e-01 6.944158071392738663e-01
4.959295094013214111e-01 6.941791521050375557e-01 4.990607500076293945e-01 6.932582527902921843e-01
5.051440596580505371e-01 6.934064058055389168e-01 5.009392499923706055e-01 6.949275462693597083e-01
4.982107579708099365e-01 6.942840910998754334e-01 4.990607500076293945e-01 6.931653882063298910e-01
5.016997456550598145e-01 6.938974528539626485e-01 5.009392499923706055e-01 6.940113137719328140e-01
5.000447034835815430e-01 6.936301325275723295e-01 5.009392499923706055e-01 6.943679400188045303e-01
4.972714185714721680e-01 6.941175204224312445e-01 5.009392499923706055e-01 6.935788373115091554e-01
4.979871213436126709e-01 6.940162422235119921e-01 5.009392499923706055e-01 6.931455352937868630e-01
5.050545930862426758e-01 6.934283099952591733e-01 4.990607500076293945e-01 6.948795967648457861e-01
4.989711940288543701e-01 6.942405665810237325e-01 4.990607500076293945e-01 6.938747299088239284e-01
5.059491991996765137e-01 6.951164203949404818e-01 4.990607500076293945e-01 6.939800121644373876e-01
4.941402673721313477e-01 6.937723593947328071e-01 5.009392499923706055e-01 6.934037425776310437e-01
5.036231875419616699e-01 6.937445547824299119e-01 5.009392499923706055e-01 6.935550717415727151e-01
5.002236366271972656e-01 6.936176143790596660e-01 4.990607500076293945e-01 6.931578245622781465e-01
5.036231875419616699e-01 6.935353246586632991e-01 4.990607500076293945e-01 6.935886225628717927e-01
4.991501271724700928e-01 6.936532660830871944e-01 4.990607500076293945e-01 6.931584574961756617e-01
5.002236366271972656e-01 6.943707311168342278e-01 4.990607500076293945e-01 6.931648622149342298e-01
4.995974302291870117e-01 6.937625059545691197e-01 5.009392499923706055e-01 6.931462334680845716e-01
5.008499026298522949e-01 6.939974531736627927e-01 4.990607500076293945e-01 6.938849124000754376e-01
5.000000000000000000e-01 6.942280293854730111e-01 5.009392499923706055e-01 6.956629555923559138e-01
4.993290305137634277e-01 6.948838221363484724e-01 4.990607500076293945e-01 6.931785882278216349e-01
4.927536249160766602e-01 6.938098847578113570e-01 4.990607500076293945e-01 6.931514012069598385e-01
4.948559701442718506e-01 6.942619061423107585e-01 5.009392499923706055e-01 6.931485891516336872e-01
5.033100843429565430e-01 6.934500023000119695e-01 5.009392499923706055e-01 6.931521670725270257e-01
4.990159273147583008e-01 6.940101621978119750e-01 4.990607500076293945e-01 6.933269360896018307e-01
5.022812485694885254e-01 6.933750995669942796e-01 4.990607500076293945e-01 6.947031197904222077e-01
5.028180480003356934e-01 6.937145953166461432e-01 4.990607500076293945e-01 6.933772302425322831e-01
4.976739883422851562e-01 6.936313151182781356e-01 4.990607500076293945e-01 6.932122126996106415e-01
5.009393692016601562e-01 6.945377616746669647e-01 4.990607500076293945e-01 6.931518368769776783e-01
4.981660544872283936e-01 6.935615195616303685e-01 5.009392499923706055e-01 6.941846960945980971e-01
5.001341700553894043e-01 6.937735090850397635e-01 4.990607500076293945e-01 6.947379690001886932e-01
4.976739883422851562e-01 6.936291797490853339e-01 4.990607500076293945e-01 6.935190736961325264e-01
4.977187216281890869e-01 6.936325257356444896e-01 4.990607500076293945e-01 6.931909955610340290e-01
4.994184970855712891e-01 6.938621160766054174e-01 5.009392499923706055e-01 6.937980777633585561e-01
4.973161518573760986e-01 6.950702765350970092e-01 5.009392499923706055e-01 6.938214306044095947e-01
5.053229331970214844e-01 6.933092095809666455e-01 4.990607500076293945e-01 6.950518289330955835e-01
4.994184970855712891e-01 6.937906231899810816e-01 4.990607500076293945e-01 6.931733347209603213e-01
4.974056184291839600e-01 6.936415754995826077e-01 4.990607500076293945e-01 6.931479373199161964e-01
4.925746917724609375e-01 6.940798304400475072e-01 4.990607500076293945e-01 6.944824539776560668e-01
5.018339753150939941e-01 6.936138030944772881e-01 4.990607500076293945e-01 6.965537007157077687e-01
