5.000894665718078613e-01 1.006595974137860283e+00 4.990607500076293945e-01 6.945189964768782032e-01
4.941850006580352783e-01 7.017269051550624193e-01 4.990607500076293945e-01 6.933000417050277919e-01
4.997763335704803467e-01 6.967565964598799733e-01 5.011479854583740234e-01 6.990691417444476752e-01
4.999552667140960693e-01 6.971079322365661968e-01 4.988520145416259766e-01 6.943715347474364030e-01
5.018786787986755371e-01 6.954365113080560601e-01 4.990607500076293945e-01 6.931336759849122675e-01
5.012524724006652832e-01 6.955888173430437860e-01 5.011479854583740234e-01 6.935687822032586825e-01
4.985238909721374512e-01 6.971155374970284813e-01 5.157586932182312012e-01 6.929677104407525601e-01
4.984344244003295898e-01 6.947479612244158442e-01 5.011479854583740234e-01 6.933909380294116520e-01
4.989711940288543701e-01 6.945344914176805329e-01 5.011479854583740234e-01 6.937279072591143736e-01
4.995079636573791504e-01 6.947752148803476580e-01 5.157586932182312012e-01 6.929682813191359037e-01
5.075147747993469238e-01 6.943436244728954376e-01 5.011479854583740234e-01 6.936312971247483583e-01
5.012077093124389648e-01 6.945299952289119005e-01 4.988520145416259766e-01 6.950847625956358966e-01
5.009840726852416992e-01 6.943828626296711937e-01 4.988520145416259766e-01 6.969965498150327843e-01
4.959295094013214111e-01 6.948899030792070608e-01 4.988520145416259766e-01 6.938865006504962851e-01
5.000000000000000000e-01 6.949940902279451160e-01 4.988520145416259766e-01 7.012317824080054329e-01
4.980318546295166016e-01 6.950439700373897134e-01 4.988520145416259766e-01 6.951891173527151579e-01
4.969583153724670410e-01 6.955867620545949093e-01 4.991650879383087158e-01 6.937144379903418256e-01
4.999552667140960693e-01 6.949505194459070223e-01 5.155500173568725586e-01 6.930702572649193316e-01
5.019681453704833984e-01 6.944413768048575131e-01 5.011479854583740234e-01 6.972099342567142921e-01
5.040705204010009766e-01 6.945510882558325605e-01 4.988520145416259766e-01 6.994937750621867956e-01
5.027285814285278320e-01 6.954118310178748485e-01 5.011479854583740234e-01 6.935242495216324965e-01
5.014761090278625488e-01 6.952380229032281145e-01 5.011479854583740234e-01 6.936264330075295748e-01
4.989711940288543701e-01 6.949561701773914191e-01 4.990607500076293945e-01 6.932573732516631448e-01
5.044730901718139648e-01 6.942801965458231805e-01 4.988520145416259766e-01 7.021303805148420007e-01
5.000000000000000000e-01 6.949096645837948838e-01 5.157586932182312012e-01 6.926995078150351981e-01
5.035784840583801270e-01 6.947508674547526741e-01 4.986432790756225586e-01 7.007621713208147529e-01
5.016997456550598145e-01 6.955569585271034194e-01 5.012523531913757324e-01 6.945104152866157232e-01
4.987475275993347168e-01 6.957851031808142128e-01 5.009392499923706055e-01 6.933959292808123953e-01
4.998658001422882080e-01 6.949700545616238623e-01 5.027134418487548828e-01 6.943675676483969106e-01
5.005367398262023926e-01 6.949425671048999886e-01 4.987476468086242676e-01 7.004996795565717749e-01
4.979871213436126709e-01 6.963732012654698655e-01 4.989563822746276855e-01 6.942785465500842523e-01
5.267489552497863770e-01 6.907304030003071915e-01 5.331872105598449707e-01 6.884693726197436137e-01
5.134639739990234375e-01 6.948935424712032738e-01 5.016698241233825684e-01 6.945799270917318857e-01
5.008499026298522949e-01 6.961504979538009064e-01 4.990607500076293945e-01 6.949440647057366638e-01
5.124798417091369629e-01 6.947163763509536238e-01 4.924859106540679932e-01 6.987686578228686773e-01
5.267042517662048340e-01 6.919981941359480970e-01 4.985389411449432373e-01 6.944938297436944463e-01
5.015655755996704102e-01 6.957237502397717321e-01 4.990607500076293945e-01 7.012664757698519047e-01
4.986133575439453125e-01 6.954044642399794807e-01 5.009392499923706055e-01 6.933596569992659386e-01
5.013419389724731445e-01 6.952859138009116480e-01 4.990607500076293945e-01 6.949037706346856691e-01
5.008946061134338379e-01 6.960873542499149691e-01 4.990607500076293945e-01 6.966376873551617388e-01
4.980765879154205322e-01 6.952290343969532715e-01 4.993738234043121338e-01 6.933536800878378203e-01
4.974950850009918213e-01 6.955682101435686215e-01 4.990607500076293945e-01 6.942575227067206978e-01
4.971372485160827637e-01 6.947380342302648115e-01 4.990607500076293945e-01 6.946157346909390684e-01
4.962426126003265381e-01 6.956840957036533046e-01 5.009392499923706055e-01 6.948008920598492955e-01
5.017892122268676758e-01 6.955708315534996355e-01 5.231684446334838867e-01 6.928649153074425415e-01
4.929325580596923828e-01 6.957541961835437272e-01 5.009392499923706055e-01 6.931326127803740800e-01
5.003131031990051270e-01 6.967235498702212260e-01 5.009392499923706055e-01 6.963120335652768222e-01
4.949901700019836426e-01 6.965733337090936894e-01 5.012523531913757324e-01 6.935349529781313915e-01
5.059491991996765137e-01 6.996128975779836168e-01 4.987476468086242676e-01 6.998910512911256099e-01
5.011182427406311035e-01 6.957660239142539060e-01 5.012523531913757324e-01 6.934170381083814005e-01
4.999105334281921387e-01 6.954225628400322323e-01 4.987476468086242676e-01 6.936078581549235400e-01
5.035784840583801270e-01 6.952928867125088841e-01 5.012523531913757324e-01 6.968438068229454441e-01
5.029075145721435547e-01 6.957524788147180228e-01 4.987476468086242676e-01 6.946464241409421314e-01
4.993737637996673584e-01 6.965284362038083321e-01 4.990607500076293945e-01 6.937355409457772737e-01
4.960637092590332031e-01 6.959376653909982169e-01 4.987476468086242676e-01 7.061226441352109751e-01
5.033547878265380859e-01 6.963959604389745595e-01 4.990607500076293945e-01 6.980631351222128522e-01
4.997763335704803467e-01 6.971855847923843497e-01 4.987476468086242676e-01 6.942610503412491862e-01
5.025944113731384277e-01 6.973913756460298208e-01 5.012523531913757324e-01 6.948331892303772905e-01
5.037573575973510742e-01 6.953148857321630461e-01 4.987476468086242676e-01 6.939961422686535819e-01
4.978081881999969482e-01 6.959630786402107860e-01 5.009392499923706055e-01 6.980430386405328536e-01
5.029969811439514160e-01 6.961141598205443648e-01 4.990607500076293945e-01 6.953209526004883179e-01
5.066201686859130859e-01 6.964276101854112166e-01 4.987476468086242676e-01 6.935100297394387603e-01
4.995526969432830811e-01 6.957230787730255273e-01 5.009392499923706055e-01 6.945454593715973957e-01
5.018786787986755371e-01 6.979631197795946873e-01 5.012523531913757324e-01 6.931684264632113068e-01
5.010735392570495605e-01 6.955919891014618051e-01 5.009392499923706055e-01 6.958727072360644250e-01
4.964215457439422607e-01 6.950690187267208886e-01 5.009392499923706055e-01 6.933150591394443563e-01
5.072016716003417969e-01 6.959106251344119309e-01 5.009392499923706055e-01 6.955416016179568617e-01
5.031758546829223633e-01 6.965698104229781640e-01 5.009392499923706055e-01 6.933242485682965528e-01
4.970030486583709717e-01 6.965755947183509544e-01 5.009392499923706055e-01 6.941470171882224705e-01
4.993737637996673584e-01 6.966289195034963688e-01 5.009392499923706055e-01 6.947985062069694795e-01
4.964215457439422607e-01 1.117610379616803407e+01 5.012523531913757324e-01 5.061082618317656490e+00
4.978081881999969482e-01 2.897832830704309970e+00 5.012523531913757324e-01 6.993470914402178940e-01
5.043836236000061035e-01 3.196724377445893772e+00 5.012523531913757324e-01 6.937257882648508733e-01
4.982554912567138672e-01 1.147415687133937823e+00 5.012523531913757324e-01 6.929280969151572211e-01
4.983002245426177979e-01 7.431294945041828637e-01 5.012523531913757324e-01 6.950799107078817762e-01
4.948559701442718506e-01 7.108057829812849393e-01 5.012523531913757324e-01 6.932949251233847532e-01
4.976292848587036133e-01 7.124070523036445390e-01 4.990607500076293945e-01 6.929301206240995326e-01
5.006262063980102539e-01 6.986048613406823371e-01 4.990607500076293945e-01 6.969305214790331160e-01
5.023707151412963867e-01 7.004172330274631708e-01 4.990607500076293945e-01 6.931893148493901702e-01
5.022812485694885254e-01 6.958887019296476906e-01 5.012523531913757324e-01 6.942900288356318450e-01
5.038915872573852539e-01 7.048632306539857062e-01 4.990607500076293945e-01 6.964983303022892480e-01
5.035337209701538086e-01 6.967651593725675552e-01 4.987476468086242676e-01 6.956238032283078576e-01
4.996421635150909424e-01 6.980962459058619451e-01 5.012523531913757324e-01 7.111547495123987650e-01
5.023260116577148438e-01 6.974848603536797365e-01 5.012523531913757324e-01 6.966662311001576846e-01
4.964662790298461914e-01 6.992757542335106269e-01 4.987476468086242676e-01 6.987176711562779197e-01
4.997763335704803467e-01 6.964260402018406237e-01 5.012523531913757324e-01 6.929579613179409625e-01
5.036231875419616699e-01 6.947338711193751237e-01 5.009392499923706055e-01 6.939682716418597019e-01
4.982107579708099365e-01 6.967017140088173077e-01 4.990607500076293945e-01 6.979853701576562708e-01
4.948112368583679199e-01 6.966382293352224586e-01 5.012523531913757324e-01 6.969399754524827628e-01
4.945875704288482666e-01 6.964325476554451555e-01 5.012523531913757324e-01 6.941200738111434898e-01
4.970030486583709717e-01 6.986671910876344205e-01 5.012523531913757324e-01 6.931913946670670290e-01
5.019681453704833984e-01 6.969119959961943556e-01 4.990607500076293945e-01 6.930728358656099708e-01
5.005815029144287109e-01 6.969526206088377807e-01 4.990607500076293945e-01 6.958067223936649226e-01
4.995974302291870117e-01 6.962235762450579291e-01 5.009392499923706055e-01 6.955644003510400575e-01
5.017892122268676758e-01 6.987730619902686735e-01 4.990607500076293945e-01 6.933978446165421916e-01
5.016997456550598145e-01 6.975751583724227878e-01 4.990607500076293945e-01 6.931570378954239331e-01
4.975845515727996826e-01 6.946596695114534148e-01 4.990607500076293945e-01 6.930153043328334261e-01
5.055913329124450684e-01 6.952561313574036062e-01 4.990607500076293945e-01 6.943513314601051922e-01
5.050098299980163574e-01 6.959654440135857323e-01 5.012523531913757324e-01 6.930184268025808558e-01
4.998658001422882080e-01 6.983287271094207327e-01 4.990607500076293945e-01 6.957885202846952888e-01
