5.665593147277832031e-01 6.789664691602379509e-01 6.014401912689208984e-01 6.678524187028693770e-01
5.865092277526855469e-01 6.685687636919579457e-01 5.922563076019287109e-01 6.625229099353702189e-01
5.928609967231750488e-01 6.613913430235940361e-01 6.079106926918029785e-01 6.558992702586246004e-01
5.989890694618225098e-01 6.594440409995976360e-01 5.949697494506835938e-01 6.613832242775998793e-01
6.053856015205383301e-01 6.549188710747816389e-01 6.050928831100463867e-01 6.524611622424792978e-01
6.052066683769226074e-01 6.538209809901185388e-01 6.071801185607910156e-01 6.485673204963228189e-01
6.105743646621704102e-01 6.504316332835505809e-01 6.069713830947875977e-01 6.528751461845776483e-01
6.117820739746093750e-01 6.470291372765196725e-01 6.121895313262939453e-01 6.501541507316267454e-01
6.134371161460876465e-01 6.460234103379426385e-01 6.202254295349121094e-01 6.441150195811093937e-01
6.175075769424438477e-01 6.440242634921876652e-01 6.161552667617797852e-01 6.449506085368342800e-01
6.185811161994934082e-01 6.414444440271586112e-01 6.215821504592895508e-01 6.385574407006225917e-01
6.213096976280212402e-01 6.386920479462043776e-01 6.232519149780273438e-01 6.364093226695752836e-01
6.230542063713073730e-01 6.376819661679304918e-01 6.252348423004150391e-01 6.349199905920018816e-01
6.243513822555541992e-01 6.366498413997123684e-01 6.161552667617797852e-01 6.405666178165062563e-01
6.242172122001647949e-01 6.365747287546847932e-01 6.309747695922851562e-01 6.312839206462861341e-01
6.301664113998413086e-01 6.317703506562210025e-01 6.224170327186584473e-01 6.404376497748399677e-01
6.273483633995056152e-01 6.331658078169946080e-01 6.348361372947692871e-01 6.291411368017330030e-01
6.320450901985168457e-01 6.285776770654528667e-01 6.351492404937744141e-01 6.249922964200175235e-01
6.343263387680053711e-01 6.269855381956593865e-01 6.365059614181518555e-01 6.258556676965942867e-01
6.380389928817749023e-01 6.248582405211311475e-01 6.242955327033996582e-01 6.305108693790096863e-01
6.337895989418029785e-01 6.247488428343811462e-01 6.316009163856506348e-01 6.297540452678873635e-01
6.389335989952087402e-01 6.226802192725698903e-01 6.431851387023925781e-01 6.188854297599323262e-01
6.415727138519287109e-01 6.216202094700367109e-01 6.382800936698913574e-01 6.248089994848757822e-01
6.383073925971984863e-01 6.204106834690266137e-01 6.322270631790161133e-01 6.340706546976928593e-01
6.426910161972045898e-01 6.170011442064663454e-01 6.383844614028930664e-01 6.216766185836138936e-01
6.452406644821166992e-01 6.148364958555802007e-01 6.433938741683959961e-01 6.217765486257804675e-01
6.514582037925720215e-01 6.141566538196446823e-01 6.417240500450134277e-01 6.230056543137230118e-01
6.503846645355224609e-01 6.097724381937582594e-01 6.488206982612609863e-01 6.113102888419020831e-01
6.511003971099853516e-01 6.076249890729297221e-01 6.474639773368835449e-01 6.111309279282788331e-01
6.513687372207641602e-01 6.083278763185440141e-01 6.525777578353881836e-01 6.094937455029607598e-01
6.509214639663696289e-01 6.060557566552495778e-01 6.478814482688903809e-01 6.152029292888517853e-01
6.499373912811279297e-01 6.055252833045602356e-01 6.536213755607604980e-01 6.075439708413522544e-01
6.583467721939086914e-01 6.021473780474353443e-01 6.547693610191345215e-01 6.038020548778694208e-01
6.586598753929138184e-01 5.977249704014745424e-01 6.536213755607604980e-01 6.006635072534354247e-01
6.575415730476379395e-01 6.006502890057887623e-01 6.587351560592651367e-01 6.004284926954726043e-01
6.575415730476379395e-01 5.979757509455098097e-01 6.551868319511413574e-01 6.061652784580429110e-01
6.596886515617370605e-01 5.964369998568604947e-01 6.581089496612548828e-01 5.997410826532757477e-01
6.601806879043579102e-01 5.958440162282784280e-01 6.534126400947570801e-01 5.997354174625696421e-01
6.661298871040344238e-01 5.906389158683676976e-01 6.535170078277587891e-01 6.003792067082682760e-01
6.646090745925903320e-01 5.892320104672542636e-01 6.651012301445007324e-01 5.972631676812630852e-01
6.602701544761657715e-01 5.952356422197031538e-01 6.584220528602600098e-01 5.980837830694003543e-01
6.608069539070129395e-01 5.943794117393637055e-01 6.580045819282531738e-01 5.955919700882126300e-01
6.651458144187927246e-01 5.881610026746044717e-01 6.565434932708740234e-01 5.955838172651237716e-01
6.650116443634033203e-01 5.872689785012876751e-01 6.644750833511352539e-01 5.891685116467707539e-01
6.663535237312316895e-01 5.850483083217339342e-01 6.653099656105041504e-01 5.897085124354998209e-01
6.650116443634033203e-01 5.839856977666676441e-01 6.564391851425170898e-01 5.907683296980924537e-01
6.676059961318969727e-01 5.832392355798075023e-01 6.609267592430114746e-01 5.908037547501858722e-01
6.699320077896118164e-01 5.798153839718785951e-01 6.633270978927612305e-01 5.873228163118030531e-01
6.719896197319030762e-01 5.784587616100573815e-01 6.646837592124938965e-01 5.862652366929202996e-01
6.726605892181396484e-01 5.833434007274035382e-01 6.702150106430053711e-01 5.808231361821508676e-01
6.725711226463317871e-01 5.767015180128762797e-01 6.727196574211120605e-01 5.841542959611367714e-01
6.739130616188049316e-01 5.764142849360452958e-01 6.629096269607543945e-01 5.894642207896726438e-01
6.721685528755187988e-01 5.773443832638908146e-01 6.642663478851318359e-01 5.837553417202426820e-01
6.762837767601013184e-01 5.748429122860987395e-01 6.692757010459899902e-01 5.858903401979348446e-01
6.733315587043762207e-01 5.760456800119546639e-01 6.707367897033691406e-01 5.783946796041817828e-01
6.739577651023864746e-01 5.733910669237881619e-01 6.639532446861267090e-01 5.848127072301843032e-01
6.737341284751892090e-01 5.712600758302230908e-01 6.730327606201171875e-01 5.806635231420357313e-01
6.735998988151550293e-01 5.718686418022276285e-01 6.741807460784912109e-01 5.782114890019347531e-01
6.761943101882934570e-01 5.678576992457743389e-01 6.658317446708679199e-01 5.772449533940854360e-01
6.765968799591064453e-01 5.701216917213717261e-01 6.636401414871215820e-01 5.843752616632709174e-01
6.733762621879577637e-01 5.717879541392913989e-01 6.708411574363708496e-01 5.783176387533268681e-01
6.820987462997436523e-01 5.679086348754089908e-01 6.700062751770019531e-01 5.819975653637229351e-01
6.819198131561279297e-01 5.640276547599337720e-01 6.780421733856201172e-01 5.728267780974573009e-01
6.837537884712219238e-01 5.613443324531334211e-01 6.700062751770019531e-01 5.751594618053034180e-01
6.832617521286010742e-01 5.642610568973795981e-01 6.769985556602478027e-01 5.816145190812430643e-01
6.850509643554687500e-01 5.605873627000598214e-01 6.763723492622375488e-01 5.723977006693469205e-01
6.843800544738769531e-01 5.610447079023237471e-01 6.733458638191223145e-01 5.796578861531970217e-01
6.801306009292602539e-01 5.634492807640844036e-01 6.692757010459899902e-01 5.765051138572716560e-01
6.826802492141723633e-01 5.611972166613573565e-01 6.700062751770019531e-01 5.814580884638670399e-01
6.830828189849853516e-01 5.590553914077978082e-01 6.691713333129882812e-01 5.700522728390297056e-01
6.859456300735473633e-01 5.581443458875532393e-01 6.759549379348754883e-01 5.725421165031571169e-01
6.902844905853271484e-01 5.547958277465833143e-01 6.827384829521179199e-01 5.727789497056999801e-01
6.891214847564697266e-01 5.579794381039794304e-01 6.783552765846252441e-01 5.789545933704141056e-01
6.894793510437011719e-01 5.555431005630111496e-01 6.753287315368652344e-01 5.715842547582897781e-01
6.881374120712280273e-01 5.561302329649714382e-01 6.779378056526184082e-01 5.738467466380844373e-01
6.901055574417114258e-01 5.539685717356782613e-01 6.748069524765014648e-01 5.787497212831572702e-01
6.909554600715637207e-01 5.471508850094073395e-01 6.864954829216003418e-01 5.669186470578742032e-01
6.926552057266235352e-01 5.526377812099917408e-01 6.865998506546020508e-01 5.635668988567233972e-01
6.945338845252990723e-01 5.487895923834790191e-01 6.864954829216003418e-01 5.624968982568938625e-01
6.955179572105407715e-01 5.475321925055428585e-01 6.888958215713500977e-01 5.657261558774367982e-01
6.941313147544860840e-01 5.512254066747978021e-01 6.835733652114868164e-01 5.722105739584946171e-01
6.940866112709045410e-01 5.477193579688270919e-01 6.856606006622314453e-01 5.708075601928693787e-01
6.914474964141845703e-01 5.483602464550999533e-01 6.775203347206115723e-01 5.695757897879031306e-01
6.943997144699096680e-01 5.475991805010563818e-01 6.865998506546020508e-01 5.590710674166256000e-01
6.903291940689086914e-01 5.498196967952599934e-01 6.805468797683715820e-01 5.637234648690794270e-01
6.944444179534912109e-01 5.452360878542724665e-01 6.822166442871093750e-01 5.667940950224479302e-01
6.927894353866577148e-01 5.493142916341867688e-01 6.883740425109863281e-01 5.630189456065843867e-01
6.969493627548217773e-01 5.411847750687134306e-01 6.865998506546020508e-01 5.615758923741775988e-01
6.993648409843444824e-01 5.426539810170084577e-01 6.859737038612365723e-01 5.604644761133283914e-01
6.952943205833435059e-01 5.434593437054563436e-01 6.795032620429992676e-01 5.636046120006240612e-01
6.999910473823547363e-01 5.408047329848387763e-01 6.834689974784851074e-01 5.636136803664835160e-01
6.975755691528320312e-01 5.429330074332826550e-01 6.795032620429992676e-01 5.746432580497015108e-01
6.952496170997619629e-01 5.466338235782923771e-01 6.916092634201049805e-01 5.594601728950505670e-01
6.935498118400573730e-01 5.443023171753763600e-01 6.962012052536010742e-01 5.535588378922174924e-01
7.006173133850097656e-01 5.404058379272929091e-01 6.886871457099914551e-01 5.614350349662747819e-01
7.021381258964538574e-01 5.405248666539091973e-01 6.814861297607421875e-01 5.672502796377724144e-01
6.999910473823547363e-01 5.380768346155152537e-01 6.894176602363586426e-01 5.563926508918830560e-01
7.001699805259704590e-01 5.347850782795741109e-01 6.761636137962341309e-01 5.753367689277403274e-01
6.979781985282897949e-01 5.409157600678405897e-01 6.902525424957275391e-01 5.623937637341641649e-01
7.038378715515136719e-01 5.349936917741474618e-01 6.919223666191101074e-01 5.596019913298778681e-01
