5.491590499877929688e-01 6.871050527130347918e-01 5.824462771415710449e-01 6.702371517344423157e-01
5.744318962097167969e-01 6.741090141440743144e-01 5.903778076171875000e-01 6.669153471974385017e-01
5.854803919792175293e-01 6.676098476648116842e-01 5.799415707588195801e-01 6.671779397956714153e-01
5.887457728385925293e-01 6.631909014607482167e-01 5.929868221282958984e-01 6.626193694096969011e-01
5.929504632949829102e-01 6.599783631530552475e-01 6.071801185607910156e-01 6.573678055528160424e-01
6.029701232910156250e-01 6.543073566084920412e-01 6.042580008506774902e-01 6.519837823722288705e-01
6.044462323188781738e-01 6.538457424168425680e-01 6.019620299339294434e-01 6.588923732937315147e-01
6.084719896316528320e-01 6.516108201791016574e-01 6.114589571952819824e-01 6.531538098422253746e-01
6.131687164306640625e-01 6.487164853254356878e-01 6.094760894775390625e-01 6.495671777878492259e-01
6.119610071182250977e-01 6.488834158489925619e-01 5.984137058258056641e-01 6.562807422370010579e-01
6.151816248893737793e-01 6.459847537557049657e-01 6.210603117942810059e-01 6.394758364199297773e-01
6.188942790031433105e-01 6.421998997006780341e-01 6.200166940689086914e-01 6.387848482951070661e-01
6.163893342018127441e-01 6.427066837190664739e-01 6.199123263359069824e-01 6.426627675020428754e-01
6.228305697441101074e-01 6.400290797682007815e-01 6.224170327186584473e-01 6.399132373859975909e-01
6.246645450592041016e-01 6.380718700743719385e-01 6.136506199836730957e-01 6.399042841239105384e-01
6.265879273414611816e-01 6.351877332778838037e-01 6.342099905014038086e-01 6.326840447747515972e-01
6.217570304870605469e-01 6.372896480014272891e-01 6.307660341262817383e-01 6.307059277499849070e-01
6.272588968276977539e-01 6.324037587542422623e-01 6.337925195693969727e-01 6.261594236407143077e-01
6.347736716270446777e-01 6.311482636547617320e-01 6.290962100028991699e-01 6.279948205471138634e-01
6.302558779716491699e-01 6.301006601500498405e-01 6.364015936851501465e-01 6.227438429456443325e-01
6.303453445434570312e-01 6.282812992241156858e-01 6.389063000679016113e-01 6.199758693784245267e-01
6.405886411666870117e-01 6.221968736369573039e-01 6.350448727607727051e-01 6.237407411670067292e-01
6.389335989952087402e-01 6.239540356816748456e-01 6.358797550201416016e-01 6.217877746399697036e-01
6.370996832847595215e-01 6.222801762203941101e-01 6.191818118095397949e-01 6.323032310973923931e-01
6.392914652824401855e-01 6.200934147062657775e-01 6.373408436775207520e-01 6.178415490948464539e-01
6.438092589378356934e-01 6.194123144780273593e-01 6.262784600257873535e-01 6.226022139866549399e-01
6.406334042549133301e-01 6.184976342049026687e-01 6.309747695922851562e-01 6.256014941953413899e-01
6.459116339683532715e-01 6.130113269587837976e-01 6.497599482536315918e-01 6.123887060505193158e-01
6.489533185958862305e-01 6.117975887255754364e-01 6.495512127876281738e-01 6.093410000226812118e-01
6.489533185958862305e-01 6.107362785947666461e-01 6.449592709541320801e-01 6.094455300977846823e-01
6.481928825378417969e-01 6.099687125030581747e-01 6.530995368957519531e-01 6.059062564529772432e-01
6.521739363670349121e-01 6.077833050029779471e-01 6.449592709541320801e-01 6.099546860115833136e-01
6.507872343063354492e-01 6.049967845323623861e-01 6.536213755607604980e-01 6.057599059253017115e-01
6.527554392814636230e-01 6.041112708734003300e-01 6.605092883110046387e-01 6.029824838213322380e-01
6.539631485939025879e-01 6.050589391873377743e-01 6.544562578201293945e-01 6.051759094441516718e-01
6.541420817375183105e-01 5.998422927603906940e-01 6.494469046592712402e-01 6.110817721979375783e-01
6.577205061912536621e-01 5.994202960772471167e-01 6.570653319358825684e-01 6.036797573560962471e-01
6.561996936798095703e-01 6.005935673211166836e-01 6.494469046592712402e-01 6.029228066955173437e-01
6.608069539070129395e-01 5.955314929081344522e-01 6.560217142105102539e-01 6.019374119715410476e-01
6.591519117355346680e-01 5.950656990114233658e-01 6.649968624114990234e-01 5.950872880311232072e-01
6.657720804214477539e-01 5.920060239019068193e-01 6.563348174095153809e-01 5.979152283124101741e-01
6.657720804214477539e-01 5.896369646158217126e-01 6.677103042602539062e-01 5.928830575455307228e-01
6.585704088211059570e-01 5.956786183940636636e-01 6.528908610343933105e-01 6.014693298660322984e-01
6.647879481315612793e-01 5.907833681995571240e-01 6.638488769531250000e-01 5.905439414626694195e-01
6.663088202476501465e-01 5.860737691754880352e-01 6.669797301292419434e-01 5.924195458261485303e-01
6.674270629882812500e-01 5.876900855725769590e-01 6.611354351043701172e-01 5.945954529210486506e-01
6.732867956161499023e-01 5.799882510391367596e-01 6.625965237617492676e-01 5.893725069572920416e-01
6.731078624725341797e-01 5.820896721180573996e-01 6.643707156181335449e-01 5.880167542133916125e-01
6.660404205322265625e-01 5.867680052478958519e-01 6.686495542526245117e-01 5.853198847201392940e-01
6.735104918479919434e-01 5.803189022017626320e-01 6.590481996536254883e-01 5.913927785490828981e-01
6.782519221305847168e-01 5.747681762306607878e-01 6.709455251693725586e-01 5.849347374454666459e-01
6.731526255607604980e-01 5.777101894038417784e-01 6.730327606201171875e-01 5.857361222428186798e-01
6.762837767601013184e-01 5.764428735269930826e-01 6.754330992698669434e-01 5.797132515777901896e-01
6.780282855033874512e-01 5.768003133568019303e-01 6.628052592277526855e-01 5.923458932834984036e-01
6.730631589889526367e-01 5.766797857477362621e-01 6.748069524765014648e-01 5.761996310704238233e-01
6.770442128181457520e-01 5.721531323082098552e-01 6.732414960861206055e-01 5.788965337810424439e-01
6.812936067581176758e-01 5.682900887223300002e-01 6.670840978622436523e-01 5.839379220435824136e-01
6.797727942466735840e-01 5.694849585608050546e-01 6.601961851119995117e-01 5.925616489101666051e-01
6.779835224151611328e-01 5.712403209057150821e-01 6.725109815597534180e-01 5.848718776605343894e-01
6.830381155014038086e-01 5.671054607193591890e-01 6.771029233932495117e-01 5.769188542799968955e-01
6.815620064735412598e-01 5.679423106785301822e-01 6.755374670028686523e-01 5.764511785087195195e-01
6.835748553276062012e-01 5.653658996308333906e-01 6.781465411186218262e-01 5.734328074585642865e-01
6.827697157859802246e-01 5.641548895498873506e-01 6.799206733703613281e-01 5.719133083642685689e-01
6.847378611564636230e-01 5.632772021546178509e-01 6.802337765693664551e-01 5.693055221368116259e-01
6.844247579574584961e-01 5.645772692533954640e-01 6.756418347358703613e-01 5.801887103272639346e-01
6.852746605873107910e-01 5.615718641462853489e-01 6.790857911109924316e-01 5.728985204673764375e-01
6.863929033279418945e-01 5.606613431874403197e-01 6.772072911262512207e-01 5.693457915623186816e-01
6.871980428695678711e-01 5.606202025664345223e-01 6.830515265464782715e-01 5.669242371673799408e-01
6.898371577262878418e-01 5.580369943603247229e-01 6.828428506851196289e-01 5.632196995739746637e-01
6.883610486984252930e-01 5.589507921882297392e-01 6.847213506698608398e-01 5.685592119317043336e-01
6.902397274971008301e-01 5.563323121950480843e-01 6.714673638343811035e-01 5.808728434327399270e-01
6.892109513282775879e-01 5.572574933263307884e-01 6.824253797531127930e-01 5.718320196094405228e-01
6.875112056732177734e-01 5.586751094869476519e-01 6.804425120353698730e-01 5.646500673181601426e-01
6.893004179000854492e-01 5.567341696109044946e-01 6.786683201789855957e-01 5.722124659300995564e-01
6.925657391548156738e-01 5.536423774626413330e-01 6.768941879272460938e-01 5.715217979236476564e-01
6.874217391014099121e-01 5.586937799033975249e-01 6.757462024688720703e-01 5.738793835463789073e-01
6.922526359558105469e-01 5.519273951796304090e-01 6.858693361282348633e-01 5.640084222969942163e-01
6.895688176155090332e-01 5.530361684496147845e-01 6.884784102439880371e-01 5.644984775036417934e-01
6.934156417846679688e-01 5.536300052703226893e-01 6.863911747932434082e-01 5.650317176750372372e-01
6.965020298957824707e-01 5.498844136661100723e-01 6.839908361434936523e-01 5.679153961867585698e-01
6.942207813262939453e-01 5.525771687998713988e-01 6.783552765846252441e-01 5.663812100526510740e-01
6.927894353866577148e-01 5.502102964891476544e-01 6.920267343521118164e-01 5.646089417305900637e-01
6.950259208679199219e-01 5.497874630374161020e-01 6.815904974937438965e-01 5.681091926088415178e-01
6.947575807571411133e-01 5.502843889391982879e-01 6.849300861358642578e-01 5.627283267700157188e-01
6.954732537269592285e-01 5.438777370004113099e-01 6.883740425109863281e-01 5.645146495214560245e-01
6.965020298957824707e-01 5.483681660130190760e-01 6.775203347206115723e-01 5.753034066989709538e-01
6.971282958984375000e-01 5.454064698802868483e-01 6.836777329444885254e-01 5.619673325731321389e-01
7.051798105239868164e-01 5.395950839885937933e-01 6.881653070449829102e-01 5.555941726887209109e-01
6.962783932685852051e-01 5.468794316570625424e-01 6.922354698181152344e-01 5.551761292734466169e-01
6.998121142387390137e-01 5.431044918412832878e-01 6.930703520774841309e-01 5.578476437271275845e-01
6.968598961830139160e-01 5.420928886355217413e-01 6.996451616287231445e-01 5.513527899937001875e-01
6.993648409843444824e-01 5.417816141014727416e-01 6.857649683952331543e-01 5.596611174828471924e-01
7.045088410377502441e-01 5.370051651249249103e-01 6.945314407348632812e-01 5.551117544407089266e-01
7.016460895538330078e-01 5.407933787105974055e-01 6.917136311531066895e-01 5.603532842767684485e-01
6.981123685836791992e-01 5.424520203990018663e-01 6.928616166114807129e-01 5.568875212605675085e-01
7.039721012115478516e-01 5.353988573704322462e-01 6.891045570373535156e-01 5.503250214183188493e-01
6.959652900695800781e-01 5.468267442544898493e-01 6.902525424957275391e-01 5.607307869789371901e-01
7.015566229820251465e-01 5.372895096960423889e-01 6.893132925033569336e-01 5.610660514112952857e-01
7.041062712669372559e-01 5.350457875774251582e-01 6.918179988861083984e-01 5.549428439841990190e-01
7.058507800102233887e-01 5.332647444609346365e-01 6.967230439186096191e-01 5.544348248881055818e-01
