5.535873770713806152e-01 6.851368355908874497e-01 5.646002888679504395e-01 6.755107522657732844e-01
5.807836651802062988e-01 6.735955509927878948e-01 5.821331739425659180e-01 6.669647894182326731e-01
5.788155198097229004e-01 6.693516736765158237e-01 5.867251157760620117e-01 6.678207679646818162e-01
5.883879065513610840e-01 6.644550958096095972e-01 5.775412321090698242e-01 6.680920881957307378e-01
5.869565010070800781e-01 6.654522537353277922e-01 5.865163803100585938e-01 6.668310552443573735e-01
5.864197611808776855e-01 6.651604537738630141e-01 5.901690721511840820e-01 6.594646431364163952e-01
5.941134095191955566e-01 6.623008387484220494e-01 5.986224412918090820e-01 6.594093290681108943e-01
5.984970331192016602e-01 6.595790645030641386e-01 6.085368394851684570e-01 6.556907297176002292e-01
5.988101363182067871e-01 6.583471891064830439e-01 6.031100153923034668e-01 6.585184254717961760e-01
6.010019779205322266e-01 6.560501017304306570e-01 6.013358235359191895e-01 6.535640814139633825e-01
5.971103906631469727e-01 6.567350370787107261e-01 6.129200458526611328e-01 6.500794997769639982e-01
5.998389720916748047e-01 6.538647375714269350e-01 5.875599980354309082e-01 6.537123244855279625e-01
6.048935651779174805e-01 6.521866354517442677e-01 6.040492653846740723e-01 6.492537148957758797e-01
6.081141233444213867e-01 6.494984961426264469e-01 6.195992231369018555e-01 6.449709068109038546e-01
6.044909358024597168e-01 6.548221161634684151e-01 6.097891926765441895e-01 6.548647706753971676e-01
6.064591407775878906e-01 6.507824845872000052e-01 6.086412072181701660e-01 6.478287897486200153e-01
6.111111044883728027e-01 6.495726764852660651e-01 6.201210618019104004e-01 6.418525498586665767e-01
6.061012744903564453e-01 6.471827435864598854e-01 6.075975894927978516e-01 6.457575018931918098e-01
6.140186190605163574e-01 6.459021053729703254e-01 6.205385327339172363e-01 6.436583777604633072e-01
6.173287034034729004e-01 6.476160841564903015e-01 6.054059863090515137e-01 6.500273074070662682e-01
6.133029460906982422e-01 6.462158771059469675e-01 6.190774440765380859e-01 6.409694877255065482e-01
6.124530434608459473e-01 6.461095398601552908e-01 6.202254295349121094e-01 6.407764500527609597e-01
6.176865100860595703e-01 6.421869532924193713e-01 6.136506199836730957e-01 6.381021736808272227e-01
6.201019883155822754e-01 6.391281702262938680e-01 6.161552667617797852e-01 6.413888527067587164e-01
6.171944737434387207e-01 6.419390565403290116e-01 6.149029135704040527e-01 6.430405798099703141e-01
6.164788007736206055e-01 6.400440626951509060e-01 6.121895313262939453e-01 6.348981089692502522e-01
6.237251758575439453e-01 6.370629537913939933e-01 6.234606504440307617e-01 6.335111169595106784e-01
6.230542063713073730e-01 6.380462058116463941e-01 6.269046068191528320e-01 6.310280977099654853e-01
6.228752732276916504e-01 6.356850587462116176e-01 6.269046068191528320e-01 6.318514718812334729e-01
6.242172122001647949e-01 6.328570774489256090e-01 6.269046068191528320e-01 6.317827559492827927e-01
6.294954419136047363e-01 6.332621877597427451e-01 6.252348423004150391e-01 6.308695175557662571e-01
6.290481090545654297e-01 6.306863303772344276e-01 6.246086359024047852e-01 6.308991907409774447e-01
6.324029564857482910e-01 6.297540069479574676e-01 6.134418845176696777e-01 6.411874136156390236e-01
6.219359636306762695e-01 6.307443378542847423e-01 6.316009163856506348e-01 6.289997688416671950e-01
6.249328851699829102e-01 6.289922270179327812e-01 6.219995617866516113e-01 6.280494533857108319e-01
6.286455392837524414e-01 6.279902161180834774e-01 6.193905472755432129e-01 6.299108238091823964e-01
6.297190785408020020e-01 6.274778341581536134e-01 6.297224164009094238e-01 6.235519129805464633e-01
6.297190785408020020e-01 6.279187322324110143e-01 6.264871358871459961e-01 6.333758444234688367e-01
6.319109201431274414e-01 6.240461902427297813e-01 6.336881518363952637e-01 6.217447086232511522e-01
6.332527995109558105e-01 6.221714350165781227e-01 6.271133422851562500e-01 6.234947752290717071e-01
6.336106657981872559e-01 6.199916154972703319e-01 6.346274018287658691e-01 6.187494935981417976e-01
6.383968591690063477e-01 6.178224969366663544e-01 6.316009163856506348e-01 6.215743357690832749e-01
6.338790655136108398e-01 6.207803267233058531e-01 6.360884904861450195e-01 6.162545366865487262e-01
6.322240233421325684e-01 6.193394374497611654e-01 6.338968873023986816e-01 6.171353677075035460e-01
6.371891498565673828e-01 6.169745486118346500e-01 6.324357986450195312e-01 6.297508467092217677e-01
6.383968591690063477e-01 6.155549200772598706e-01 6.314965486526489258e-01 6.209730056326963066e-01
6.373680233955383301e-01 6.151195809759678612e-01 6.396368145942687988e-01 6.178012160587051937e-01
6.424673199653625488e-01 6.108313911842903066e-01 6.344187259674072266e-01 6.226189043571147552e-01
6.422436833381652832e-01 6.126444034956930462e-01 6.354623436927795410e-01 6.191826427413337219e-01
6.404097080230712891e-01 6.117423110004827080e-01 6.460029482841491699e-01 6.083234761557979597e-01
6.436303257942199707e-01 6.104163350882353400e-01 6.336881518363952637e-01 6.187652020781853057e-01
6.412149071693420410e-01 6.119991553919668092e-01 6.479858160018920898e-01 6.076833348487220565e-01
6.507425308227539062e-01 6.048574426302566476e-01 6.376539468765258789e-01 6.156674914234641083e-01
6.447933316230773926e-01 6.065342900236426749e-01 6.413066387176513672e-01 6.109232288814242517e-01
6.394256353378295898e-01 6.151300050700835298e-01 6.472552418708801270e-01 6.074994070324413187e-01
6.425567865371704102e-01 6.062484089772375295e-01 6.461072564125061035e-01 6.072332615072059125e-01
6.439434885978698730e-01 6.088007060695278527e-01 6.452723741531372070e-01 6.097704384501605457e-01
6.481481194496154785e-01 6.035502570156207058e-01 6.434982419013977051e-01 6.042989575895231225e-01
6.467614769935607910e-01 6.050953907496516848e-01 6.440200209617614746e-01 6.152334249460033044e-01
6.272588968276977539e-01 6.281104065860442232e-01 6.355667114257812500e-01 6.223094717392815278e-01
6.369207501411437988e-01 6.178154455440205695e-01 6.375495791435241699e-01 6.202892170174338915e-01
6.423331499099731445e-01 6.122086910361956846e-01 6.448549628257751465e-01 6.101778219274179849e-01
6.463589072227478027e-01 6.067759542670824180e-01 6.424546241760253906e-01 6.182778773390408267e-01
6.464036703109741211e-01 6.065044600158625565e-01 6.352536082267761230e-01 6.109667380700601891e-01
6.464483737945556641e-01 6.064518968562871981e-01 6.360884904861450195e-01 6.122435039728475470e-01
6.429146528244018555e-01 6.114220604377818002e-01 6.426633000373840332e-01 6.055261981285731121e-01
6.470298767089843750e-01 6.052403508987638237e-01 6.436026096343994141e-01 6.092304041081593180e-01
6.489085555076599121e-01 6.027361688214607494e-01 6.475683450698852539e-01 6.048858978384548113e-01
6.515029668807983398e-01 5.973442799504530276e-01 6.491338014602661133e-01 6.032848683485430019e-01
6.489980220794677734e-01 5.970231060009989488e-01 6.482989192008972168e-01 6.106152273722318391e-01
6.498926281929016113e-01 6.023142203424671770e-01 6.415153145790100098e-01 6.171855744751230111e-01
6.482375860214233398e-01 5.991146092040313675e-01 6.461072564125061035e-01 6.101208484090711037e-01
6.545893549919128418e-01 5.951548135862898548e-01 6.540388464927673340e-01 5.999473256598034654e-01
6.527554392814636230e-01 5.935492234977418624e-01 6.496555805206298828e-01 5.992102808978209127e-01
6.542762517929077148e-01 5.942455428426008934e-01 6.460029482841491699e-01 6.024937321412690006e-01
6.523081064224243164e-01 5.970648908086146900e-01 6.482989192008972168e-01 6.051557441763976142e-01
6.539183855056762695e-01 5.942405643990393838e-01 6.521602869033813477e-01 6.024530528980613919e-01
6.562891602516174316e-01 5.882638294318426331e-01 6.452723741531372070e-01 6.092927058164572252e-01
6.537395119667053223e-01 5.912327461196604794e-01 6.534126400947570801e-01 5.971820182776406138e-01
6.591519117355346680e-01 5.921946951050006680e-01 6.521602869033813477e-01 6.025076178836563656e-01
6.579442024230957031e-01 5.955623628138045911e-01 6.580045819282531738e-01 5.940749204325491695e-01
6.557076573371887207e-01 5.897806080984373533e-01 6.598831415176391602e-01 5.953985990972365805e-01
6.597334146499633789e-01 5.859491445336109106e-01 6.562304496765136719e-01 5.937970541285413351e-01
6.636697053909301758e-01 5.829763776032991229e-01 6.467334628105163574e-01 6.001347203613994763e-01
6.611200571060180664e-01 5.879025386343447179e-01 6.594656705856323242e-01 5.961150470891692921e-01
6.582125425338745117e-01 5.892368993385466158e-01 6.533082723617553711e-01 6.004323631406850437e-01
6.621041297912597656e-01 5.829646356802418161e-01 6.492381691932678223e-01 6.000058858361281278e-01
6.620594263076782227e-01 5.846478756371199514e-01 6.610311269760131836e-01 5.919915144091681958e-01
6.622830629348754883e-01 5.826055485375943865e-01 6.606136560440063477e-01 5.918685754314391145e-01
6.655483841896057129e-01 5.831233238913672290e-01 6.543518900871276855e-01 5.963083466939104182e-01
6.591966152191162109e-01 5.870672229428819389e-01 6.519515514373779297e-01 5.957279249114448838e-01
6.695294380187988281e-01 5.774009928419202575e-01 6.498643159866333008e-01 5.935533904153452722e-01
6.639828085899353027e-01 5.805762415069611881e-01 6.606136560440063477e-01 5.939556961889631559e-01
6.638038754463195801e-01 5.839158615351022208e-01 6.543518900871276855e-01 5.948974245700824337e-01
6.629540324211120605e-01 5.837918888970123898e-01 6.562304496765136719e-01 5.952912760512412138e-01
6.639381051063537598e-01 5.835185658528608821e-01 6.597787737846374512e-01 5.914392156930389222e-01
6.706924438476562500e-01 5.747781766294942640e-01 6.628052592277526855e-01 5.874826246252440320e-01
6.657273173332214355e-01 5.774600289283444710e-01 6.432895064353942871e-01 6.069536871836445080e-01
6.603149175643920898e-01 5.896182691694734634e-01 6.456898450851440430e-01 6.089670538305116398e-01
6.612095236778259277e-01 5.809138776215569955e-01 6.671884655952453613e-01 5.828964798193191355e-01
