5.035784840583801270e-01 7.009850962897024029e-01 5.032352209091186523e-01 6.939399513862894997e-01
5.019681453704833984e-01 7.030604387741649086e-01 5.026090741157531738e-01 6.939251094316296609e-01
5.015655755996704102e-01 7.026701361916747324e-01 5.022959709167480469e-01 6.939100904794158753e-01
5.002683997154235840e-01 7.041968236905471468e-01 5.025047063827514648e-01 6.938954791677344192e-01
5.006262063980102539e-01 7.034794761810774233e-01 5.022959709167480469e-01 6.938811949538029600e-01
5.012971758842468262e-01 7.020352054610621284e-01 5.026090741157531738e-01 6.938676177223697117e-01
5.030416846275329590e-01 7.017763394280523981e-01 5.026090741157531738e-01 6.938540734968063894e-01
4.993290305137634277e-01 7.034420891169850254e-01 5.031308531761169434e-01 6.938404249289020775e-01
4.953927397727966309e-01 7.035100052983374042e-01 5.026090741157531738e-01 6.938262708349830499e-01
4.997763335704803467e-01 7.026712640088152995e-01 5.026090741157531738e-01 6.938126625011470372e-01
5.064412355422973633e-01 7.010382207503449425e-01 5.031308531761169434e-01 6.937991990174213752e-01
4.991948604583740234e-01 7.027318558895133682e-01 5.030264854431152344e-01 6.937850658616400157e-01
5.001341700553894043e-01 7.031012529187007365e-01 5.035483241081237793e-01 6.937719152183230431e-01
5.072463750839233398e-01 7.011105633204302023e-01 5.039657950401306152e-01 6.937588557796919853e-01
4.978081881999969482e-01 7.034758529353385414e-01 5.040701031684875488e-01 6.937453075108163114e-01
4.975398182868957520e-01 7.044195999269899922e-01 5.040701031684875488e-01 6.937318702526367176e-01
4.989711940288543701e-01 7.022042756090012272e-01 5.042788386344909668e-01 6.937191652694293387e-01
5.004473328590393066e-01 7.021454937408128094e-01 5.041744709014892578e-01 6.937061233849944886e-01
5.000894665718078613e-01 7.024908012046138239e-01 5.041744709014892578e-01 6.936932291374453552e-01
5.022365450859069824e-01 7.020842858601350489e-01 5.039657950401306152e-01 6.936811251397472233e-01
5.037126541137695312e-01 7.024529521911936358e-01 5.046963095664978027e-01 6.936691478656792365e-01
5.001341700553894043e-01 7.025193776698717141e-01 5.038614273071289062e-01 6.936560022485104282e-01
5.005815029144287109e-01 7.026884405338651440e-01 5.037570595741271973e-01 6.936435965948277715e-01
4.964662790298461914e-01 7.034574615910561546e-01 5.048006772994995117e-01 6.936313315862107087e-01
5.079620480537414551e-01 7.009216170550714997e-01 5.055311918258666992e-01 6.936190490731614089e-01
5.013866424560546875e-01 7.024115956753177459e-01 5.061573982238769531e-01 6.936074361948448841e-01
4.986580908298492432e-01 7.039021072287021674e-01 5.056355595588684082e-01 6.935950024121491087e-01
5.027285814285278320e-01 7.016629736119337490e-01 5.052180886268615723e-01 6.935832048850875120e-01
4.982554912567138672e-01 7.019831007954728808e-01 5.049050450325012207e-01 6.935710420043202928e-01
5.075594782829284668e-01 7.007923790627460514e-01 5.044875741004943848e-01 6.935596807320016932e-01
5.028180480003356934e-01 7.026785016699753639e-01 5.042788386344909668e-01 6.935483974520684214e-01
5.014314055442810059e-01 7.035187629899178896e-01 5.039657950401306152e-01 6.935364441517324341e-01
4.966451823711395264e-01 7.031159105316260316e-01 5.035483241081237793e-01 6.935251065794447722e-01
5.008051395416259766e-01 7.018767212750681717e-01 5.032352209091186523e-01 6.935132767307661261e-01
4.938271641731262207e-01 7.035308425446532565e-01 5.027134418487548828e-01 6.935016377761951123e-01
4.996421635150909424e-01 7.034167965807754941e-01 5.025047063827514648e-01 6.934898741383115350e-01
4.986580908298492432e-01 7.030666279417390196e-01 5.017741322517395020e-01 6.934780014429627881e-01
4.966451823711395264e-01 7.037041436732188737e-01 5.019828677177429199e-01 6.934670449124326064e-01
4.963768124580383301e-01 7.030303853636117317e-01 5.022959709167480469e-01 6.934561020420777488e-01
5.027732849121093750e-01 7.023703290623145579e-01 5.022959709167480469e-01 6.934454123577228346e-01
4.999105334281921387e-01 7.030989940530351090e-01 5.020872354507446289e-01 6.934347445072547300e-01
5.033547878265380859e-01 7.023132260422904061e-01 5.025047063827514648e-01 6.934241205111746353e-01
4.989264607429504395e-01 7.021052828093593545e-01 5.013567209243774414e-01 6.934141292250547428e-01
4.965110123157501221e-01 7.028048176802981217e-01 5.009392499923706055e-01 6.934032375741367993e-01
5.059044361114501953e-01 7.021773909707682559e-01 5.007305145263671875e-01 6.933927682814083893e-01
5.059939026832580566e-01 7.014564436457626506e-01 5.005218386650085449e-01 6.933821725885147558e-01
5.068438053131103516e-01 7.010363498107758939e-01 5.001043677330017090e-01 6.933709912746989223e-01
5.002683997154235840e-01 7.021173409495078399e-01 5.000000000000000000e-01 6.933605304915878564e-01
4.976739883422851562e-01 7.034458861429504495e-01 5.003131031990051270e-01 6.933500575660986875e-01
5.016550421714782715e-01 7.025104114526840027e-01 5.021916031837463379e-01 6.933397693515594984e-01
5.013419389724731445e-01 7.025369429208656591e-01 5.033395886421203613e-01 6.933294256876565420e-01
4.956611096858978271e-01 7.030069039810277198e-01 5.018784999847412109e-01 6.933188022140968076e-01
5.036678910255432129e-01 7.014182187679479652e-01 5.018784999847412109e-01 6.933084543824717949e-01
4.990606606006622314e-01 7.029439805978354716e-01 5.038614273071289062e-01 6.932987046500532768e-01
4.984344244003295898e-01 7.028354110946423150e-01 5.034439563751220703e-01 6.932879860404637107e-01
4.968241155147552490e-01 7.028470124684755849e-01 5.036526918411254883e-01 6.932781555786483585e-01
5.008051395416259766e-01 7.012371896503009072e-01 5.039657950401306152e-01 6.932684122160017726e-01
4.990159273147583008e-01 7.030712202828565127e-01 5.034439563751220703e-01 6.932583564732622827e-01
5.011630058288574219e-01 7.026030221721698554e-01 5.044875741004943848e-01 6.932482241066431072e-01
5.003131031990051270e-01 7.022366502839991753e-01 5.060530304908752441e-01 6.932385193856218653e-01
4.968241155147552490e-01 7.034903129645719844e-01 5.057399272918701172e-01 6.932289816098580193e-01
5.036678910255432129e-01 7.012633425239417351e-01 5.052180886268615723e-01 6.932194521197743153e-01
5.036678910255432129e-01 7.009971605940098494e-01 5.049050450325012207e-01 6.932097819473020950e-01
5.011630058288574219e-01 7.026551176448438962e-01 5.050094127655029297e-01 6.931999632421950164e-01
5.005367398262023926e-01 7.033258108957057830e-01 5.054268240928649902e-01 6.931902446121792627e-01
4.972714185714721680e-01 7.032359919643589308e-01 5.052180886268615723e-01 6.931796824601168527e-01
4.933798611164093018e-01 7.027188279607851085e-01 5.054268240928649902e-01 6.931699714066463791e-01
5.063070058822631836e-01 7.005935759445405253e-01 5.050094127655029297e-01 6.931604598191057898e-01
4.980765879154205322e-01 7.021265587454341706e-01 5.046963095664978027e-01 6.931508312118846993e-01
4.979871213436126709e-01 7.024895658666235887e-01 5.048006772994995117e-01 6.931406248837516104e-01
5.000000000000000000e-01 7.016470927547141523e-01 5.045919418334960938e-01 6.931313036553572449e-01
5.033100843429565430e-01 7.009473828557865049e-01 5.050094127655029297e-01 6.931215359581908153e-01
5.025496482849121094e-01 7.027307443359410710e-01 5.052180886268615723e-01 6.931116881412345831e-01
5.080515146255493164e-01 7.004025544158716254e-01 5.051137804985046387e-01 6.931022104304310760e-01
5.057702660560607910e-01 7.018454051077482880e-01 5.051137804985046387e-01 6.930937205070594187e-01
5.004920363426208496e-01 7.017109130976941778e-01 5.049050450325012207e-01 6.930849535110423787e-01
4.993737637996673584e-01 7.024151920994997633e-01 5.046963095664978027e-01 6.930761494160793124e-01
4.980318546295166016e-01 7.028335717543866545e-01 5.044875741004943848e-01 6.930673780906078107e-01
5.010288357734680176e-01 7.012735403038389270e-01 5.042788386344909668e-01 6.930584312729386465e-01
4.987475275993347168e-01 7.026595198461846881e-01 5.041744709014892578e-01 6.930501804523989673e-01
4.988369941711425781e-01 7.018908632315640217e-01 5.048006772994995117e-01 6.930418195417942240e-01
5.018339753150939941e-01 7.014283883825442878e-01 5.051137804985046387e-01 6.930334456179441105e-01
4.994184970855712891e-01 7.013061750359602664e-01 5.074097514152526855e-01 6.930244847793117779e-01
4.989711940288543701e-01 7.020758550289514233e-01 5.074097514152526855e-01 6.930161214676014980e-01
5.028180480003356934e-01 7.014321747225455983e-01 5.072010159492492676e-01 6.930067316895112128e-01
5.029522180557250977e-01 7.014513844815791765e-01 5.074097514152526855e-01 6.929980090081977462e-01
5.012524724006652832e-01 7.008035659662062988e-01 5.073053836822509766e-01 6.929893827070101597e-01
4.985238909721374512e-01 7.022863654314799309e-01 5.062617659568786621e-01 6.929802642165183713e-01
4.979423880577087402e-01 7.021132602549170487e-01 5.061573982238769531e-01 6.929720969370326555e-01
4.935140311717987061e-01 7.033668962739025865e-01 5.062617659568786621e-01 6.929646220219157771e-01
4.959295094013214111e-01 7.032940977800081761e-01 5.059486627578735352e-01 6.929570847775836651e-01
4.933351278305053711e-01 7.023670476927785788e-01 5.059486627578735352e-01 6.929485906989308885e-01
5.023707151412963867e-01 7.015401915630259388e-01 5.058442950248718262e-01 6.929402700970401785e-01
5.008499026298522949e-01 7.018308343369454860e-01 5.055311918258666992e-01 6.929328263589719095e-01
5.018339753150939941e-01 7.014929495443916752e-01 5.053224563598632812e-01 6.929248785504814601e-01
5.028627514839172363e-01 7.012847364322084553e-01 5.054268240928649902e-01 6.929174290522481794e-01
5.023260116577148438e-01 7.010097035058049375e-01 5.053224563598632812e-01 6.929097008889265608e-01
5.076042413711547852e-01 6.995332581900083335e-01 5.050094127655029297e-01 6.929020730246334692e-01
5.015208721160888672e-01 7.014955067212262918e-01 5.048006772994995117e-01 6.928946146559948893e-01
5.026391148567199707e-01 7.010499749164031957e-01 5.053224563598632812e-01 6.928868946290618336e-01
