5.688405632972717285e-01 6.802584123240320579e-01 5.943435430526733398e-01 6.633837927833426962e-01
5.840937495231628418e-01 6.691258062849660959e-01 5.957002639770507812e-01 6.666877213387318868e-01
5.913401246070861816e-01 6.653887957446497081e-01 5.940304994583129883e-01 6.640281994117374076e-01
6.021202206611633301e-01 6.596025175070544533e-01 6.093717217445373535e-01 6.555298928103748812e-01
5.986759662628173828e-01 6.592749590352431355e-01 6.080150008201599121e-01 6.564756022492920229e-01
6.028806567192077637e-01 6.575922474896978009e-01 6.040492653846740723e-01 6.546815006624953082e-01
6.069064140319824219e-01 6.545499303320009288e-01 6.149029135704040527e-01 6.510582076958290054e-01
6.131240129470825195e-01 6.517395824753847711e-01 6.149029135704040527e-01 6.481146167375130274e-01
6.124530434608459473e-01 6.487567335724467865e-01 6.229388713836669922e-01 6.471116013453266369e-01
6.102164983749389648e-01 6.473422812677535054e-01 6.051972508430480957e-01 6.510749060658268528e-01
6.172392368316650391e-01 6.430631062280174337e-01 6.203297972679138184e-01 6.420511279517189251e-01
6.140633225440979004e-01 6.448784851178988031e-01 6.147986054420471191e-01 6.454823496719412912e-01
6.204150915145874023e-01 6.415518154012728180e-01 6.193905472755432129e-01 6.397774992221034740e-01
6.213096976280212402e-01 6.380610163447724137e-01 6.193905472755432129e-01 6.335057254575086061e-01
6.214886307716369629e-01 6.398065232125734747e-01 6.301398277282714844e-01 6.303065507030267689e-01
6.290928721427917480e-01 6.339719911597671009e-01 6.316009163856506348e-01 6.306023291669641262e-01
6.291375756263732910e-01 6.336056457838787903e-01 6.311834454536437988e-01 6.287442555484281659e-01
6.267221570014953613e-01 6.338753173210087688e-01 6.317052841186523438e-01 6.306533847689205219e-01
6.304795145988464355e-01 6.311849060287243462e-01 6.328532695770263672e-01 6.281094398435832504e-01
6.320003867149353027e-01 6.295232381008459832e-01 6.344187259674072266e-01 6.298872679814095932e-01
6.339685320854187012e-01 6.262425095093530070e-01 6.402630209922790527e-01 6.222702924529935897e-01
6.352209448814392090e-01 6.260750120431370913e-01 6.320183873176574707e-01 6.280340269671380593e-01
6.363392472267150879e-01 6.232905314292436216e-01 6.357753872871398926e-01 6.243066169901596574e-01
6.400966048240661621e-01 6.211608165832085415e-01 6.446462273597717285e-01 6.217875785082174200e-01
6.320450901985168457e-01 6.247129296335045545e-01 6.478814482688903809e-01 6.162971821614581236e-01
6.406334042549133301e-01 6.187639491015031190e-01 6.366103291511535645e-01 6.235161052320477015e-01
6.395598649978637695e-01 6.209667784665603429e-01 6.376539468765258789e-01 6.154588002721642637e-01
6.447933316230773926e-01 6.156124139988138344e-01 6.305572986602783203e-01 6.221903470482663678e-01
6.456879377365112305e-01 6.126989554283891470e-01 6.293049454689025879e-01 6.266165278296808028e-01
6.473429799079895020e-01 6.130254232493127509e-01 6.488206982612609863e-01 6.113242801209626265e-01
6.433172225952148438e-01 6.123318267137339843e-01 6.450636386871337891e-01 6.140330318517810415e-01
6.484165191650390625e-01 6.108177346926423334e-01 6.464203596115112305e-01 6.125914515296444485e-01
6.456432342529296875e-01 6.120599193892083401e-01 6.529952287673950195e-01 6.064851378329585430e-01
6.507425308227539062e-01 6.080264590106041478e-01 6.417240500450134277e-01 6.181254019395863164e-01
6.502504944801330566e-01 6.055387073818185861e-01 6.456898450851440430e-01 6.056416149777377189e-01
6.558865904808044434e-01 5.999104525753287120e-01 6.524733901023864746e-01 6.034480623700280155e-01
6.502504944801330566e-01 6.033918416058575707e-01 6.537257432937622070e-01 6.023556424117839647e-01
6.562443971633911133e-01 6.022677161885963137e-01 6.540388464927673340e-01 6.006908684104301788e-01
6.592413783073425293e-01 5.977670653686687485e-01 6.582133173942565918e-01 5.988029149623187442e-01
6.578547358512878418e-01 5.984694871776196079e-01 6.465247273445129395e-01 6.117036820229347915e-01
6.547682881355285645e-01 5.978703515690455550e-01 6.519515514373779297e-01 5.972533704741367355e-01
6.648327112197875977e-01 5.940629746474953565e-01 6.462116241455078125e-01 6.086795683744132823e-01
6.625961661338806152e-01 5.957130124923432080e-01 6.534126400947570801e-01 6.057861732854347148e-01
6.631329655647277832e-01 5.956236719871851326e-01 6.525777578353881836e-01 6.076367020084474380e-01
6.557076573371887207e-01 5.953242093895219078e-01 6.618660092353820801e-01 5.937133016652986761e-01
6.639828085899353027e-01 5.916942580587899458e-01 6.550824642181396484e-01 5.992841174422861572e-01
6.660404205322265625e-01 5.891920667169003867e-01 6.584220528602600098e-01 5.937473690228630696e-01
6.701109409332275391e-01 5.873176937112656315e-01 6.608223915100097656e-01 5.960727890506712923e-01
6.644301414489746094e-01 5.847098388938917202e-01 6.728240251541137695e-01 5.825398041818317107e-01
6.666219234466552734e-01 5.816810820541647997e-01 6.652055978775024414e-01 5.878835069040893035e-01
6.649221777915954590e-01 5.876994875680784380e-01 6.584220528602600098e-01 5.943969390233556638e-01
6.669797897338867188e-01 5.823642579936281205e-01 6.671884655952453613e-01 5.853646941260638448e-01
6.696189045906066895e-01 5.823981967013303063e-01 6.682320833206176758e-01 5.859388522702700941e-01
6.738682985305786133e-01 5.787397417447971426e-01 6.732414960861206055e-01 5.849756193643720348e-01
6.740472316741943359e-01 5.752989225213526181e-01 6.663535833358764648e-01 5.882822083570942162e-01
6.756575703620910645e-01 5.785136139335264049e-01 6.673972010612487793e-01 5.816953078089613927e-01
6.786992549896240234e-01 5.729403195792392989e-01 6.702150106430053711e-01 5.836434018335718843e-01
6.759259104728698730e-01 5.750972247546037863e-01 6.593613028526306152e-01 5.946658202910617419e-01
6.814277768135070801e-01 5.728349727900899913e-01 6.640576124191284180e-01 5.902713103275462059e-01
6.783413887023925781e-01 5.722523264028365197e-01 6.659361124038696289e-01 5.869020693512655429e-01
6.815172433853149414e-01 5.685319541434435964e-01 6.745982170104980469e-01 5.807519714584979953e-01
6.742708683013916016e-01 5.739027188254673950e-01 6.658317446708679199e-01 5.871907854921208925e-01
6.804884672164916992e-01 5.715965291194912146e-01 6.692757010459899902e-01 5.871227826760622159e-01
6.780282855033874512e-01 5.688245154531980097e-01 6.801294088363647461e-01 5.764408016647731836e-01
6.830828189849853516e-01 5.647288714331406556e-01 6.777290701866149902e-01 5.745219725130296107e-01
6.834406852722167969e-01 5.660106817220058595e-01 6.668753623962402344e-01 5.831634851020552901e-01
6.864376664161682129e-01 5.617637944724866994e-01 6.800250411033630371e-01 5.758162622435857303e-01
6.805331707000732422e-01 5.642759197085461809e-01 6.766854524612426758e-01 5.778023922923610778e-01
6.821882128715515137e-01 5.629281500068796795e-01 6.734502315521240234e-01 5.764437195304737971e-01
6.847378611564636230e-01 5.624111582051665170e-01 6.854518651962280273e-01 5.691113610079532315e-01
6.877795457839965820e-01 5.591448810365464706e-01 6.769985556602478027e-01 5.768530986498652258e-01
6.825460791587829590e-01 5.650563068457292726e-01 6.725109815597534180e-01 5.742556917172239039e-01
6.888530850410461426e-01 5.584530661668776208e-01 6.773115992546081543e-01 5.768829559737420620e-01
6.876006722450256348e-01 5.609402136014343121e-01 6.806512475013732910e-01 5.733901154046963100e-01
6.886741518974304199e-01 5.578079347342578265e-01 6.837821006774902344e-01 5.724169805387793186e-01
6.908212304115295410e-01 5.548962039413425362e-01 6.736589670181274414e-01 5.777646966902155734e-01
6.891662478446960449e-01 5.578528207430666352e-01 6.799206733703613281e-01 5.828987008543458082e-01
6.940418481826782227e-01 5.527955542781267662e-01 6.762679815292358398e-01 5.739668592658229151e-01
6.871533393859863281e-01 5.587330418103153562e-01 6.839908361434936523e-01 5.687529756589414509e-01
6.917605996131896973e-01 5.541067711567704279e-01 6.801294088363647461e-01 5.715225283324756322e-01
6.933708786964416504e-01 5.510844569296673434e-01 6.805468797683715820e-01 5.670554398544843666e-01
6.947128176689147949e-01 5.482513552531933509e-01 6.878522038459777832e-01 5.649992691726580807e-01
6.936392784118652344e-01 5.557169468890449382e-01 6.880609393119812012e-01 5.650714387029776020e-01
6.941760778427124023e-01 5.507930193098399263e-01 6.919223666191101074e-01 5.627574949019688022e-01
6.935945749282836914e-01 5.477508439704587007e-01 6.916092634201049805e-01 5.639040460543750521e-01
6.946681141853332520e-01 5.456148727376551877e-01 6.749113202095031738e-01 5.777268007885959511e-01
6.981123685836791992e-01 5.473042331338675570e-01 6.772072911262512207e-01 5.703419997457720436e-01
6.934156417846679688e-01 5.511924528141400881e-01 6.737633347511291504e-01 5.665750391322569302e-01
6.990964412689208984e-01 5.425190951406561046e-01 6.793988943099975586e-01 5.747028068345614304e-01
6.973072290420532227e-01 5.416199220146128424e-01 6.888958215713500977e-01 5.672962844085653877e-01
7.003936171531677246e-01 5.393860984902237865e-01 6.857649683952331543e-01 5.622341029705222315e-01
6.959205865859985352e-01 5.475312512235321893e-01 6.766854524612426758e-01 5.747195479143788477e-01
6.981570720672607422e-01 5.437789266086857642e-01 6.823210120201110840e-01 5.705657312104159828e-01
6.981123685836791992e-01 5.423227403026975590e-01 6.917136311531066895e-01 5.585140250615450164e-01
7.018250226974487305e-01 5.398052111894591221e-01 6.815904974937438965e-01 5.675737597304877369e-01
7.005725502967834473e-01 5.406621487564254869e-01 6.784595847129821777e-01 5.721460010034509214e-01
6.952496170997619629e-01 5.454603816682696005e-01 6.677103042602539062e-01 5.925268905442981904e-01
6.974413990974426270e-01 5.470243991434435848e-01 6.918179988861083984e-01 5.610102863457078204e-01
7.089372277259826660e-01 5.292947556917474428e-01 6.894176602363586426e-01 5.610712186525321776e-01
7.038826346397399902e-01 5.346557369735974730e-01 6.844082474708557129e-01 5.635032640247945590e-01
