5.003578662872314453e-01 4.692073658511301204e+00 5.009392499923706055e-01 7.889606598846301555e-01
4.971372485160827637e-01 8.865067706719816920e-01 5.016698241233825684e-01 1.082324645731748234e+02
5.019234418869018555e-01 2.135380550197847782e+00 5.224379301071166992e-01 6.928680356497854964e-01
4.965557456016540527e-01 1.147028272790545422e+00 4.990607500076293945e-01 7.391439178895163886e-01
5.013419389724731445e-01 8.177386329476490356e-01 5.009392499923706055e-01 7.047649248610257100e-01
4.988369941711425781e-01 9.256029293796930180e-01 5.009392499923706055e-01 7.121837603053079446e-01
4.975398182868957520e-01 1.328446338152838413e+00 4.988520145416259766e-01 7.194299651720010846e-01
5.030416846275329590e-01 9.755446127327424000e-01 5.009392499923706055e-01 7.090319307232122448e-01
4.973161518573760986e-01 1.108128881898116536e+00 4.990607500076293945e-01 6.993357345097946931e-01
4.991053938865661621e-01 7.621795366373060876e-01 4.992694556713104248e-01 7.930759540357611437e-01
5.028627514839172363e-01 1.093626749304373647e+00 4.990607500076293945e-01 6.934408242681086021e-01
4.956611096858978271e-01 8.976040681949730704e-01 5.017741322517395020e-01 6.931862159179411620e-01
4.982107579708099365e-01 8.295280946604274286e-01 4.981214702129364014e-01 4.694811866268985057e+00
4.949007034301757812e-01 8.456511801439654530e-01 4.990607500076293945e-01 6.983907461863075872e-01
5.056807994842529297e-01 8.691442066323332716e-01 4.990607500076293945e-01 6.985754958400396397e-01
5.011182427406311035e-01 8.167237431040218487e-01 5.009392499923706055e-01 1.701053945437474901e+00
5.020576119422912598e-01 1.460370620752963644e+00 5.009392499923706055e-01 1.346707361099292566e+00
5.044283270835876465e-01 8.796635460162508524e-01 5.009392499923706055e-01 7.131262223796689392e-01
5.002236366271972656e-01 7.776090554995663817e-01 5.009392499923706055e-01 9.187330918729094131e-01
4.974056184291839600e-01 7.605918545717842427e-01 5.009392499923706055e-01 7.229089521087801451e-01
5.039810538291931152e-01 7.499611433705397623e-01 5.009392499923706055e-01 6.953186695970341447e-01
5.006262063980102539e-01 8.267484528047067682e-01 4.990607500076293945e-01 6.949145979907164206e-01
5.013419389724731445e-01 8.445989337051078572e-01 5.009392499923706055e-01 7.268147169112960659e-01
4.987027943134307861e-01 6.970394492618596782e-01 5.009392499923706055e-01 7.067068141677688153e-01
4.992842972278594971e-01 6.978732339489926995e-01 4.990607500076293945e-01 6.946343368390138773e-01
5.001341700553894043e-01 6.959806559529068126e-01 5.009392499923706055e-01 6.953862383106361733e-01
4.975845515727996826e-01 6.966444953841500753e-01 4.990607500076293945e-01 7.015743451187143043e-01
4.958400428295135498e-01 6.975012952386853149e-01 4.990607500076293945e-01 6.941187075447922128e-01
4.952138066291809082e-01 6.956146639283685706e-01 4.990607500076293945e-01 7.436206104535942885e-01
4.971372485160827637e-01 6.971444421557625448e-01 4.990607500076293945e-01 6.963360729607678268e-01
4.988817274570465088e-01 6.964707087374134575e-01 4.990607500076293945e-01 6.931877336778762277e-01
5.035337209701538086e-01 6.959331030601635382e-01 4.990607500076293945e-01 7.650395101431988198e-01
5.024154782295227051e-01 6.984987772946538165e-01 5.009392499923706055e-01 6.931460616459703683e-01
4.946770370006561279e-01 6.966340483504046555e-01 4.990607500076293945e-01 6.932014420370398167e-01
5.048756599426269531e-01 6.958897257452681950e-01 4.990607500076293945e-01 6.935163105462245348e-01
4.983449578285217285e-01 6.973995093498188691e-01 5.009392499923706055e-01 6.939693914030071742e-01
4.987027943134307861e-01 6.959000955883858364e-01 4.990607500076293945e-01 6.932812956274737592e-01
4.901592433452606201e-01 6.962192035527621226e-01 5.009392499923706055e-01 6.998759005269286071e-01
4.980765879154205322e-01 6.958248676373250952e-01 4.990607500076293945e-01 6.932707178993280372e-01
5.000000000000000000e-01 7.027366669516291742e-01 5.009392499923706055e-01 6.956190768449695971e-01
5.009840726852416992e-01 6.952893063279379504e-01 5.009392499923706055e-01 6.932142093494624291e-01
4.969135820865631104e-01 6.958140050774077601e-01 5.009392499923706055e-01 6.940411229990539610e-01
5.010735392570495605e-01 6.961615395089513214e-01 4.990607500076293945e-01 7.469799956631446580e-01
5.041152238845825195e-01 6.968201058114400492e-01 5.009392499923706055e-01 8.507117067590632686e-01
5.018786787986755371e-01 6.984200890534763007e-01 4.990607500076293945e-01 6.932228229484287407e-01
4.976292848587036133e-01 6.959762939252459590e-01 4.990607500076293945e-01 7.067245041570143771e-01
4.945875704288482666e-01 6.962444755915431216e-01 4.990607500076293945e-01 7.009736247635962592e-01
4.992395639419555664e-01 6.975795887283998686e-01 4.990607500076293945e-01 6.944333136243427962e-01
4.974950850009918213e-01 6.963920921519182183e-01 5.009392499923706055e-01 6.931465750595543485e-01
5.043388605117797852e-01 6.964898655465344701e-01 5.009392499923706055e-01 6.934540305598447807e-01
4.961084127426147461e-01 6.959877598475505689e-01 5.009392499923706055e-01 6.944809554763289317e-01
4.982107579708099365e-01 6.963418476972752513e-01 4.990607500076293945e-01 6.932175549727296326e-01
4.963320791721343994e-01 6.959435491020979914e-01 4.990607500076293945e-01 7.000568967675695475e-01
4.995526969432830811e-01 6.966163350422835965e-01 5.009392499923706055e-01 7.175832368515896453e-01
5.008499026298522949e-01 6.963658918313165858e-01 5.009392499923706055e-01 6.931481162582601163e-01
4.925746917724609375e-01 6.968459052270843390e-01 5.009392499923706055e-01 6.950351587543157628e-01
5.035337209701538086e-01 6.960598126914979700e-01 5.009392499923706055e-01 6.935637062537945985e-01
4.961531460285186768e-01 6.960063052211555856e-01 5.009392499923706055e-01 7.814599834561373193e-01
5.026838183403015137e-01 6.984549268752224815e-01 5.009392499923706055e-01 6.946738878985432297e-01
4.949007034301757812e-01 6.988519214201664997e-01 5.009392499923706055e-01 6.938775857563332927e-01
5.042493939399719238e-01 6.958661855792163120e-01 4.990607500076293945e-01 6.931684954110178820e-01
4.998210668563842773e-01 6.979700035668374714e-01 5.009392499923706055e-01 6.933656398823554445e-01
4.971372485160827637e-01 6.957020955491863834e-01 5.009392499923706055e-01 6.958960935059780306e-01
5.011630058288574219e-01 6.959449563540036632e-01 5.009392499923706055e-01 6.936017480754473885e-01
4.985238909721374512e-01 6.963923514198586684e-01 5.009392499923706055e-01 6.950862607361751877e-01
5.019234418869018555e-01 6.959919048498900418e-01 4.990607500076293945e-01 6.957155290786569690e-01
5.002236366271972656e-01 6.971508335994680561e-01 5.009392499923706055e-01 6.933748389778344734e-01
4.991053938865661621e-01 6.962426855645594825e-01 4.990607500076293945e-01 7.146304852403645436e-01
4.970477819442749023e-01 6.982233155752726184e-01 5.009392499923706055e-01 6.931559380771371570e-01
4.952585399150848389e-01 6.974682229472563000e-01 5.009392499923706055e-01 6.931458101270592254e-01
5.049203634262084961e-01 6.963539509914881132e-01 4.990607500076293945e-01 7.046610965432167362e-01
4.968241155147552490e-01 6.978278314092544177e-01 5.009392499923706055e-01 6.931846927586290397e-01
4.996868968009948730e-01 6.982557802491248244e-01 4.990607500076293945e-01 8.050780521755899199e-01
5.003131031990051270e-01 6.973897242166420263e-01 5.009392499923706055e-01 6.932023924642652934e-01
4.974056184291839600e-01 6.968778732915452689e-01 4.990607500076293945e-01 6.952514698823392125e-01
5.067096352577209473e-01 6.960369185463732844e-01 5.009392499923706055e-01 6.931519372506520504e-01
4.974503517150878906e-01 6.974484421823378133e-01 5.009392499923706055e-01 9.215548721615841599e-01
5.026838183403015137e-01 6.980640247056257852e-01 5.009392499923706055e-01 6.934278360415391251e-01
4.964662790298461914e-01 7.002160123644883827e-01 5.009392499923706055e-01 6.939909099114262014e-01
5.038915872573852539e-01 6.955598955782352766e-01 4.990607500076293945e-01 6.933597859747099301e-01
4.978081881999969482e-01 6.970521434088430279e-01 5.009392499923706055e-01 6.945493464752567903e-01
4.982554912567138672e-01 6.988182848735665642e-01 5.009392499923706055e-01 6.936469500185775683e-01
5.019234418869018555e-01 6.967271938266812459e-01 5.009392499923706055e-01 6.931549895907015424e-01
4.959295094013214111e-01 6.961025097199939893e-01 4.990607500076293945e-01 6.932470602049655151e-01
4.978081881999969482e-01 6.967551975690480237e-01 4.990607500076293945e-01 6.945325559426189788e-01
4.972266852855682373e-01 6.963382679845762091e-01 4.990607500076293945e-01 6.933162059721232895e-01
4.962426126003265381e-01 6.963952507715059914e-01 4.990607500076293945e-01 8.213000620886966585e-01
5.022365450859069824e-01 6.980620905461006886e-01 4.990607500076293945e-01 6.964380487572596756e-01
4.962426126003265381e-01 6.974542528513527628e-01 4.990607500076293945e-01 6.934961188538689703e-01
5.027285814285278320e-01 6.958550431366191669e-01 4.990607500076293945e-01 6.935427335552222239e-01
5.061728358268737793e-01 6.969914380244351948e-01 4.990607500076293945e-01 6.946892992262301281e-01
5.025496482849121094e-01 6.967539982881885141e-01 5.009392499923706055e-01 6.945230990828663575e-01
4.997763335704803467e-01 6.971152399003900380e-01 5.009392499923706055e-01 7.093438584628868337e-01
4.985238909721374512e-01 6.973694714776389469e-01 4.990607500076293945e-01 6.942653269589607046e-01
5.010288357734680176e-01 6.999167066222761191e-01 4.990607500076293945e-01 6.941707795235091405e-01
5.027285814285278320e-01 6.967331187885890120e-01 4.990607500076293945e-01 6.941140693803092843e-01
4.985238909721374512e-01 6.958615816882992577e-01 4.990607500076293945e-01 6.942747754708283869e-01
4.974056184291839600e-01 6.964453618862181949e-01 5.009392499923706055e-01 6.935322819037766928e-01
5.026838183403015137e-01 6.970762876624774229e-01 4.990607500076293945e-01 6.955752107002769469e-01
4.974950850009918213e-01 6.976347363022875614e-01 4.990607500076293945e-01 6.939386989174096687e-01
