5.164161920547485352e-01 6.975047695634616352e-01 5.562512874603271484e-01 6.882274186802765925e-01
5.328323245048522949e-01 6.889435996478605606e-01 5.726361870765686035e-01 6.803598787858724517e-01
5.568079948425292969e-01 6.818726619575249392e-01 5.863076448440551758e-01 6.751943207613189113e-01
5.602075457572937012e-01 6.795587213121728754e-01 5.893341898918151855e-01 6.726286942390030665e-01
5.724190473556518555e-01 6.761972851628671455e-01 5.982049703598022461e-01 6.689515334408807634e-01
5.762658715248107910e-01 6.725923805805028577e-01 5.967438817024230957e-01 6.664861658997437432e-01
5.844068527221679688e-01 6.699875291909487274e-01 5.971613526344299316e-01 6.650400141837625734e-01
5.789497494697570801e-01 6.694884810321423130e-01 6.041536331176757812e-01 6.637968885901078808e-01
5.904902219772338867e-01 6.668223504901550358e-01 6.107284426689147949e-01 6.604285817931574432e-01
5.925925970077514648e-01 6.658612183838586995e-01 6.014401912689208984e-01 6.594596949680641140e-01
5.971998572349548340e-01 6.642991433972897930e-01 6.085368394851684570e-01 6.577757363950402780e-01
5.974682569503784180e-01 6.611630221687845310e-01 6.074932217597961426e-01 6.564342023882928645e-01
5.942476391792297363e-01 6.620235687548667869e-01 6.121895313262939453e-01 6.561169133905925266e-01
5.991680026054382324e-01 6.602772973393856715e-01 6.067627072334289551e-01 6.565878803186092627e-01
5.974682569503784180e-01 6.608533807742742461e-01 6.106240749359130859e-01 6.543103440199533605e-01
6.026122570037841797e-01 6.566142884557502057e-01 6.139636635780334473e-01 6.532239935587702551e-01
6.057434082031250000e-01 6.585287899552101365e-01 6.119807958602905273e-01 6.526810333888531934e-01
6.039094924926757812e-01 6.573415637165601622e-01 6.151116490364074707e-01 6.526213054790349632e-01
6.018965840339660645e-01 6.555662966410148451e-01 6.133375167846679688e-01 6.515566847240270576e-01
6.052066683769226074e-01 6.566106024379699813e-01 6.134418845176696777e-01 6.504096719124351500e-01
6.066827774047851562e-01 6.540401389398777798e-01 6.160508990287780762e-01 6.498905653198137067e-01
6.074879169464111328e-01 6.526518224987324368e-01 6.173032522201538086e-01 6.484627144193878534e-01
6.094560623168945312e-01 6.543390194511004010e-01 6.181381940841674805e-01 6.478238392911308541e-01
6.107980012893676758e-01 6.529928124064003914e-01 6.156334877014160156e-01 6.490100077511845589e-01
6.068617105484008789e-01 6.519428652415102388e-01 6.190774440765380859e-01 6.475631470248286448e-01
6.137055158615112305e-01 6.513803706524901038e-01 6.160508990287780762e-01 6.462611605568187034e-01
6.139291524887084961e-01 6.506710419993555483e-01 6.224170327186584473e-01 6.462006492023552040e-01
6.119162440299987793e-01 6.496258100215128728e-01 6.163640022277832031e-01 6.441898912010997069e-01
6.156288981437683105e-01 6.503924663878656309e-01 6.161552667617797852e-01 6.441031333375539791e-01
6.167472004890441895e-01 6.477310775985315461e-01 6.187643408775329590e-01 6.440393473852703554e-01
6.202361583709716797e-01 6.470193861421990045e-01 6.212690472602844238e-01 6.429151057749147302e-01
6.155394315719604492e-01 6.465332536348440406e-01 6.232519149780273438e-01 6.439275303406497564e-01
6.144211888313293457e-01 6.476949117204587880e-01 6.235650181770324707e-01 6.422836781916601012e-01
6.227411031723022461e-01 6.458812379244082136e-01 6.231475472450256348e-01 6.404538610314457481e-01
6.186705827713012695e-01 6.445651302974965136e-01 6.213734149932861328e-01 6.393135325367728106e-01
6.195651888847351074e-01 6.453603411492945252e-01 6.205385327339172363e-01 6.401124139141622926e-01
6.243513822555541992e-01 6.426220398231617947e-01 6.237737536430358887e-01 6.383526862799761004e-01
6.222043037414550781e-01 6.428836069629195737e-01 6.240868568420410156e-01 6.368502435070118040e-01
6.226516366004943848e-01 6.420009149104159984e-01 6.263828277587890625e-01 6.375722475326576211e-01
6.207729578018188477e-01 6.421583720707343401e-01 6.261740922927856445e-01 6.364619454220823425e-01
6.218912005424499512e-01 6.421968231134624894e-01 6.299310922622680664e-01 6.355349194204800156e-01
6.257827877998352051e-01 6.399777992549363637e-01 6.275308132171630859e-01 6.351564360595500780e-01
6.251565814018249512e-01 6.378615597297305762e-01 6.255478858947753906e-01 6.369963627572200471e-01
6.217570304870605469e-01 6.399369577129532249e-01 6.258609890937805176e-01 6.342548705471057202e-01
6.243961453437805176e-01 6.392326634393904472e-01 6.269046068191528320e-01 6.356455488385100994e-01
6.236804723739624023e-01 6.380971555292638264e-01 6.280525922775268555e-01 6.321525828770171440e-01
6.260958909988403320e-01 6.375967070292350991e-01 6.296180486679077148e-01 6.325966838480560073e-01
6.255591511726379395e-01 6.367093881888431506e-01 6.294093132019042969e-01 6.316724891852695256e-01
6.282877326011657715e-01 6.356871865541782185e-01 6.297224164009094238e-01 6.301368837489934593e-01
6.326265931129455566e-01 6.335049110440923448e-01 6.319140195846557617e-01 6.301688819632254024e-01
6.303900480270385742e-01 6.350548700028741944e-01 6.271133422851562500e-01 6.302698907113677418e-01
6.251118183135986328e-01 6.354842435206640161e-01 6.325401663780212402e-01 6.310239746883601342e-01
6.284666061401367188e-01 6.330903445400989371e-01 6.325401663780212402e-01 6.294961627428926620e-01
6.304348111152648926e-01 6.332072993578137243e-01 6.350448727607727051e-01 6.288349145863604273e-01
6.285113692283630371e-01 6.325508158158735794e-01 6.328532695770263672e-01 6.274513393621856672e-01
6.296743750572204590e-01 6.335293510067246947e-01 6.352536082267761230e-01 6.272210672115189345e-01
6.283771991729736328e-01 6.342742416209836698e-01 6.338968873023986816e-01 6.261574339578007686e-01
6.324029564857482910e-01 6.314993564057465036e-01 6.335837841033935547e-01 6.262362849933821307e-01
6.343711018562316895e-01 6.296748322287918365e-01 6.320183873176574707e-01 6.254740242817734552e-01
6.336106657981872559e-01 6.288400126028239612e-01 6.325401663780212402e-01 6.276564357350897794e-01
6.316872239112854004e-01 6.301979554384162796e-01 6.389063000679016113e-01 6.244998194185534812e-01
6.336106657981872559e-01 6.289373822236961065e-01 6.380713582038879395e-01 6.237549255795480363e-01
6.348631381988525391e-01 6.286510066581680878e-01 6.364015936851501465e-01 6.237866067732084074e-01
6.353998780250549316e-01 6.277740632598270976e-01 6.356710791587829590e-01 6.235252514161189197e-01
6.323581933975219727e-01 6.289438407479553961e-01 6.347317695617675781e-01 6.243234285604627454e-01
6.344158053398132324e-01 6.273178663401383082e-01 6.360884904861450195e-01 6.240864923840847567e-01
6.359813809394836426e-01 6.263167670106265517e-01 6.310790777206420898e-01 6.217325282131697106e-01
6.379048228263854980e-01 6.257969785577006672e-01 6.367146968841552734e-01 6.199874585940329252e-01
6.348183751106262207e-01 6.248467240697861413e-01 6.376539468765258789e-01 6.205911852576443399e-01
6.350867748260498047e-01 6.254892157599674096e-01 6.320183873176574707e-01 6.233407627613104518e-01
6.343263387680053711e-01 6.257087076407763515e-01 6.347317695617675781e-01 6.232668560995883178e-01
6.390230655670166016e-01 6.250289472319567885e-01 6.381757259368896484e-01 6.205329503875712804e-01
6.379942893981933594e-01 6.244023024534620658e-01 6.385931968688964844e-01 6.169786844142068905e-01
6.383520960807800293e-01 6.222157914942674228e-01 6.404716968536376953e-01 6.168806282918106731e-01
6.369207501411437988e-01 6.251816752452205028e-01 6.429764032363891602e-01 6.180892883922630698e-01
6.358024477958679199e-01 6.212376922630287179e-01 6.367146968841552734e-01 6.166811112172169151e-01
6.415727138519287109e-01 6.227231914593124307e-01 6.373408436775207520e-01 6.178489775056507094e-01
6.411254405975341797e-01 6.204631432456307882e-01 6.407848000526428223e-01 6.167596088299743817e-01
6.380389928817749023e-01 6.190320860723153018e-01 6.422458887100219727e-01 6.158269967746197171e-01
6.398282051086425781e-01 6.197304701544897876e-01 6.450636386871337891e-01 6.161606242750761186e-01
6.422884464263916016e-01 6.201298196641250593e-01 6.407848000526428223e-01 6.166791079487737859e-01
6.395151019096374512e-01 6.205743262349311395e-01 6.436026096343994141e-01 6.145994223077320129e-01
6.406334042549133301e-01 6.198819006336121484e-01 6.432895064353942871e-01 6.144048800624702933e-01
6.395598649978637695e-01 6.167735416254858105e-01 6.418284177780151367e-01 6.132849721862786430e-01
6.384863257408142090e-01 6.203106941019066456e-01 6.413066387176513672e-01 6.135738406542621259e-01
6.426462531089782715e-01 6.189561044408374846e-01 6.431851387023925781e-01 6.119406233498707604e-01
6.434066891670227051e-01 6.172600260338004796e-01 6.415153145790100098e-01 6.140161253445035605e-01
6.446143984794616699e-01 6.147261762964553178e-01 6.431851387023925781e-01 6.122359592888206858e-01
6.430041193962097168e-01 6.162992083636010809e-01 6.447505950927734375e-01 6.109492532695864897e-01
6.426015496253967285e-01 6.157538746759404491e-01 6.434982419013977051e-01 6.125902480905923708e-01
6.423331499099731445e-01 6.161329390047530774e-01 6.463159918785095215e-01 6.101009491166250465e-01
6.421542167663574219e-01 6.156569457391141142e-01 6.425589919090270996e-01 6.094545740793603228e-01
6.455984711647033691e-01 6.138464513800185873e-01 6.404716968536376953e-01 6.158607920856870033e-01
6.439434885978698730e-01 6.146132186692395694e-01 6.457942128181457520e-01 6.077510818412970028e-01
6.432277560234069824e-01 6.125617293685295950e-01 6.447505950927734375e-01 6.055183147642613228e-01
6.402755379676818848e-01 6.143646638771783630e-01 6.448549628257751465e-01 6.073978965901004612e-01
6.453301310539245605e-01 6.131896313368516704e-01 6.466290950775146484e-01 6.098541734836167016e-01
6.440328955650329590e-01 6.117870694602574044e-01 6.420371532440185547e-01 6.081863187021762096e-01
6.467614769935607910e-01 6.109845175643282555e-01 6.448549628257751465e-01 6.085652876462599448e-01
6.473429799079895020e-01 6.103752426393856956e-01 6.456898450851440430e-01 6.053077435722382660e-01
